0.000000000000000000e+00,0.000000000000000000e+00,0.000000000000000000e+00,0.000000000000000000e+00
0.000000000000000000e+00,0.000000000000000000e+00,0.000000000000000000e+00,0.000000000000000000e+00
0.000000000000000000e+00,0.000000000000000000e+00,0.000000000000000000e+00,5.341539382934570312e-01
0.000000000000000000e+00,0.000000000000000000e+00,0.000000000000000000e+00,5.409419536590576172e-01
0.000000000000000000e+00,0.000000000000000000e+00,0.000000000000000000e+00,5.420150756835937500e-01
4.240861017024144530e-06,-5.670572863891720772e-05,7.962520612636581063e-06,5.471980571746826172e-01
5.833958311995957047e-06,-7.593233749503269792e-05,1.484562562836799771e-05,5.522210597991943359e-01
4.358131718618096784e-06,-8.870774763636291027e-05,2.791798033285886049e-05,5.575821399688720703e-01
4.533259925665333867e-06,-1.116136991186067462e-04,3.517038567224517465e-05,5.623950958251953125e-01
4.444998012331780046e-06,-1.383365161018446088e-04,4.132040703552775085e-05,5.674159526824951172e-01
4.042210093757603317e-06,-1.716664846753701568e-04,3.929139347746968269e-05,5.720639228820800781e-01
3.422693453103420325e-06,-2.060357073787599802e-04,4.058722697664052248e-05,5.772430896759033203e-01
2.554969569246168248e-06,-2.435213682474568486e-04,4.032501601614058018e-05,5.822310447692871094e-01
-2.649923953867983073e-05,-2.372951421421021223e-04,1.307626225752756000e-04,5.872309207916259766e-01
-2.676255462574772537e-05,-2.728966646827757359e-04,1.200155384140089154e-04,5.922260284423828125e-01
-2.657608274603262544e-05,-3.106641233898699284e-04,1.051472936524078250e-04,5.974709987640380859e-01
-2.606167254270985723e-05,-3.483851905912160873e-04,9.096128633245825768e-05,6.022131443023681641e-01
-2.533387851144652814e-05,-3.898614668287336826e-04,7.270344212884083390e-05,6.072189807891845703e-01
-2.420541022729594260e-05,-4.332566750235855579e-04,5.092763967695645988e-05,6.122300624847412109e-01
-5.528479050553869456e-06,-2.652014954946935177e-04,2.660600512172095478e-05,6.172361373901367188e-01
-5.357014742912724614e-06,-2.999951830133795738e-04,-8.515086733495991211e-07,6.222250461578369141e-01
-5.457971383293624967e-06,-3.360784903634339571e-04,-3.405663301236927509e-05,6.275551319122314453e-01
-5.754257927037542686e-06,-3.733826742973178625e-04,-7.158869993872940540e-05,6.323070526123046875e-01
-6.244889391382457688e-06,-4.146046994719654322e-04,-1.106489653466269374e-04,6.372370719909667969e-01
-6.866392141091637313e-06,-4.593127523548901081e-04,-1.533434260636568069e-04,6.422979831695556641e-01
-7.592603196826530620e-06,-5.068961763754487038e-04,-2.007493603741750121e-04,6.473870277404785156e-01
-3.744297828234266490e-06,-3.264187544118613005e-04,2.960382335004396737e-05,6.523060798645019531e-01
-3.962314167438307777e-06,-3.598126641009002924e-04,1.071991027856711298e-05,6.573629379272460938e-01
-4.054605597048066556e-06,-3.951455291826277971e-04,-1.165618323284434155e-05,6.624529361724853516e-01
-3.945569005736615509e-06,-4.353889089543372393e-04,-3.975966683356091380e-05,6.674299240112304688e-01
-3.583165835152612999e-06,-4.788056830875575542e-04,-6.664451211690902710e-05,6.722209453582763672e-01
-3.055870593016152270e-06,-5.259307217784225941e-04,-9.557733574183657765e-05,6.774129867553710938e-01
-4.085583896085154265e-06,-5.773827433586120605e-04,-1.200787010020576417e-04,6.824920177459716797e-01
4.003442882094532251e-05,-3.500062157399952412e-04,5.976616375846788287e-05,6.874639987945556641e-01
4.231209095451049507e-05,-3.830892092082649469e-04,5.268123641144484282e-05,6.923201084136962891e-01
4.701541547547094524e-05,-4.225065931677818298e-04,4.129167064093053341e-05,6.974840164184570312e-01
5.069623875897377729e-05,-4.622295091394335032e-04,3.300167009001597762e-05,7.023339271545410156e-01
5.471001350088045001e-05,-5.044213612563908100e-04,2.380633668508380651e-05,7.073791027069091797e-01
5.904930003453046083e-05,-5.492342752404510975e-04,1.443942255718866363e-05,7.122941017150878906e-01
6.369764741975814104e-05,-5.974337691441178322e-04,3.222677833036868833e-06,7.178051471710205078e-01
3.337763700983487070e-05,-4.106168926227837801e-04,-5.503039574250578880e-05,7.225420475006103516e-01
3.435357575654052198e-05,-4.509675491135567427e-04,-7.516989717260003090e-05,7.277109622955322266e-01
3.224326064810156822e-05,-4.950059228576719761e-04,-9.401521674590185285e-05,7.326619625091552734e-01
3.192803342244587839e-05,-5.402086535468697548e-04,-1.134512931457720697e-04,7.375609874725341797e-01
3.116692096227779984e-05,-5.887394072487950325e-04,-1.335174601990729570e-04,7.423229217529296875e-01
3.161297718179412186e-05,-6.405674503184854984e-04,-1.571608590893447399e-04,7.475810050964355469e-01
4.778696165885776281e-05,-3.853990056086331606e-04,-7.663650649192277342e-06,7.524981498718261719e-01
4.921489380649290979e-05,-4.173589113634079695e-04,-1.393258298776345327e-05,7.574820518493652344e-01
4.786190402228385210e-05,-4.541392554529011250e-04,-1.338172114628832787e-05,7.627730369567871094e-01
4.778519723913632333e-05,-4.934496246278285980e-04,-1.914911263156682253e-05,7.675571441650390625e-01
4.739849828183650970e-05,-5.362009978853166103e-04,-2.603006578283384442e-05,7.724881172180175781e-01
4.667591201723553240e-05,-5.835508345626294613e-04,-4.170398824498988688e-05,7.775580883026123047e-01
4.568411895888857543e-05,-6.332350312732160091e-04,-5.394825711846351624e-05,7.825191020965576172e-01
4.438259929884225130e-05,-6.862352020107209682e-04,-6.678548379568383098e-05,7.875740528106689453e-01
3.530785397742874920e-05,-3.938041627407073975e-04,-1.718943531159311533e-05,7.926039695739746094e-01
3.426063994993455708e-05,-4.275715909898281097e-04,-2.440957359794992954e-05,7.977221012115478516e-01
3.338865644764155149e-05,-4.648136964533478022e-04,-2.933806717919651419e-05,8.026330471038818359e-01
3.263104736106470227e-05,-5.087425815872848034e-04,-3.143151479889638722e-05,8.077220916748046875e-01
3.206586916348896921e-05,-5.540954880416393280e-04,-3.458464198047295213e-05,8.126311302185058594e-01
3.166038732160814106e-05,-6.018584244884550571e-04,-3.893618486472405493e-05,8.176679611206054688e-01
1.917751615110319108e-05,-3.926347126252949238e-04,7.352364627877250314e-05,8.226561546325683594e-01
1.802499355108011514e-05,-4.291163932066410780e-04,7.772180833853781223e-05,8.279459476470947266e-01
1.699871609162073582e-05,-4.676754469983279705e-04,8.233002154156565666e-05,8.327920436859130859e-01
1.610058279766235501e-05,-5.073228967376053333e-04,8.736830932321026921e-05,8.376929759979248047e-01
1.541131859994493425e-05,-5.443410482257604599e-04,9.048842912307009101e-05,8.424601554870605469e-01
1.483981486671837047e-05,-5.868923035450279713e-04,9.496039274381473660e-05,8.479509353637695312e-01
1.446241276426007971e-05,-6.323883426375687122e-04,9.985900396713986993e-05,8.528289794921875000e-01
3.624190867412835360e-05,-4.632077761925756931e-04,5.106303797219879925e-05,8.578231334686279297e-01
3.548986205714754760e-05,-5.061817355453968048e-04,5.127820259076543152e-05,8.629369735717773438e-01
3.435345206526108086e-05,-5.515172961167991161e-04,5.206941568758338690e-05,8.678140640258789062e-01
3.462244421825744212e-05,-5.942739662714302540e-04,5.388601130107417703e-05,8.727431297302246094e-01
3.425680552027188241e-05,-6.422538426704704762e-04,5.514050644706003368e-05,8.778121471405029297e-01
3.403453592909500003e-05,-6.936832796782255173e-04,5.580998185905627906e-05,8.827581405639648438e-01
3.388042023289017379e-05,-7.525434484705328941e-04,5.743205110775306821e-05,8.878221511840820312e-01
6.072130781831219792e-05,-4.212886851746588945e-04,5.783629603683948517e-06,8.927590847015380859e-01
6.305535498540848494e-05,-4.499060451053082943e-04,8.668685950397048146e-06,8.979120254516601562e-01
6.555390427820384502e-05,-4.800221940968185663e-04,1.388429518556222320e-05,9.028711318969726562e-01
6.811913772253319621e-05,-5.186886410228908062e-04,1.484022686781827360e-05,9.077870845794677734e-01
7.091020961524918675e-05,-5.557147669605910778e-04,1.729501491354312748e-05,9.129190444946289062e-01
7.386437209788709879e-05,-5.951836938038468361e-04,1.957020867848768830e-05,9.178831577301025391e-01
5.676126966136507690e-05,-4.337983555160462856e-04,3.819942503469064832e-05,9.228479862213134766e-01
5.794014577986672521e-05,-4.695464740507304668e-04,3.696927524288184941e-05,9.280419349670410156e-01
5.923396747675724328e-05,-5.093989311717450619e-04,3.536225995048880577e-05,9.329969882965087891e-01
5.475690704770386219e-05,-5.552027723751962185e-04,3.354525324539281428e-05,9.378499984741210938e-01
5.273588249110616744e-05,-6.010920042172074318e-04,3.221114820917136967e-05,9.429371356964111328e-01
4.989317312720231712e-05,-6.501337629742920399e-04,3.167325849062763155e-05,9.478840827941894531e-01
4.970079680788330734e-05,-6.983812781982123852e-04,3.172112701577134430e-05,9.529869556427001953e-01
5.650094681186601520e-05,-4.113557515665888786e-04,5.322027936927042902e-05,9.578459262847900391e-01
5.612918175756931305e-05,-4.409886896610260010e-04,5.140376742929220200e-05,9.631221294403076172e-01
5.588843487203121185e-05,-4.768469370901584625e-04,6.083515836508013308e-05,9.678959846496582031e-01
5.582831727224402130e-05,-5.102971335873007774e-04,6.585053051821887493e-05,9.731481075286865234e-01
5.596943810814991593e-05,-5.434260237962007523e-04,7.406872464343905449e-05,9.780220985412597656e-01
5.641612733597867191e-05,-5.713226273655891418e-04,8.157775300787761807e-05,9.829370975494384766e-01
5.694475476047955453e-05,-6.059643346816301346e-04,9.002110164146870375e-05,9.880020618438720703e-01
5.761099600931629539e-05,-6.443228921853005886e-04,9.832915384322404861e-05,9.929800033569335938e-01
5.840955054736696184e-05,-6.868539494462311268e-04,1.068534911610186100e-04,9.979989528656005859e-01
5.946441524429246783e-05,-7.257623947225511074e-04,1.156654034275561571e-04,1.003018140792846680e+00
6.055676203686743975e-05,-7.742955931462347507e-04,1.251924986718222499e-04,1.007997989654541016e+00
6.179420597618445754e-05,-8.263065828941762447e-04,1.363358605885878205e-04,1.012985944747924805e+00
6.304518319666385651e-05,-8.885228307917714119e-04,1.460138591937720776e-04,1.018006086349487305e+00
6.451917579397559166e-05,-9.494657861068844795e-04,1.563534606248140335e-04,1.023020982742309570e+00
5.256726217339746654e-05,-4.669690679293125868e-04,3.166729220538400114e-05,1.028252124786376953e+00
5.017294097342528403e-05,-5.023402045480906963e-04,2.384350409556645900e-05,1.032987117767333984e+00
4.885936505161225796e-05,-5.439988453872501850e-04,1.677412728895433247e-05,1.037991046905517578e+00
4.711960718850605190e-05,-5.917163216508924961e-04,7.851841473893728107e-06,1.043018102645874023e+00
4.661112325266003609e-05,-6.500221206806600094e-04,-1.466726189391920343e-06,1.047992944717407227e+00
4.560147135634906590e-05,-7.076154579408466816e-04,-1.111794426833512262e-05,1.053091049194335938e+00
4.472154978429898620e-05,-7.688916521146893501e-04,-2.101554309774655849e-05,1.058098077774047852e+00
3.854649548884481192e-05,-4.638811515178531408e-04,3.968059536418877542e-05,1.063133955001831055e+00
3.799593469011597335e-05,-4.990705056115984917e-04,3.701018795254640281e-05,1.068128108978271484e+00
3.755131183424964547e-05,-5.384046817198395729e-04,3.543571074260398746e-05,1.073184967041015625e+00
3.726207432919181883e-05,-5.808933055959641933e-04,3.688346623675897717e-05,1.078047990798950195e+00
3.465270492597483099e-05,-6.208387203514575958e-04,2.748876067926175892e-05,1.083099126815795898e+00
3.298746378277428448e-05,-6.644304376095533371e-04,2.209359445259906352e-05,1.088088989257812500e+00
3.104273491771891713e-05,-7.072793669067323208e-04,1.720918589853681624e-05,1.093035936355590820e+00
3.054130866075865924e-05,-7.495329482480883598e-04,2.085576852550730109e-05,1.098201036453247070e+00
2.938061152235604823e-05,-7.958205533213913441e-04,1.981169953069183975e-05,1.103096961975097656e+00
2.833494727383367717e-05,-8.449261076748371124e-04,1.896631874842569232e-05,1.108165979385375977e+00
2.568445233919192106e-05,-8.974818047136068344e-04,1.406280716764740646e-05,1.112883090972900391e+00
2.345428765693213791e-05,-9.503928595222532749e-04,1.002707904262933880e-05,1.118145942687988281e+00
2.089820372930262238e-05,-1.003963639959692955e-03,4.632326636055950075e-06,1.123182058334350586e+00
1.801486359909176826e-05,-1.058199326507747173e-03,-2.659693109308136627e-06,1.128293037414550781e+00
8.202531171264126897e-05,-5.205159541219472885e-04,4.464523590286262333e-05,1.133111000061035156e+00
8.211681415559723973e-05,-5.635560373775660992e-04,4.480977077037096024e-05,1.138201951980590820e+00
8.202240860555320978e-05,-6.040495936758816242e-04,5.207600770518183708e-05,1.143068075180053711e+00
8.155509567586705089e-05,-6.493034306913614273e-04,5.560242425417527556e-05,1.148246049880981445e+00
8.083374268608167768e-05,-6.947947549633681774e-04,6.242913514142856002e-05,1.153125047683715820e+00
7.982677198015153408e-05,-7.407590746879577637e-04,6.652568117715418339e-05,1.158594131469726562e+00
6.052733806427568197e-05,-5.270983092486858368e-04,-1.552873254695441574e-05,1.163496017456054688e+00
5.812703966512344778e-05,-5.650724051520228386e-04,-2.086276617774274200e-05,1.168336153030395508e+00
5.547517866943962872e-05,-6.038484862074255943e-04,-2.829489494615700096e-05,1.173110008239746094e+00
5.603186582447960973e-05,-6.330945179797708988e-04,-4.878605977864935994e-05,1.178235054016113281e+00
5.466190850711427629e-05,-6.748963496647775173e-04,-6.214743189048022032e-05,1.183046102523803711e+00
5.337919719750061631e-05,-7.201710250228643417e-04,-7.754649413982406259e-05,1.188282966613769531e+00
5.207136200624518096e-05,-7.771101081743836403e-04,-8.545159653294831514e-05,1.193279027938842773e+00
5.093133950140327215e-05,-8.323116344399750233e-04,-9.713904728414490819e-05,1.198277950286865234e+00
4.989167791791260242e-05,-8.908881573006510735e-04,-1.083300594473257661e-04,1.203294992446899414e+00
4.905807873001322150e-05,-9.475480765104293823e-04,-1.213227442349307239e-04,1.208287000656127930e+00
4.832853301195427775e-05,-1.009363681077957153e-03,-1.348628429695963860e-04,1.213272094726562500e+00
4.773537875735200942e-05,-1.073882798664271832e-03,-1.511966693215072155e-04,1.218599081039428711e+00
4.719374919659458101e-05,-1.144203008152544498e-03,-1.763585169101133943e-04,1.223377943038940430e+00
4.681127393268980086e-05,-1.216517528519034386e-03,-1.988130970858037472e-04,1.228672027587890625e+00
4.105725383851677179e-05,-4.396959557197988033e-04,1.054452877724543214e-04,1.233448028564453125e+00
3.837454642052762210e-05,-4.768615181092172861e-04,1.129011361626908183e-04,1.238183975219726562e+00
3.675038533401675522e-05,-5.128617049194872379e-04,1.226675085490569472e-04,1.243323087692260742e+00
3.480157465673983097e-05,-5.505600129254162312e-04,1.323331816820427775e-04,1.248309135437011719e+00
3.250826557632535696e-05,-5.912936176173388958e-04,1.414698344888165593e-04,1.253265142440795898e+00
2.981229044962674379e-05,-6.375735392794013023e-04,1.514025352662429214e-04,1.258757114410400391e+00
1.801174403226468712e-05,-4.187571175862103701e-04,1.252895453944802284e-04,1.263582944869995117e+00
1.365234857075847685e-05,-4.561500682029873133e-04,1.259744749404489994e-04,1.268475055694580078e+00
9.038068128575105220e-06,-4.966690321452915668e-04,1.415154256392270327e-04,1.273465156555175781e+00
4.091265509487129748e-06,-5.391897866502404213e-04,1.477088662795722485e-04,1.278661012649536133e+00
-1.183270114779588766e-06,-5.835851770825684071e-04,1.547599968034774065e-04,1.283556938171386719e+00
-5.086836608825251460e-06,-6.285229464992880821e-04,1.540566154289990664e-04,1.288464069366455078e+00
-9.592407877789810300e-06,-6.775644724257290363e-04,1.569133746670559049e-04,1.293625116348266602e+00
-1.398003223584964871e-05,-7.302511949092149734e-04,1.592019834788516164e-04,1.298609972000122070e+00
-1.835110379033721983e-05,-7.917953189462423325e-04,1.648427714826539159e-04,1.303508043289184570e+00
-2.259278699057176709e-05,-8.553825318813323975e-04,1.700618158793076873e-04,1.308398008346557617e+00
-2.676208896446041763e-05,-9.247739799320697784e-04,1.767461799317970872e-04,1.313470125198364258e+00
-3.248685607104562223e-05,-9.960823226720094681e-04,1.861505734268575907e-04,1.318624973297119141e+00
-3.785198350669816136e-05,-1.071003731340169907e-03,1.938812201842665672e-04,1.323601007461547852e+00
7.089507562341168523e-05,-4.105368570890277624e-04,9.139922622125595808e-05,1.328740119934082031e+00
7.321006705751642585e-05,-4.399628960527479649e-04,9.024735481943935156e-05,1.333596944808959961e+00
7.434892904711887240e-05,-4.749345825985074043e-04,8.736948802834376693e-05,1.338634967803955078e+00
7.558224751846864820e-05,-5.148765048943459988e-04,8.197414717869833112e-05,1.343589067459106445e+00
7.692836516071110964e-05,-5.597392446361482143e-04,7.229651964735239744e-05,1.348669052124023438e+00
7.871554407756775618e-05,-5.961500573903322220e-04,7.605595601489767432e-05,1.353482961654663086e+00
8.061764674494042993e-05,-6.394345546141266823e-04,7.417649612762033939e-05,1.358864068984985352e+00
5.088861871627159417e-05,-4.355866403784602880e-04,1.074554093065671623e-04,1.363729000091552734e+00
5.070575934951193631e-05,-4.734252579510211945e-04,1.118834479711949825e-04,1.368624925613403320e+00
5.065533332526683807e-05,-5.133672384545207024e-04,1.126125862356275320e-04,1.373618125915527344e+00
5.075401713838800788e-05,-5.548439803533256054e-04,1.133534242399036884e-04,1.378733158111572266e+00
5.104149022372439504e-05,-5.956523818895220757e-04,1.158202358055859804e-04,1.383573055267333984e+00
5.145385148352943361e-05,-6.417263066396117210e-04,1.182577761937864125e-04,1.388854980468750000e+00
5.202936881687492132e-05,-6.916587590239942074e-04,1.226225867867469788e-04,1.393854141235351562e+00
5.270064502838067710e-05,-7.477300241589546204e-04,1.234938245033845305e-04,1.398725032806396484e+00
5.354357199394144118e-05,-8.060552645474672318e-04,1.251494541065767407e-04,1.403723001480102539e+00
5.450846947496756911e-05,-8.685457287356257439e-04,1.243391307070851326e-04,1.408753156661987305e+00
5.388926001614890993e-05,-9.339700918644666672e-04,1.186945810331963003e-04,1.413717985153198242e+00
5.366828554542735219e-05,-1.002339529804885387e-03,1.152359254774637520e-04,1.418754100799560547e+00
5.311343556968495250e-05,-1.072946120984852314e-03,1.122642570408061147e-04,1.423732995986938477e+00
5.221349056228064001e-05,-1.146173221059143543e-03,1.094291001209057868e-04,1.429198026657104492e+00
5.344913370208814740e-05,-1.222050050273537636e-03,1.055671382346190512e-04,1.433787107467651367e+00
5.356005203793756664e-05,-1.299643074162304401e-03,1.016139431158080697e-04,1.438773155212402344e+00
5.382900781114585698e-05,-1.378273474983870983e-03,9.459768625674769282e-05,1.443727970123291016e+00
5.429044176707975566e-05,-1.456161728128790855e-03,8.625619375379756093e-05,1.448770046234130859e+00
5.486189547809772193e-05,-1.538290292955935001e-03,7.792957330821081996e-05,1.453853130340576172e+00
5.558307020692154765e-05,-1.622479991056025028e-03,6.995706644374877214e-05,1.458838939666748047e+00
5.818955469294451177e-05,-4.744573379866778851e-04,1.781200116965919733e-04,1.463995933532714844e+00
6.039479194441810250e-05,-5.165300681255757809e-04,1.816564326873049140e-04,1.468910932540893555e+00
6.273733743000775576e-05,-5.616851849481463432e-04,1.837494055507704616e-04,1.473838090896606445e+00
6.255874905036762357e-05,-6.059405859559774399e-04,1.808718807296827435e-04,1.478877067565917969e+00
6.349018076434731483e-05,-6.529045058414340019e-04,1.804160128813236952e-04,1.483844995498657227e+00
6.412548100342974067e-05,-7.004188373684883118e-04,1.787566434359177947e-04,1.488940000534057617e+00
6.619215855607762933e-05,-7.486411486752331257e-04,1.843242353061214089e-04,1.494061946868896484e+00
6.766134902136400342e-05,-8.005041163414716721e-04,1.862433855421841145e-04,1.498789072036743164e+00
6.928275979589670897e-05,-8.553703082725405693e-04,1.870567357400432229e-04,1.503793001174926758e+00
7.099146023392677307e-05,-9.155967272818088531e-04,1.837831514421850443e-04,1.508880138397216797e+00
7.289707718882709742e-05,-9.765971917659044266e-04,1.822090125642716885e-04,1.513855934143066406e+00
7.497781189158558846e-05,-1.039191731251776218e-03,1.813201815821230412e-04,1.519081115722656250e+00
7.723234739387407899e-05,-1.103412942029535770e-03,1.807770895538851619e-04,1.523988008499145508e+00
4.621707194019109011e-05,-3.879047289956361055e-04,1.753191900206729770e-04,1.529134988784790039e+00
4.840956535190343857e-05,-4.184325516689568758e-04,1.833673159126192331e-04,1.533992052078247070e+00
5.075473382021300495e-05,-4.510422004386782646e-04,1.915404864121228456e-04,1.538988113403320312e+00
5.327751932782121003e-05,-4.853295395150780678e-04,1.982833346119150519e-04,1.543913125991821289e+00
5.593230162048712373e-05,-5.234475829638540745e-04,2.071823255391791463e-04,1.548939943313598633e+00
5.871506436960771680e-05,-5.648779333569109440e-04,2.166783378925174475e-04,1.553975105285644531e+00
6.158094765851274133e-05,-6.120595498941838741e-04,2.251766854897141457e-04,1.558962106704711914e+00
6.454595859395340085e-05,-4.415904404595494270e-04,1.119845182984136045e-04,1.564084053039550781e+00
6.721157842548564076e-05,-4.752117092721164227e-04,1.110752127715386450e-04,1.569019079208374023e+00
6.724566628690809011e-05,-5.188017967157065868e-04,1.120395609177649021e-04,1.573976993560791016e+00
6.840349669801071286e-05,-5.606050253845751286e-04,1.119819135055877268e-04,1.579051971435546875e+00
6.919785664649680257e-05,-6.059816223569214344e-04,1.130497257690876722e-04,1.583990097045898438e+00
6.968592788325622678e-05,-6.518443115055561066e-04,1.169506795122288167e-04,1.589092016220092773e+00
6.979773024795576930e-05,-7.016696035861968994e-04,1.198960162582807243e-04,1.594243049621582031e+00
2.434288944641593844e-05,-4.401323676574975252e-04,9.933859109878540039e-05,1.599226951599121094e+00
2.107539876305963844e-05,-4.794897104147821665e-04,1.012092543533071876e-04,1.604052066802978516e+00
2.099751509376801550e-05,-5.193816614337265491e-04,1.047315236064605415e-04,1.609193086624145508e+00
1.903176780615467578e-05,-5.614901892840862274e-04,1.091683370759710670e-04,1.614046096801757812e+00
1.725451511447317898e-05,-6.042916793376207352e-04,1.151974938693456352e-04,1.619228124618530273e+00
1.403440910507924855e-05,-6.434042588807642460e-04,1.217256794916465878e-04,1.624071121215820312e+00
1.113111102313268930e-05,-6.878253770992159843e-04,1.284521276829764247e-04,1.629229068756103516e+00
-2.734085683187004179e-06,-4.868220421485602856e-04,1.676112151471897960e-04,1.634089946746826172e+00
-7.412648301396984607e-06,-5.282211350277066231e-04,1.679874985711649060e-04,1.639114141464233398e+00
-1.251301273441640660e-05,-5.742500070482492447e-04,1.694745296845212579e-04,1.643929004669189453e+00
-1.801220787456259131e-05,-6.244215765036642551e-04,1.703097368590533733e-04,1.649367094039916992e+00
-2.220090391347184777e-05,-6.794562796130776405e-04,1.743850734783336520e-04,1.654289007186889648e+00
-2.698852222238201648e-05,-7.369240629486739635e-04,1.762695610523223877e-04,1.659234046936035156e+00
3.208938142051920295e-05,-4.587811126839369535e-04,6.909846706548705697e-05,1.664201021194458008e+00
3.211537477909587324e-05,-4.887170507572591305e-04,7.293281669262796640e-05,1.669260025024414062e+00
3.221479346393607557e-05,-5.232602125033736229e-04,7.395118882413953543e-05,1.674230098724365234e+00
3.245889456593431532e-05,-5.588295753113925457e-04,7.544238906120881438e-05,1.679255962371826172e+00
3.274970731581561267e-05,-5.993911763653159142e-04,7.278681732714176178e-05,1.684229135513305664e+00
3.319563256809487939e-05,-6.414279923774302006e-04,7.216163066914305091e-05,1.689214944839477539e+00
3.375793312443420291e-05,-6.866235635243356228e-04,7.375900895567610860e-05,1.694314956665039062e+00
3.444217145442962646e-05,-7.345575722865760326e-04,7.751047814963385463e-05,1.699218988418579102e+00
3.516050855978392065e-05,-7.879793411120772362e-04,7.234095392050221562e-05,1.704180002212524414e+00
3.604346784413792193e-05,-8.420096128247678280e-04,7.084800017764791846e-05,1.709170103073120117e+00
3.701999230543151498e-05,-8.994427043944597244e-04,6.689365545753389597e-05,1.714164972305297852e+00
3.643711534095928073e-05,-9.578186436556279659e-04,6.449177453760057688e-05,1.719215154647827148e+00
3.619861672632396221e-05,-1.019685529172420502e-03,6.115838914411142468e-05,1.724144935607910156e+00
2.450146712362766266e-05,-4.833759157918393612e-04,-2.166005651815794408e-05,1.729424953460693359e+00
2.393166869296692312e-05,-5.228837835602462292e-04,-2.932519237219821662e-05,1.734161138534545898e+00
2.203982330684084445e-05,-5.615252885036170483e-04,-3.278989970567636192e-05,1.739323139190673828e+00
2.026597576332278550e-05,-6.026680348441004753e-04,-3.385322634130716324e-05,1.743999958038330078e+00
2.030881842074450105e-05,-6.458075949922204018e-04,-3.231273512938059866e-05,1.749292135238647461e+00
2.019016937993001193e-05,-6.923352484591305256e-04,-3.127227319055236876e-05,1.754285097122192383e+00
2.067076457024086267e-05,-7.413123967126011848e-04,-2.744612174865324050e-05,1.759510993957519531e+00
4.434471702552400529e-05,-5.028466694056987762e-04,-4.639508119907986838e-07,1.764279127120971680e+00
4.593560151988640428e-05,-5.437207873910665512e-04,-3.853436737699666992e-06,1.769287109375000000e+00
4.758714931085705757e-05,-5.888159503228962421e-04,-8.970125236373860389e-06,1.774129152297973633e+00
4.934799653710797429e-05,-6.366441957652568817e-04,-1.644782969378866255e-05,1.779443979263305664e+00
5.137804691912606359e-05,-6.797475507482886314e-04,-1.762710780894849449e-05,1.784285068511962891e+00
5.352351945475675166e-05,-7.259412086568772793e-04,-1.777201941877137870e-05,1.789353132247924805e+00
5.585029430221766233e-05,-7.720849243924021721e-04,-8.846758646541275084e-06,1.794572114944458008e+00
5.655677523463964462e-05,-8.224238990806043148e-04,7.358794391620904207e-06,1.799483060836791992e+00
5.762385262642055750e-05,-8.737744065001606941e-04,2.192118517996277660e-05,1.804327011108398438e+00
5.829172005178406835e-05,-9.282337850891053677e-04,3.706762799993157387e-05,1.809478044509887695e+00
5.840185986016876996e-05,-9.922410827130079269e-04,4.096737757208757102e-05,1.814476013183593750e+00
5.817952478537335992e-05,-1.055956119671463966e-03,5.069072358310222626e-05,1.819524049758911133e+00
5.754900121246464550e-05,-1.122458837926387787e-03,5.951461571385152638e-05,1.824451923370361328e+00
5.841860911459662020e-05,-1.182435662485659122e-03,7.420903421007096767e-05,1.829764127731323242e+00
5.853640686837024987e-05,-1.250399276614189148e-03,8.613120735390111804e-05,1.834483146667480469e+00
5.875488568563014269e-05,-1.320903655141592026e-03,1.003866345854476094e-04,1.839453935623168945e+00
5.891486216569319367e-05,-1.402698224410414696e-03,1.157240840257145464e-04,1.844444036483764648e+00
5.922600394114851952e-05,-1.484127482399344444e-03,1.325812772847712040e-04,1.849497079849243164e+00
5.959864574833773077e-05,-1.570418360643088818e-03,1.520625810371711850e-04,1.854455947875976562e+00
5.840732410433702171e-05,-1.657808781601488590e-03,1.738877617754042149e-04,1.859626054763793945e+00
1.940376387210562825e-05,-4.871407290920615196e-04,-3.881569682562258095e-06,1.864577054977416992e+00
1.699248423392418772e-05,-5.243343766778707504e-04,-5.104626325191929936e-06,1.869470119476318359e+00
1.421554679836845025e-05,-5.642669275403022766e-04,-5.032716671848902479e-06,1.874444961547851562e+00
1.102163150790147483e-05,-6.083765183575451374e-04,-4.647382866096450016e-06,1.879645109176635742e+00
7.479030955437337980e-06,-6.537057925015687943e-04,-4.135325070819817483e-06,1.884562015533447266e+00
3.536057647579582408e-06,-7.014670991338789463e-04,-2.432844894428853877e-06,1.889637947082519531e+00
8.881602866495086346e-07,-7.504059467464685440e-04,-1.037195374919974711e-06,1.894716024398803711e+00
-2.426297896818141453e-06,-8.032137993723154068e-04,2.927895081938913791e-07,1.899640083312988281e+00
-5.655414952343562618e-06,-8.594125392846763134e-04,1.435927288184757344e-07,1.904608011245727539e+00
-8.752463145356159657e-06,-9.165137307718396187e-04,-4.845200578529329505e-07,1.909604072570800781e+00
-1.176093064714223146e-05,-9.759588283486664295e-04,-3.667001919893664308e-07,1.914576053619384766e+00
-1.465350487706018612e-05,-1.036677509546279907e-03,8.754190616855339613e-07,1.919652938842773438e+00
-1.739960134727880359e-05,-1.097619184292852879e-03,5.426163625088520348e-06,1.924571037292480469e+00
-2.007913099077995867e-05,-1.162112224847078323e-03,7.923928023956250399e-06,1.929801940917968750e+00
-8.505863661412149668e-06,-4.445137165021151304e-04,2.193007821915671229e-05,1.934559106826782227e+00
-1.206414799526100978e-05,-4.829516983591020107e-04,1.949403667822480202e-05,1.939615011215209961e+00
-1.470341521780937910e-05,-5.226586363278329372e-04,1.018771581584587693e-05,1.944564104080200195e+00
-1.774478732841089368e-05,-5.652082618325948715e-04,6.116038093750830740e-07,1.949757099151611328e+00
-2.117052645189687610e-05,-6.102040060795843601e-04,-6.269144250836689025e-06,1.954684972763061523e+00
-2.247354859719052911e-05,-6.567214149981737137e-04,-1.774411794031038880e-05,1.959691047668457031e+00
-2.502095594536513090e-05,-7.076894980855286121e-04,-2.994803071487694979e-05,1.964785099029541016e+00
-2.754851630015764385e-05,-7.640928379260003567e-04,-4.785635974258184433e-05,1.969701051712036133e+00
-3.007281884492840618e-05,-8.266965160146355629e-04,-6.975694122957065701e-05,1.974689960479736328e+00
-3.246592677896842360e-05,-8.899738313630223274e-04,-9.093451808439567685e-05,1.979748010635375977e+00
-3.478392682154662907e-05,-9.567292872816324234e-04,-1.116950006689876318e-04,1.984790086746215820e+00
-4.210044426145032048e-05,-1.026525511406362057e-03,-1.268101623281836510e-04,1.989799976348876953e+00
3.300132084405049682e-05,-4.415561270434409380e-04,2.796049557218793780e-05,1.994956016540527344e+00
2.756970570771954954e-05,-4.738209536299109459e-04,2.338692320336122066e-05,1.999850034713745117e+00
3.437187115196138620e-05,-5.092111532576382160e-04,1.332175088464282453e-05,2.004734039306640625e+00
3.502839899738319218e-05,-5.451801116578280926e-04,5.280092409520875663e-06,2.009817123413085938e+00
3.680064037325792015e-05,-5.817769560962915421e-04,-1.127063569583697245e-06,2.014650106430053711e+00
3.121883491985499859e-05,-6.189661798998713493e-04,2.566300281614530832e-06,2.019838094711303711e+00
2.788561869238037616e-05,-6.597005412913858891e-04,4.610404857885441743e-07,2.024666070938110352e+00
7.643544449820183218e-06,-4.423166101332753897e-04,4.663411891669966280e-05,2.029966115951538086e+00
9.154181498161051422e-06,-4.885168746113777161e-04,4.200278635835275054e-05,2.034807920455932617e+00
6.236210992938140407e-06,-5.300077609717845917e-04,3.947300865547731519e-05,2.039826154708862305e+00
3.905223366018617526e-06,-5.773480515927076340e-04,3.588000254239886999e-05,2.044806003570556641e+00
2.117305939464131370e-06,-6.322611588984727859e-04,3.077725341427139938e-05,2.049827098846435547e+00
-3.808010205830214545e-06,-6.724703125655651093e-04,2.533637234591878951e-05,2.054820060729980469e+00
2.186287929362151772e-05,-4.720686411019414663e-04,-5.597355993813835084e-05,2.059976100921630859e+00
1.912657171487808228e-05,-5.114800878800451756e-04,-7.195754005806520581e-05,2.064774990081787109e+00
1.574690577399451286e-05,-5.679242312908172607e-04,-8.265832002507522702e-05,2.069965124130249023e+00
1.214595067722257227e-05,-6.190388230606913567e-04,-9.867081098491325974e-05,2.075065135955810547e+00
8.137740223901346326e-06,-6.767143495380878448e-04,-1.150245807366445661e-04,2.080029964447021484e+00
1.057713961927220225e-05,-7.356863352470099926e-04,-1.292732194997370243e-04,2.084902048110961914e+00
1.162796979770064354e-05,-7.985461270436644554e-04,-1.433150318916887045e-04,2.090047121047973633e+00
1.536595664219930768e-05,-4.615903890226036310e-04,3.837987242150120437e-05,2.095144987106323242e+00
8.730653462407644838e-06,-4.835972213186323643e-04,1.805407919164281338e-05,2.100012063980102539e+00
7.990075573616195470e-06,-5.142677691765129566e-04,5.953073923592455685e-06,2.104995012283325195e+00
6.425907940865727141e-06,-5.403834511525928974e-04,-1.048440662998473272e-05,2.110051155090332031e+00
1.079201774700777605e-05,-5.679490277543663979e-04,-3.883813769789412618e-05,2.115000963211059570e+00
1.337572211923543364e-05,-5.966901662759482861e-04,-6.773952918592840433e-05,2.119992017745971680e+00
3.622577060014009476e-05,-3.584591613616794348e-04,-9.500981104793027043e-05,2.124765157699584961e+00
4.315561454859562218e-05,-3.809530171565711498e-04,-1.406020601280033588e-04,2.130238056182861328e+00
3.036066118511371315e-05,-4.047378315590322018e-04,-1.547384308651089668e-04,2.134974956512451172e+00
2.762035001069307327e-05,-4.308954230509698391e-04,-1.933806634042412043e-04,2.140109062194824219e+00
2.302471330040134490e-05,-4.566083662211894989e-04,-2.331722498638555408e-04,2.145092010498046875e+00
2.339966158615425229e-05,-4.918239428661763668e-04,-2.649145608302205801e-04,2.150104999542236328e+00
2.103366387018468231e-05,-5.285146180540323257e-04,-2.983971789944916964e-04,2.155133008956909180e+00
-1.792948569345753640e-05,-5.518865655176341534e-04,-6.841581125627271831e-06,2.160222053527832031e+00
-2.636389035615138710e-05,-5.793808959424495697e-04,-4.321036158216884360e-06,2.165231943130493164e+00
-3.278947406215593219e-05,-6.286868592724204063e-04,-3.375249889359110966e-06,2.170110940933227539e+00
-4.003954381914809346e-05,-6.780623225495219231e-04,3.882342980432440527e-07,2.175262928009033203e+00
-4.495641042012721300e-05,-7.425065268762409687e-04,-8.734745279070921242e-06,2.180104017257690430e+00
-5.111687278258614242e-05,-8.049929747357964516e-04,-1.319441525993170217e-05,2.185053110122680664e+00
-5.719976616092026234e-05,-8.732396527193486691e-04,-1.933966268552467227e-05,2.190104007720947266e+00
-5.807628622278571129e-05,-9.425648604519665241e-04,-3.023548379132989794e-05,2.195230007171630859e+00
-5.497146776178851724e-05,-5.330976564437150955e-04,-1.455729361623525620e-04,2.200226068496704102e+00
-5.206268542679026723e-05,-5.665950011461973190e-04,-1.750330120557919145e-04,2.205048084259033203e+00
-4.229925980325788260e-05,-5.996959516778588295e-04,-2.511700440663844347e-04,2.210231065750122070e+00
-3.274557820986956358e-05,-6.393900839611887932e-04,-3.198733902536332607e-04,2.215222120285034180e+00
-2.064985710603650659e-05,-6.789055769331753254e-04,-4.000036860816180706e-04,2.220232963562011719e+00
-6.021634817443555221e-06,-7.238536491058766842e-04,-4.906043759547173977e-04,2.225172996520996094e+00
-8.676571269461419433e-06,-7.735474500805139542e-04,-6.108199595473706722e-04,2.230364084243774414e+00
-2.313711775059346110e-06,-8.183742174878716469e-04,-7.380218012258410454e-04,2.235248088836669922e+00
2.802086100928136148e-06,-8.639986626803874969e-04,-8.791882428340613842e-04,2.240148067474365234e+00
2.855314232874661684e-05,-9.182944777421653271e-04,-9.963057236745953560e-04,2.245178937911987305e+00
4.995914423489011824e-05,-9.704531403258442879e-04,-1.134796650148928165e-03,2.250218152999877930e+00
7.642401760676875710e-05,-1.021605217829346657e-03,-1.273689093068242073e-03,2.255255937576293945e+00
7.366728095803409815e-05,-1.086147502064704895e-03,-1.384261995553970337e-03,2.260340929031372070e+00
-2.529741141188424081e-05,-6.013124948367476463e-04,-5.171334487386047840e-04,2.265320062637329102e+00
-3.362497955095022917e-05,-6.521707400679588318e-04,-5.601372686214745045e-04,2.270225048065185547e+00
-4.878695108345709741e-06,-7.193899364210665226e-04,-5.398645298555493355e-04,2.275212049484252930e+00
4.780179096997017041e-06,-7.863108185119926929e-04,-5.347730475477874279e-04,2.280413150787353516e+00
1.734751276671886444e-05,-8.613120298832654953e-04,-5.122711299918591976e-04,2.285300970077514648e+00
-3.674049366964027286e-06,-9.210365242324769497e-04,-5.937844980508089066e-04,2.290351152420043945e+00
-1.560167293064296246e-04,-7.303592865355312824e-04,-3.568729443941265345e-04,2.295510053634643555e+00
-1.870044070528820157e-04,-7.699044654145836830e-04,-4.307696653995662928e-04,2.300338029861450195e+00
-2.251212281407788396e-04,-8.032849291339516640e-04,-5.224936176091432571e-04,2.305343151092529297e+00
-1.691442303126677871e-04,-8.887189906090497971e-04,-8.292045095004141331e-04,2.310347080230712891e+00
-1.662986178416758776e-04,-9.557484299875795841e-04,-1.066678552888333797e-03,2.315398931503295898e+00
-1.576999056851491332e-04,-1.017554430291056633e-03,-1.351229380816221237e-03,2.320374965667724609e+00
-1.430929405614733696e-04,-1.026900135912001133e-03,-1.672985614277422428e-03,2.325345039367675781e+00
-1.284049794776365161e-04,-8.520528790540993214e-04,-1.660024630837142467e-03,2.330502986907958984e+00
-9.230779687641188502e-05,-9.409334161318838596e-04,-2.047206740826368332e-03,2.335364103317260742e+00
-1.941100927069783211e-04,-9.926939383149147034e-04,-2.507208613678812981e-03,2.340392112731933594e+00
-2.350348077015951276e-04,-1.072143437340855598e-03,-2.992388792335987091e-03,2.345348119735717773e+00
-2.939213882200419903e-04,-1.153005403466522694e-03,-3.526604035869240761e-03,2.350433111190795898e+00
-3.107340307906270027e-04,-1.237723510712385178e-03,-3.944108262658119202e-03,2.355351924896240234e+00
-3.540483885444700718e-04,-1.320910174399614334e-03,-4.431061912328004837e-03,2.360645055770874023e+00
-5.997339612804353237e-04,-1.073162537068128586e-03,-2.981119556352496147e-03,2.365590095520019531e+00
-7.089120917953550816e-04,-1.171819632872939110e-03,-3.199730068445205688e-03,2.370500087738037109e+00
-8.011754835024476051e-04,-1.268174033612012863e-03,-3.450324991717934608e-03,2.375405073165893555e+00
-9.044499602168798447e-04,-1.382288755849003792e-03,-3.681806381791830063e-03,2.380715131759643555e+00
-9.675672044977545738e-04,-1.508378889411687851e-03,-3.929725848138332367e-03,2.385631084442138672e+00
-1.048958627507090569e-03,-1.638422370888292789e-03,-4.146645776927471161e-03,2.390427112579345703e+00
-2.802709059324115515e-04,-1.643267343752086163e-03,-3.836835268884897232e-03,2.395595073699951172e+00
-2.909336471930146217e-04,-1.741549698635935783e-03,-4.009148571640253067e-03,2.400643110275268555e+00
-2.752747386693954468e-04,-1.842551166191697121e-03,-4.360518883913755417e-03,2.405354976654052734e+00
-2.649868838489055634e-04,-1.935495878569781780e-03,-4.615036305040121078e-03,2.410515069961547852e+00
-2.478880342096090317e-04,-2.029099967330694199e-03,-4.880574997514486313e-03,2.415475130081176758e+00
-3.234602918382734060e-04,-2.135450020432472229e-03,-5.306977313011884689e-03,2.420607089996337891e+00
-3.774790384341031313e-04,-2.239371417090296745e-03,-5.727025214582681656e-03,2.425626993179321289e+00
-1.007612154353410006e-04,-1.683775335550308228e-03,-7.974333129823207855e-03,2.430721998214721680e+00
-9.796366794034838676e-05,-1.690359553322196007e-03,-8.747062645852565765e-03,2.435514926910400391e+00
-1.561581302667036653e-04,-1.725386595353484154e-03,-9.566681459546089172e-03,2.440660953521728516e+00
-2.168440259993076324e-04,-1.747006899677217007e-03,-1.045045070350170135e-02,2.445641040802001953e+00
-3.164923982694745064e-04,-1.823134836740791798e-03,-1.124490052461624146e-02,2.450650930404663086e+00
-4.132600151933729649e-04,-1.887524267658591270e-03,-1.212770119309425354e-02,2.455630064010620117e+00
-2.261512127006426454e-04,-1.658252091147005558e-03,-1.105410140007734299e-02,2.460910081863403320e+00
-7.723303860984742641e-05,-1.635116059333086014e-03,-1.165864616632461548e-02,2.465629100799560547e+00
-2.421483259240631014e-05,-1.650138525292277336e-03,-1.233647204935550690e-02,2.470643043518066406e+00
6.397791003109887242e-05,-1.659939764067530632e-03,-1.300379820168018341e-02,2.475649118423461914e+00
1.869076513685286045e-04,-1.679860870353877544e-03,-1.365304272621870041e-02,2.480777025222778320e+00
9.095474524656310678e-05,-1.805918873287737370e-03,-1.440268382430076599e-02,2.485764980316162109e+00
4.217989044263958931e-04,-2.575896913185715675e-03,-1.555789913982152939e-02,2.490814924240112305e+00
4.092878079973161221e-04,-2.807425102218985558e-03,-1.629267074167728424e-02,2.495840072631835938e+00
6.199171766638755798e-04,-2.830900484696030617e-03,-1.683540642261505127e-02,2.500630140304565430e+00
7.170747267082333565e-04,-2.968659624457359314e-03,-1.745692640542984009e-02,2.505538940429687500e+00
8.372745360247790813e-04,-3.101082518696784973e-03,-1.804362982511520386e-02,2.510792970657348633e+00
1.021409407258033752e-03,-3.292147535830736160e-03,-1.868433505296707153e-02,2.515632152557373047e+00
1.222372171469032764e-03,-3.454619320109486580e-03,-1.928628608584403992e-02,2.520808935165405273e+00
1.801355741918087006e-03,-2.487787278369069099e-03,-2.055901288986206055e-02,2.525627136230468750e+00
1.857022172771394253e-03,-2.656910102814435959e-03,-2.158885262906551361e-02,2.530995130538940430e+00
2.044079592451453209e-03,-2.808646531775593758e-03,-2.250862866640090942e-02,2.535778999328613281e+00
2.215662505477666855e-03,-2.986702602356672287e-03,-2.349408157169818878e-02,2.540794134140014648e+00
2.451526466757059097e-03,-3.057180205360054970e-03,-2.447499707341194153e-02,2.545618057250976562e+00
2.661741571500897408e-03,-3.153232159093022346e-03,-2.553942799568176270e-02,2.550811052322387695e+00
1.584598445333540440e-03,-1.873063971288502216e-03,-2.622370235621929169e-02,2.555921077728271484e+00
1.316508511081337929e-03,-2.121809870004653931e-03,-2.714798226952552795e-02,2.561030149459838867e+00
1.184478052891790867e-03,-2.234234940260648727e-03,-2.820500358939170837e-02,2.566065073013305664e+00
9.864794556051492691e-04,-2.403798978775739670e-03,-2.927745319902896881e-02,2.570976972579956055e+00
7.193647325038909912e-04,-2.608909038826823235e-03,-3.037586435675621033e-02,2.575780153274536133e+00
1.043863594532012939e-03,-2.437002491205930710e-03,-3.115493059158325195e-02,2.580704927444458008e+00
1.087986282072961330e-03,-2.442066557705402374e-03,-3.210495039820671082e-02,2.585690021514892578e+00
2.240661997348070145e-03,-1.190547714941203594e-03,-3.299339860677719116e-02,2.590660095214843750e+00
1.945538911968469620e-03,-1.567525556311011314e-03,-3.423732891678810120e-02,2.596272945404052734e+00
1.954889623448252678e-03,-1.655459054745733738e-03,-3.526405990123748779e-02,2.600907087326049805e+00
1.918743946589529514e-03,-1.814176328480243683e-03,-3.632892668247222900e-02,2.605847120285034180e+00
1.952412188984453678e-03,-1.722706598229706287e-03,-3.723185136914253235e-02,2.610944032669067383e+00
1.935862354002892971e-03,-1.715869409963488579e-03,-3.820512443780899048e-02,2.615849018096923828e+00
1.490048132836818695e-03,-1.564011559821665287e-03,-4.063511267304420471e-02,2.621001958847045898e+00
1.739383907988667488e-03,-1.956070307642221451e-03,-4.145832359790802002e-02,2.626261949539184570e+00
1.872140215709805489e-03,-2.087217755615711212e-03,-4.233127832412719727e-02,2.631067991256713867e+00
2.057306468486785889e-03,-2.246562857180833817e-03,-4.314187914133071899e-02,2.636359930038452148e+00
1.907699159346520901e-03,-2.157193608582019806e-03,-4.425518587231636047e-02,2.640990972518920898e+00
1.867342507466673851e-03,-2.182651078328490257e-03,-4.527638107538223267e-02,2.646424055099487305e+00
1.894858782179653645e-03,-2.013015793636441231e-03,-4.777906090021133423e-02,2.651035070419311523e+00
1.688273157924413681e-03,-1.998409396037459373e-03,-4.905734583735466003e-02,2.656532049179077148e+00
2.134843496605753899e-03,-2.296470105648040771e-03,-5.042641609907150269e-02,2.661242008209228516e+00
2.214254345744848251e-03,-2.415805123746395111e-03,-5.183904990553855896e-02,2.666450023651123047e+00
2.337126992642879486e-03,-2.566069364547729492e-03,-5.330515652894973755e-02,2.671059131622314453e+00
2.236302010715007782e-03,-2.609213115647435188e-03,-5.460994690656661987e-02,2.676540136337280273e+00
2.048798138275742531e-03,-1.597515074536204338e-03,-5.612560734152793884e-02,2.680897951126098633e+00
1.947330543771386147e-03,-1.508458401076495647e-03,-5.751811712980270386e-02,2.686649084091186523e+00
2.196819521486759186e-03,-1.525104395113885403e-03,-5.856854468584060669e-02,2.691142082214355469e+00
2.268573502078652382e-03,-1.486850786022841930e-03,-5.974612757563591003e-02,2.696867942810058594e+00
2.374121919274330139e-03,-1.498495345003902912e-03,-6.086410582065582275e-02,2.701156139373779297e+00
2.559059532359242439e-03,-1.540303928777575493e-03,-6.197720393538475037e-02,2.706534147262573242e+00
2.308955183252692223e-03,-2.229150850325822830e-03,-6.426783651113510132e-02,2.711168050765991211e+00
2.561928471550345421e-03,-2.132016466930508614e-03,-6.538370251655578613e-02,2.716486930847167969e+00
2.320314757525920868e-03,-2.215836895629763603e-03,-6.668227165937423706e-02,2.721126079559326172e+00
2.308036899194121361e-03,-2.206054516136646271e-03,-6.786460429430007935e-02,2.726613998413085938e+00
2.238845685496926308e-03,-2.232033759355545044e-03,-6.904970854520797729e-02,2.731214046478271484e+00
2.309705829247832298e-03,-2.344110282137989998e-03,-7.032341510057449341e-02,2.736940145492553711e+00
2.298183273524045944e-03,-2.414340386167168617e-03,-7.159771770238876343e-02,2.740998983383178711e+00
3.941738978028297424e-03,-2.759990049526095390e-03,-7.171483337879180908e-02,2.746464967727661133e+00
4.224738106131553650e-03,-2.961601363494992256e-03,-7.289572805166244507e-02,2.751266002655029297e+00
4.745488055050373077e-03,-3.171661868691444397e-03,-7.444170117378234863e-02,2.756520032882690430e+00
5.153519101440906525e-03,-3.381288610398769379e-03,-7.586836814880371094e-02,2.761426925659179688e+00
5.588280037045478821e-03,-3.622811287641525269e-03,-7.737141102552413940e-02,2.766984939575195312e+00
5.849298555403947830e-03,-3.780005034059286118e-03,-7.880468666553497314e-02,2.771316051483154297e+00
6.177610252052545547e-03,-3.967903554439544678e-03,-8.034593611955642700e-02,2.776553153991699219e+00
2.130859764292836189e-03,-1.752147916704416275e-03,-8.432174474000930786e-02,2.781320095062255859e+00
1.928292214870452881e-03,-1.750617870129644871e-03,-8.577442169189453125e-02,2.786602020263671875e+00
1.742903259582817554e-03,-1.638627261854708195e-03,-8.741982281208038330e-02,2.791314125061035156e+00
1.513920607976615429e-03,-1.548267318867146969e-03,-8.905203640460968018e-02,2.796675920486450195e+00
1.475171069614589214e-03,-1.470856950618326664e-03,-9.043722599744796753e-02,2.801299095153808594e+00
1.362206880003213882e-03,-1.388807897455990314e-03,-9.185078740119934082e-02,2.806878089904785156e+00
1.275185495615005493e-03,-1.314398017711937428e-03,-9.318988025188446045e-02,2.811336994171142578e+00
2.177044283598661423e-03,-3.657769411802291870e-03,-9.402535110712051392e-02,2.816875934600830078e+00
2.295403508469462395e-03,-3.821157617494463921e-03,-9.526941925287246704e-02,2.821372032165527344e+00
2.453006803989410400e-03,-3.991797566413879395e-03,-9.650241583585739136e-02,2.826764106750488281e+00
2.651471178978681564e-03,-4.174348432570695877e-03,-9.770899266004562378e-02,2.831463098526000977e+00
2.558287465944886208e-03,-4.369378089904785156e-03,-9.929957240819931030e-02,2.836713075637817383e+00
2.613503253087401390e-03,-4.577115643769502640e-03,-1.007320284843444824e-01,2.841372966766357422e+00
1.837257412262260914e-03,-3.763704560697078705e-03,-1.040566340088844299e-01,2.846600055694580078e+00
1.904639997519552708e-03,-3.604473546147346497e-03,-1.055408045649528503e-01,2.851423978805541992e+00
1.868591178208589554e-03,-3.568230196833610535e-03,-1.071891784667968750e-01,2.856640100479125977e+00
1.831746427342295647e-03,-3.495124168694019318e-03,-1.088636443018913269e-01,2.861521959304809570e+00
1.776996301487088203e-03,-3.523760475218296051e-03,-1.104200482368469238e-01,2.866783142089843750e+00
1.732084667310118675e-03,-3.488283371552824974e-03,-1.120098233222961426e-01,2.871406078338623047e+00
1.678768428973853588e-03,-3.441639943048357964e-03,-1.135861203074455261e-01,2.876523017883300781e+00
2.560188993811607361e-03,-4.109297879040241241e-03,-1.135794147849082947e-01,2.881391048431396484e+00
2.538288477808237076e-03,-4.253485705703496933e-03,-1.150061115622520447e-01,2.886511087417602539e+00
2.509981626644730568e-03,-4.426558502018451691e-03,-1.164409369230270386e-01,2.891515016555786133e+00
2.393044531345367432e-03,-4.688963759690523148e-03,-1.180104538798332214e-01,2.896825075149536133e+00
2.275935141369700432e-03,-4.926739726215600967e-03,-1.195548325777053833e-01,2.901510953903198242e+00
2.125827828422188759e-03,-5.182384047657251358e-03,-1.211312934756278992e-01,2.906643152236938477e+00
2.443793695420026779e-03,-4.170009866356849670e-03,-1.233058124780654907e-01,2.911507129669189453e+00
2.345836022868752480e-03,-4.295569844543933868e-03,-1.248937696218490601e-01,2.916608095169067383e+00
2.253325888887047768e-03,-4.394833929836750031e-03,-1.264886856079101562e-01,2.921484947204589844e+00
2.164480974897742271e-03,-4.466735292226076126e-03,-1.281041055917739868e-01,2.926589965820312500e+00
2.005681395530700684e-03,-4.556650295853614807e-03,-1.296214312314987183e-01,2.931656122207641602e+00
1.868533552624285221e-03,-4.670940339565277100e-03,-1.311952024698257446e-01,2.936604976654052734e+00
1.719343708828091621e-03,-4.788463469594717026e-03,-1.327558159828186035e-01,2.941369056701660156e+00
1.927657984197139740e-03,-4.073559772223234177e-03,-1.348137259483337402e-01,2.946599960327148438e+00
1.759195118211209774e-03,-4.047598224133253098e-03,-1.365393400192260742e-01,2.951693058013916016e+00
1.578605850227177143e-03,-4.004572518169879913e-03,-1.382992416620254517e-01,2.956961154937744141e+00
1.485720509663224220e-03,-4.016679711639881134e-03,-1.399314850568771362e-01,2.961637973785400391e+00
1.340831862762570381e-03,-4.002208355814218521e-03,-1.416711062192916870e-01,2.966771125793457031e+00
1.199123798869550228e-03,-3.976784646511077881e-03,-1.434295177459716797e-01,2.971529006958007812e+00
1.092400634661316872e-03,-3.940005786716938019e-03,-1.451861858367919922e-01,2.976660013198852539e+00
1.645180396735668182e-03,-4.689255263656377792e-03,-1.465303748846054077e-01,2.981647014617919922e+00
1.603754586540162563e-03,-4.792885389178991318e-03,-1.481978446245193481e-01,2.986660957336425781e+00
1.296083908528089523e-03,-5.014711990952491760e-03,-1.499660760164260864e-01,2.991600036621093750e+00
1.091562793590128422e-03,-5.215779878199100494e-03,-1.516902893781661987e-01,2.996922016143798828e+00
8.467871230095624924e-04,-5.459754262119531631e-03,-1.534231901168823242e-01,3.001695156097412109e+00
5.613596877083182335e-04,-5.749933421611785889e-03,-1.551693975925445557e-01,3.006752967834472656e+00
1.537061179988086224e-03,-4.715562332421541214e-03,-1.563464403152465820e-01,3.011527061462402344e+00
1.646476914174854755e-03,-4.571739584207534790e-03,-1.576919406652450562e-01,3.016685962677001953e+00
1.790602225810289383e-03,-4.392772912979125977e-03,-1.589696705341339111e-01,3.021608114242553711e+00
1.601402531377971172e-03,-4.837407730519771576e-03,-1.604347079992294312e-01,3.027035951614379883e+00
1.599481212906539440e-03,-4.970985464751720428e-03,-1.617434024810791016e-01,3.031794071197509766e+00
1.570201478898525238e-03,-5.169512704014778137e-03,-1.630320250988006592e-01,3.036962032318115234e+00
1.654198160395026207e-03,-5.024600774049758911e-03,-1.642655283212661743e-01,3.041821002960205078e+00
8.153294038493186235e-05,-5.618351977318525314e-03,-1.677823066711425781e-01,3.046813964843750000e+00
2.746980135270860046e-05,-5.535385105758905411e-03,-1.691431254148483276e-01,3.051784038543701172e+00
-2.672017581062391400e-05,-5.790342111140489578e-03,-1.707387119531631470e-01,3.057065963745117188e+00
-5.874354974366724491e-05,-5.864615086466073990e-03,-1.722039133310317993e-01,3.061993122100830078e+00
-7.925555837573483586e-05,-5.973139777779579163e-03,-1.736940294504165649e-01,3.067028999328613281e+00
-9.438550478080287576e-06,-6.059000734239816666e-03,-1.752970367670059204e-01,3.071820974349975586e+00
6.194509478518739343e-05,-6.167311221361160278e-03,-1.768940240144729614e-01,3.076918125152587891e+00
-9.110680548474192619e-05,-6.664228625595569611e-03,-1.789896339178085327e-01,3.081792116165161133e+00
1.990529854083433747e-04,-6.807974074035882950e-03,-1.805275231599807739e-01,3.087162971496582031e+00
4.718316486105322838e-04,-7.022439967840909958e-03,-1.821739077568054199e-01,3.091911077499389648e+00
8.095418452285230160e-04,-7.236141711473464966e-03,-1.838538348674774170e-01,3.097137928009033203e+00
1.211705268360674381e-03,-7.447418291121721268e-03,-1.855468899011611938e-01,3.101880073547363281e+00
8.766240207478404045e-04,-7.679054513573646545e-03,-1.872918158769607544e-01,3.107110023498535156e+00
-3.405917959753423929e-04,-6.096206605434417725e-03,-1.885808557271957397e-01,3.111937046051025391e+00
-6.684588734060525894e-04,-6.107231136411428452e-03,-1.903438568115234375e-01,3.116788148880004883e+00
-5.375448963604867458e-04,-5.866620689630508423e-03,-1.914166510105133057e-01,3.121921062469482422e+00
-7.083137752488255501e-04,-5.710121244192123413e-03,-1.928219944238662720e-01,3.127033948898315430e+00
-8.848222787491977215e-04,-5.506069865077733994e-03,-1.941560655832290649e-01,3.131914138793945312e+00
-1.126907998695969582e-03,-5.582745652645826340e-03,-1.956967264413833618e-01,3.136845111846923828e+00
-1.362854964099824429e-03,-5.540644284337759018e-03,-1.971066892147064209e-01,3.141809940338134766e+00
-6.671934388577938080e-04,-7.289978209882974625e-03,-1.993515789508819580e-01,3.146754026412963867e+00
-6.915958365425467491e-04,-7.350032217800617218e-03,-2.012401819229125977e-01,3.151804924011230469e+00
-7.893211441114544868e-04,-7.557988166809082031e-03,-2.029913961887359619e-01,3.156739950180053711e+00
-8.787343394942581654e-04,-7.782028522342443466e-03,-2.048160731792449951e-01,3.162055969238281250e+00
-1.026657177135348320e-03,-7.884925231337547302e-03,-2.065870910882949829e-01,3.167014122009277344e+00
-1.155591337010264397e-03,-8.003359660506248474e-03,-2.084485888481140137e-01,3.171961069107055664e+00
-1.162274624221026897e-03,-6.251241080462932587e-03,-2.080852240324020386e-01,3.177047014236450195e+00
-1.319596194662153721e-03,-6.017747800797224045e-03,-2.097312062978744507e-01,3.181923151016235352e+00
-1.707092742435634136e-03,-6.192077882587909698e-03,-2.110703140497207642e-01,3.187037944793701172e+00
-2.005822025239467621e-03,-6.122579798102378845e-03,-2.126053720712661743e-01,3.191929101943969727e+00
-2.353762974962592125e-03,-6.079078186303377151e-03,-2.141366004943847656e-01,3.197149991989135742e+00
-2.433686982840299606e-03,-5.880549084395170212e-03,-2.153757959604263306e-01,3.201930046081542969e+00
-2.591475611552596092e-03,-5.737824831157922745e-03,-2.166313081979751587e-01,3.206880092620849609e+00
-8.486525621265172958e-04,-7.054953835904598236e-03,-2.197759449481964111e-01,3.211934089660644531e+00
-7.953218300826847553e-04,-7.437549531459808350e-03,-2.214271128177642822e-01,3.216897964477539062e+00
-6.488753133453428745e-04,-7.536635268479585648e-03,-2.228340953588485718e-01,3.221967935562133789e+00
-4.761006275657564402e-04,-7.696886081248521805e-03,-2.242468893527984619e-01,3.227098941802978516e+00
-2.760661009233444929e-04,-7.652902975678443909e-03,-2.257988154888153076e-01,3.232150077819824219e+00
-4.827005614060908556e-05,-7.686726748943328857e-03,-2.273314148187637329e-01,3.237173080444335938e+00
2.061733976006507874e-04,-7.699976675212383270e-03,-2.289033085107803345e-01,3.242746114730834961e+00
-1.535609830170869827e-03,-8.330222219228744507e-03,-2.315308451652526855e-01,3.247098922729492188e+00
-1.523980288766324520e-03,-8.501878008246421814e-03,-2.333033680915832520e-01,3.252130985260009766e+00
-1.526653184555470943e-03,-8.732898160815238953e-03,-2.351086586713790894e-01,3.257130146026611328e+00
-1.597567461431026459e-03,-8.761637844145298004e-03,-2.367469966411590576e-01,3.262591123580932617e+00
-1.677973661571741104e-03,-8.874621242284774780e-03,-2.384600341320037842e-01,3.267153024673461914e+00
-1.790171605534851551e-03,-8.964323438704013824e-03,-2.401661574840545654e-01,3.272133111953735352e+00
-1.933091436512768269e-03,-9.031483903527259827e-03,-2.418622970581054688e-01,3.277096033096313477e+00
-1.147978007793426514e-03,-8.414623327553272247e-03,-2.414183169603347778e-01,3.282134056091308594e+00
-1.136631355620920658e-03,-8.397076278924942017e-03,-2.425578087568283081e-01,3.287091970443725586e+00
-1.113693811930716038e-03,-8.376695215702056885e-03,-2.435974180698394775e-01,3.292098999023437500e+00
-1.132200355641543865e-03,-8.366029709577560425e-03,-2.448812425136566162e-01,3.297358036041259766e+00
-1.120537519454956055e-03,-8.337835781276226044e-03,-2.459567785263061523e-01,3.302048921585083008e+00
-1.106710755266249180e-03,-8.316653780639171600e-03,-2.470072358846664429e-01,3.307243108749389648e+00
-1.135012833401560783e-03,-8.450184948742389679e-03,-2.484426647424697876e-01,3.312206983566284180e+00
-1.641011680476367474e-03,-9.353809058666229248e-03,-2.530385553836822510e-01,3.317121982574462891e+00
-1.721049076877534389e-03,-9.477056562900543213e-03,-2.547413706779479980e-01,3.322202920913696289e+00
-2.103119390085339546e-03,-9.437048807740211487e-03,-2.565761208534240723e-01,3.327237129211425781e+00
-2.396085765212774277e-03,-9.498104453086853027e-03,-2.584575414657592773e-01,3.332196950912475586e+00
-2.753005595877766609e-03,-9.570659138262271881e-03,-2.604086995124816895e-01,3.337299108505249023e+00
-2.697445452213287354e-03,-9.685739874839782715e-03,-2.619935572147369385e-01,3.342242956161499023e+00
-1.303103985264897346e-03,-9.361160919070243835e-03,-2.613471150398254395e-01,3.347305059432983398e+00
-1.122337765991687775e-03,-9.349030442535877228e-03,-2.628054618835449219e-01,3.352268934249877930e+00
-8.680719183757901192e-04,-9.317350573837757111e-03,-2.642175853252410889e-01,3.357432126998901367e+00
-6.185401580296456814e-04,-9.229475632309913635e-03,-2.653181850910186768e-01,3.362512111663818359e+00
-2.654616546351462603e-04,-9.170011617243289948e-03,-2.665204405784606934e-01,3.367295026779174805e+00
1.485342654632404447e-04,-9.111402556300163269e-03,-2.676599323749542236e-01,3.372370004653930664e+00
2.817848580889403820e-04,-9.247213602066040039e-03,-2.692410051822662354e-01,3.379747152328491211e+00
-1.997796585783362389e-03,-1.061290688812732697e-02,-2.734668552875518799e-01,3.382576942443847656e+00
-2.096828306093811989e-03,-1.074375119060277939e-02,-2.752003371715545654e-01,3.387455940246582031e+00
-1.972096506506204605e-03,-1.058623380959033966e-02,-2.766357660293579102e-01,3.392409086227416992e+00
-1.982122659683227539e-03,-1.052791532129049301e-02,-2.782691419124603271e-01,3.397588968276977539e+00
-1.983630470931529999e-03,-1.040045637637376785e-02,-2.798905670642852783e-01,3.402543067932128906e+00
-2.115425886586308479e-03,-1.051932666450738907e-02,-2.815108299255371094e-01,3.407454967498779297e+00
-2.218359149992465973e-03,-1.054122671484947205e-02,-2.831262946128845215e-01,3.412523984909057617e+00
-2.352914307266473770e-03,-1.057525258511304855e-02,-2.847495079040527344e-01,3.417428970336914062e+00
-1.436384045518934727e-03,-1.160408742725849152e-02,-2.845489680767059326e-01,3.422426939010620117e+00
-1.385851181112229824e-03,-1.182866375893354416e-02,-2.860546708106994629e-01,3.427691936492919922e+00
-1.300060772337019444e-03,-1.203305553644895554e-02,-2.875708937644958496e-01,3.432543992996215820e+00
-1.373414299450814724e-03,-1.232839003205299377e-02,-2.890982329845428467e-01,3.437792062759399414e+00
-1.383095164783298969e-03,-1.258695404976606369e-02,-2.906114161014556885e-01,3.442450046539306641e+00
-1.410802826285362244e-03,-1.286566723138093948e-02,-2.921185791492462158e-01,3.447564125061035156e+00
-1.458161859773099422e-03,-1.315774116665124893e-02,-2.936294972896575928e-01,3.452542066574096680e+00
-1.354491338133811951e-03,-1.123974379152059555e-02,-2.944692671298980713e-01,3.457620143890380859e+00
-1.446742215193808079e-03,-1.130217872560024261e-02,-2.958610951900482178e-01,3.462628126144409180e+00
-1.558351330459117889e-03,-1.135420147329568863e-02,-2.972412109375000000e-01,3.467536926269531250e+00
-2.233083127066493034e-03,-1.214258745312690735e-02,-2.994866371154785156e-01,3.472505092620849609e+00
-2.586144953966140747e-03,-1.238267496228218079e-02,-3.010987043380737305e-01,3.477550029754638672e+00
-2.996926894411444664e-03,-1.268281973898410797e-02,-3.027330636978149414e-01,3.482519149780273438e+00
-1.114658778533339500e-03,-1.019844692200422287e-02,-3.036709427833557129e-01,3.487542152404785156e+00
-1.205556909553706646e-03,-1.013433188199996948e-02,-3.052746355533599854e-01,3.492493152618408203e+00
-1.272232155315577984e-03,-1.005542185157537460e-02,-3.068689107894897461e-01,3.497595071792602539e+00
-1.313687069341540337e-03,-1.005424931645393372e-02,-3.084518015384674072e-01,3.502445936203002930e+00
-1.329163904301822186e-03,-1.002401020377874374e-02,-3.100286424160003662e-01,3.507528066635131836e+00
-1.321383169852197170e-03,-1.003351341933012009e-02,-3.115983903408050537e-01,3.512759923934936523e+00
-3.842470177914947271e-04,-1.037685852497816086e-02,-3.125801980495452881e-01,3.517656087875366211e+00
-3.564560902304947376e-04,-1.042785681784152985e-02,-3.141142427921295166e-01,3.522598981857299805e+00
-3.392085782252252102e-04,-1.049224473536014557e-02,-3.156198561191558838e-01,3.527706146240234375e+00
-3.347573510836809874e-04,-1.061567384749650955e-02,-3.170979321002960205e-01,3.532743930816650391e+00
-4.529661964625120163e-04,-1.049511041492223740e-02,-3.184264898300170898e-01,3.537591934204101562e+00
-5.430802120827138424e-04,-1.040149293839931488e-02,-3.198107182979583740e-01,3.542505025863647461e+00
-6.651954026892781258e-04,-1.024851296097040176e-02,-3.211313188076019287e-01,3.547480106353759766e+00
-2.146964194253087044e-03,-1.127815991640090942e-02,-3.220885992050170898e-01,3.552634954452514648e+00
-2.455688081681728363e-03,-1.130066066980361938e-02,-3.231544792652130127e-01,3.557642936706542969e+00
-2.797931665554642677e-03,-1.130729727447032928e-02,-3.241505622863769531e-01,3.562886953353881836e+00
-2.303843386471271515e-03,-1.136765349656343460e-02,-3.264353871345520020e-01,3.567589044570922852e+00
-2.380453515797853470e-03,-1.136761531233787537e-02,-3.278019428253173828e-01,3.572741985321044922e+00
-2.427411964163184166e-03,-1.134764589369297028e-02,-3.292210400104522705e-01,3.577753067016601562e+00
-8.655591518618166447e-04,-1.131644565612077713e-02,-3.312996625900268555e-01,3.582689046859741211e+00
-8.852389873936772346e-04,-1.140453666448593140e-02,-3.329493105411529541e-01,3.587757110595703125e+00
-9.414811502210795879e-04,-1.151198800653219223e-02,-3.346890211105346680e-01,3.592740058898925781e+00
-8.953533251769840717e-04,-1.154873520135879517e-02,-3.363612592220306396e-01,3.597721099853515625e+00
-9.056557319127023220e-04,-1.161548402160406113e-02,-3.381340503692626953e-01,3.602761983871459961e+00
-9.138535824604332447e-04,-1.166183780878782272e-02,-3.399538695812225342e-01,3.607793092727661133e+00
2.011794276768341660e-04,-1.083587668836116791e-02,-3.388925790786743164e-01,3.612760066986083984e+00
-1.253674126928672194e-04,-1.077880337834358215e-02,-3.405723869800567627e-01,3.617774963378906250e+00
-2.681043406482785940e-04,-1.078922394663095474e-02,-3.422614037990570068e-01,3.622741937637329102e+00
-4.645479784812778234e-04,-1.078683789819478989e-02,-3.440019190311431885e-01,3.628034114837646484e+00
-3.933312254957854748e-04,-1.083170436322689056e-02,-3.454740643501281738e-01,3.632884025573730469e+00
-4.217844398226588964e-04,-1.084091607481241226e-02,-3.470294773578643799e-01,3.637901067733764648e+00
-4.104611871298402548e-04,-1.084070838987827301e-02,-3.485330641269683838e-01,3.642884016036987305e+00
-3.741240070667117834e-04,-1.139296125620603561e-02,-3.497834801673889160e-01,3.647874116897583008e+00
-3.832493966910988092e-04,-1.146929152309894562e-02,-3.510104715824127197e-01,3.652869939804077148e+00
-3.990268160123378038e-04,-1.155014522373676300e-02,-3.521769642829895020e-01,3.657791137695312500e+00
-4.161090182606130838e-04,-1.180963683873414993e-02,-3.535957932472229004e-01,3.663197040557861328e+00
-4.442715726327151060e-04,-1.201535668224096298e-02,-3.548549115657806396e-01,3.667901992797851562e+00
-4.798993759322911501e-04,-1.228696014732122421e-02,-3.561164438724517822e-01,3.672881126403808594e+00
-3.664478426799178123e-04,-1.241166051477193832e-02,-3.574367463588714600e-01,3.677895069122314453e+00
1.383047347189858556e-04,-1.100727543234825134e-02,-3.594456911087036133e-01,3.682862997055053711e+00
3.241449594497680664e-04,-1.083174254745244980e-02,-3.608139157295227051e-01,3.687911033630371094e+00
3.684859548229724169e-04,-1.106573734432458878e-02,-3.623459339141845703e-01,3.692867994308471680e+00
5.113721708767116070e-04,-1.110732369124889374e-02,-3.638142347335815430e-01,3.698152065277099609e+00
6.538401357829570770e-04,-1.115543022751808167e-02,-3.653315603733062744e-01,3.702887058258056641e+00
7.975233020260930061e-04,-1.120538730174303055e-02,-3.668901920318603516e-01,3.707909107208251953e+00
1.024523007799871266e-04,-1.051715761423110962e-02,-3.691141903400421143e-01,3.712991952896118164e+00
1.877133909147232771e-04,-1.034043915569782257e-02,-3.707239031791687012e-01,3.718049049377441406e+00
2.687486703507602215e-04,-1.012130640447139740e-02,-3.723584115505218506e-01,3.723078966140747070e+00
1.206944798468612134e-04,-1.011481601744890213e-02,-3.738910555839538574e-01,3.728131055831909180e+00
7.175955397542566061e-05,-9.976693429052829742e-03,-3.754766881465911865e-01,3.733021974563598633e+00
-1.397843516315333545e-05,-9.860252030193805695e-03,-3.770515620708465576e-01,3.737935066223144531e+00
5.155945109436288476e-05,-9.752945043146610260e-03,-3.785499632358551025e-01,3.743083000183105469e+00
-3.613359876908361912e-04,-1.187210343778133392e-02,-3.796297013759613037e-01,3.748019933700561523e+00
-3.362891438882797956e-04,-1.193786039948463440e-02,-3.810445070266723633e-01,3.753006935119628906e+00
1.961847192433197051e-05,-1.214917004108428955e-02,-3.824521601200103760e-01,3.758172035217285156e+00
2.871422329917550087e-04,-1.231456920504570007e-02,-3.838191032409667969e-01,3.763260126113891602e+00
6.297125364653766155e-04,-1.247507147490978241e-02,-3.851686418056488037e-01,3.768059015274047852e+00
5.551012000069022179e-04,-1.255840528756380081e-02,-3.866012096405029297e-01,3.776678085327148438e+00
6.271428428590297699e-04,-1.268753968179225922e-02,-3.880004584789276123e-01,3.778095006942749023e+00
6.006792536936700344e-04,-1.152526121586561203e-02,-3.897977173328399658e-01,3.783180952072143555e+00
4.584734851960092783e-04,-1.148920971900224686e-02,-3.912816047668457031e-01,3.788196086883544922e+00
6.089190137572586536e-04,-1.122569292783737183e-02,-3.927699625492095947e-01,3.793147087097167969e+00
5.359481438063085079e-04,-1.105317845940589905e-02,-3.942982554435729980e-01,3.798480987548828125e+00
4.490193969104439020e-04,-1.084926258772611618e-02,-3.958500027656555176e-01,3.803184986114501953e+00
3.844071470666676760e-04,-1.081606186926364899e-02,-3.975536525249481201e-01,3.808221101760864258e+00
2.989183412864804268e-04,-1.071457751095294952e-02,-3.992407619953155518e-01,3.813133955001831055e+00
3.839625278487801552e-04,-1.155332475900650024e-02,-4.008708596229553223e-01,3.818220138549804688e+00
3.191530704498291016e-04,-1.150202937424182892e-02,-4.023798406124114990e-01,3.823169946670532227e+00
2.509111072868108749e-04,-1.150112319737672806e-02,-4.040509760379791260e-01,3.828225135803222656e+00
1.784274354577064514e-04,-1.148386579006910324e-02,-4.057460725307464600e-01,3.833256006240844727e+00
2.653578412719070911e-04,-1.157849840819835663e-02,-4.072992205619812012e-01,3.838178157806396484e+00
3.250684530939906836e-04,-1.164562534540891647e-02,-4.088635146617889404e-01,3.843187093734741211e+00
8.751858258619904518e-04,-1.244835555553436279e-02,-4.088897109031677246e-01,3.848242998123168945e+00
9.132407139986753464e-04,-1.236473768949508667e-02,-4.101801812648773193e-01,3.853260040283203125e+00
1.043326803483068943e-03,-1.243117544800043106e-02,-4.113821387290954590e-01,3.858266115188598633e+00
1.184901222586631775e-03,-1.250919979065656662e-02,-4.125185906887054443e-01,3.863430023193359375e+00
1.351039740256965160e-03,-1.269999425858259201e-02,-4.137070178985595703e-01,3.868247985839843750e+00
1.531571964733302593e-03,-1.283611357212066650e-02,-4.148325324058532715e-01,3.873273134231567383e+00
1.555449096485972404e-03,-1.264333259314298630e-02,-4.173012673854827881e-01,3.878253936767578125e+00
1.758434693329036236e-03,-1.269758865237236023e-02,-4.185107350349426270e-01,3.883300065994262695e+00
1.565385027788579464e-03,-1.261018309742212296e-02,-4.199672639369964600e-01,3.888275146484375000e+00
1.567058847285807133e-03,-1.258702203631401062e-02,-4.213192462921142578e-01,3.893377065658569336e+00
1.526037463918328285e-03,-1.256591826677322388e-02,-4.227060079574584961e-01,3.898375988006591797e+00
1.508140238001942635e-03,-1.277267094701528549e-02,-4.243346154689788818e-01,3.903180122375488281e+00
1.437783823348581791e-03,-1.292431075125932693e-02,-4.259460866451263428e-01,3.908267974853515625e+00
1.325177145190536976e-03,-1.226642727851867676e-02,-4.276681244373321533e-01,3.913236141204833984e+00
1.408870564773678780e-03,-1.203120499849319458e-02,-4.289500117301940918e-01,3.918408155441284180e+00
1.394438906572759151e-03,-1.195657532662153244e-02,-4.304999113082885742e-01,3.923434972763061523e+00
1.387230586260557175e-03,-1.185817178338766098e-02,-4.320167303085327148e-01,3.928451061248779297e+00
1.528145046904683113e-03,-1.191209256649017334e-02,-4.334672689437866211e-01,3.933376073837280273e+00
1.662183669395744801e-03,-1.189588289707899094e-02,-4.348993599414825439e-01,3.938354969024658203e+00
1.844700425863265991e-03,-1.190277095884084702e-02,-4.362934827804565430e-01,3.943450927734375000e+00
2.024443354457616806e-03,-1.289227791130542755e-02,-4.375608861446380615e-01,3.948347091674804688e+00
2.111656591296195984e-03,-1.301247905939817429e-02,-4.389868080615997314e-01,3.953344106674194336e+00
2.168787876144051552e-03,-1.312778517603874207e-02,-4.404160678386688232e-01,3.958343982696533203e+00
2.204061485826969147e-03,-1.330722961574792862e-02,-4.418145120143890381e-01,3.963634014129638672e+00
2.271190518513321877e-03,-1.335027907043695450e-02,-4.430502653121948242e-01,3.968377113342285156e+00
2.288855379447340965e-03,-1.341869030147790909e-02,-4.443635046482086182e-01,3.973498106002807617e+00
1.160923507995903492e-03,-1.392449345439672470e-02,-4.447977244853973389e-01,3.978343963623046875e+00
1.157682854682207108e-03,-1.378644164651632309e-02,-4.463381171226501465e-01,3.983442068099975586e+00
1.090115401893854141e-03,-1.382834557443857193e-02,-4.476374387741088867e-01,3.988341093063354492e+00
1.024124212563037872e-03,-1.382532808929681778e-02,-4.489651918411254883e-01,3.993402957916259766e+00
1.002499600872397423e-03,-1.386102102696895599e-02,-4.504505693912506104e-01,3.998446941375732422e+00
9.714292827993631363e-04,-1.387610565871000290e-02,-4.519478976726531982e-01,4.003447055816650391e+00
9.552990668453276157e-04,-1.390257291495800018e-02,-4.535128474235534668e-01,4.008378028869628906e+00
1.881955773569643497e-03,-1.247379183769226074e-02,-4.557003676891326904e-01,4.013462066650390625e+00
2.011656528338789940e-03,-1.240603905171155930e-02,-4.575253427028656006e-01,4.018383979797363281e+00
2.160905627533793449e-03,-1.233245618641376495e-02,-4.594337642192840576e-01,4.023458957672119141e+00
2.336129313334822655e-03,-1.231553032994270325e-02,-4.611922204494476318e-01,4.028578996658325195e+00
2.536162501201033592e-03,-1.230346597731113434e-02,-4.630614221096038818e-01,4.033573150634765625e+00
2.761008450761437416e-03,-1.230628415942192078e-02,-4.649426639080047607e-01,4.038371086120605469e+00
2.731272019445896149e-03,-1.231440249830484390e-02,-4.665425419807434082e-01,4.043447017669677734e+00
2.088409382849931717e-03,-1.405618060380220413e-02,-4.658182859420776367e-01,4.048450946807861328e+00
1.943043200299143791e-03,-1.431966852396726608e-02,-4.671328365802764893e-01,4.053552150726318359e+00
1.744423992931842804e-03,-1.461147330701351166e-02,-4.683654010295867920e-01,4.058573961257934570e+00
1.765452208928763866e-03,-1.467098202556371689e-02,-4.692797958850860596e-01,4.063718080520629883e+00
1.613729051314294338e-03,-1.488238573074340820e-02,-4.702405035495758057e-01,4.068570137023925781e+00
1.444950699806213379e-03,-1.510551199316978455e-02,-4.710948467254638672e-01,4.073620080947875977e+00
1.261657220311462879e-03,-1.525145862251520157e-02,-4.721340835094451904e-01,4.078632116317749023e+00
2.392069902271032333e-03,-1.425529550760984421e-02,-4.750538468360900879e-01,4.083678007125854492e+00
2.287721261382102966e-03,-1.414132490754127502e-02,-4.761523902416229248e-01,4.088639974594116211e+00
2.645068801939487457e-03,-1.438361220061779022e-02,-4.776982367038726807e-01,4.093744039535522461e+00
2.812203718349337578e-03,-1.447440870106220245e-02,-4.790387749671936035e-01,4.098766088485717773e+00
3.044886281713843346e-03,-1.459774468094110489e-02,-4.804379045963287354e-01,4.103707075119018555e+00
3.141871886327862740e-03,-1.449268683791160583e-02,-4.820199310779571533e-01,4.108637094497680664e+00
1.742083346471190453e-03,-1.265030540525913239e-02,-4.832838773727416992e-01,4.113574028015136719e+00
1.656853361055254936e-03,-1.219797600060701370e-02,-4.849953055381774902e-01,4.118783950805664062e+00
1.329816761426627636e-03,-1.207786891609430313e-02,-4.865892827510833740e-01,4.123732089996337891e+00
1.092026592232286930e-03,-1.176647003740072250e-02,-4.883214533329010010e-01,4.129049062728881836e+00
8.179192082025110722e-04,-1.147447619587182999e-02,-4.900981783866882324e-01,4.133749961853027344e+00
5.132344667799770832e-04,-1.123902108520269394e-02,-4.919160306453704834e-01,4.138854980468750000e+00
1.710994838504120708e-04,-1.082096341997385025e-02,-4.936352968215942383e-01,4.143774986267089844e+00
2.531512407585978508e-03,-1.500213146209716797e-02,-4.947077929973602295e-01,4.148720026016235352e+00
2.303191460669040680e-03,-1.511139795184135437e-02,-4.964678585529327393e-01,4.153774023056030273e+00
2.270463155582547188e-03,-1.532419770956039429e-02,-4.979644715785980225e-01,4.158762931823730469e+00
2.100073499605059624e-03,-1.547490712255239487e-02,-4.995817542076110840e-01,4.164024114608764648e+00
1.929584075696766376e-03,-1.564072817564010620e-02,-5.011623501777648926e-01,4.168779134750366211e+00
2.084715059027075768e-03,-1.582365110516548157e-02,-5.025150179862976074e-01,4.176330089569091797e+00
2.926085144281387329e-03,-1.638089120388031006e-02,-5.047057271003723145e-01,4.179090976715087891e+00
3.268123604357242584e-03,-1.653390377759933472e-02,-5.060366988182067871e-01,4.183900117874145508e+00
3.002134850248694420e-03,-1.650145463645458221e-02,-5.074000954627990723e-01,4.188938140869140625e+00
3.072286257520318031e-03,-1.658539287745952606e-02,-5.086537003517150879e-01,4.194255113601684570e+00
3.109230659902095795e-03,-1.664001867175102234e-02,-5.098584294319152832e-01,4.199068069458007812e+00
3.170707263052463531e-03,-1.681775599718093872e-02,-5.113512277603149414e-01,4.203855991363525391e+00
3.188355825841426849e-03,-1.697679236531257629e-02,-5.127442479133605957e-01,4.208977937698364258e+00
2.761145355179905891e-03,-1.677054911851882935e-02,-5.150879621505737305e-01,4.213896989822387695e+00
2.705546561628580093e-03,-1.680981926620006561e-02,-5.168431401252746582e-01,4.218965053558349609e+00
2.624553395435214043e-03,-1.685440167784690857e-02,-5.185863375663757324e-01,4.223824024200439453e+00
2.528622280806303024e-03,-1.688750460743904114e-02,-5.203827619552612305e-01,4.229136943817138672e+00
2.418272662907838821e-03,-1.692126691341400146e-02,-5.222311019897460938e-01,4.233956098556518555e+00
2.353466581553220749e-03,-1.693475991487503052e-02,-5.239545106887817383e-01,4.239063024520874023e+00
2.258616732433438301e-03,-1.686899736523628235e-02,-5.258080363273620605e-01,4.243896007537841797e+00
2.869172953069210052e-03,-1.660333015024662018e-02,-5.248507261276245117e-01,4.248904943466186523e+00
2.698429627344012260e-03,-1.661433093249797821e-02,-5.264830589294433594e-01,4.254009008407592773e+00
2.575736492872238159e-03,-1.655762828886508942e-02,-5.281288027763366699e-01,4.259341001510620117e+00
2.430341439321637154e-03,-1.646497100591659546e-02,-5.298172235488891602e-01,4.264166116714477539e+00
2.349060494452714920e-03,-1.642618887126445770e-02,-5.314977169036865234e-01,4.269076108932495117e+00
2.236598869785666466e-03,-1.635999977588653564e-02,-5.332061648368835449e-01,4.273999929428100586e+00
2.263621659949421883e-03,-1.740305684506893158e-02,-5.361360907554626465e-01,4.279097080230712891e+00
2.077442361041903496e-03,-1.751618832349777222e-02,-5.377565622329711914e-01,4.284008979797363281e+00
1.927429111674427986e-03,-1.764848083257675171e-02,-5.394396781921386719e-01,4.289071083068847656e+00
1.767819980159401894e-03,-1.779129169881343842e-02,-5.410931706428527832e-01,4.294134140014648438e+00
1.761657185852527618e-03,-1.789788156747817993e-02,-5.426446795463562012e-01,4.299131155014038086e+00
1.721757114864885807e-03,-1.804100535809993744e-02,-5.441847443580627441e-01,4.303961992263793945e+00
1.721699489280581474e-03,-1.822590455412864685e-02,-5.456739068031311035e-01,4.308906078338623047e+00
3.249005880206823349e-03,-1.761906221508979797e-02,-5.465655326843261719e-01,4.313920974731445312e+00
3.610262181609869003e-03,-1.760560460388660431e-02,-5.478212833404541016e-01,4.319149017333984375e+00
3.928393591195344925e-03,-1.757926307618618011e-02,-5.490775108337402344e-01,4.323941946029663086e+00
4.312613513320684433e-03,-1.754026859998703003e-02,-5.502821803092956543e-01,4.329224109649658203e+00
4.135179799050092697e-03,-1.758296228945255280e-02,-5.517766475677490234e-01,4.334145069122314453e+00
4.109996836632490158e-03,-1.760737784206867218e-02,-5.531591176986694336e-01,4.339180946350097656e+00
1.673779450356960297e-03,-1.877873390913009644e-02,-5.556462407112121582e-01,4.344150066375732422e+00
2.069328213110566139e-03,-1.870857179164886475e-02,-5.571790337562561035e-01,4.349127054214477539e+00
1.951365848071873188e-03,-1.881281286478042603e-02,-5.587481260299682617e-01,4.354161024093627930e+00
1.891994848847389221e-03,-1.890794746577739716e-02,-5.603332519531250000e-01,4.359081029891967773e+00
1.602999866008758545e-03,-1.915802434086799622e-02,-5.621188879013061523e-01,4.364230155944824219e+00
1.415672944858670235e-03,-1.937153376638889313e-02,-5.638847947120666504e-01,4.369109153747558594e+00
1.205895561724901199e-03,-1.962161064147949219e-02,-5.657066106796264648e-01,4.374113082885742188e+00
2.233780920505523682e-03,-1.851861923933029175e-02,-5.674487352371215820e-01,4.379192113876342773e+00
2.066329121589660645e-03,-1.843314245343208313e-02,-5.693057179450988770e-01,4.384267091751098633e+00
1.861574943177402020e-03,-1.836585253477096558e-02,-5.711788535118103027e-01,4.389259099960327148e+00
1.596523565240204334e-03,-1.829381287097930908e-02,-5.728759765625000000e-01,4.394408941268920898e+00
1.317010261118412018e-03,-1.822720840573310852e-02,-5.746090412139892578e-01,4.399301052093505859e+00
1.006152597256004810e-03,-1.816949993371963501e-02,-5.763048529624938965e-01,4.404206991195678711e+00
6.603049114346504211e-04,-1.812307164072990417e-02,-5.779671669006347656e-01,4.409290075302124023e+00
3.282300895079970360e-03,-1.911646500229835510e-02,-5.770143866539001465e-01,4.414220094680786133e+00
3.233459312468767166e-03,-1.920903660356998444e-02,-5.781359076499938965e-01,4.419407129287719727e+00
3.196011530235409737e-03,-1.929275505244731903e-02,-5.791532397270202637e-01,4.424230098724365234e+00
3.121013985946774483e-03,-1.934985443949699402e-02,-5.803950428962707520e-01,4.429326057434082031e+00
3.077347762882709503e-03,-1.942741684615612030e-02,-5.814169049263000488e-01,4.434260129928588867e+00
3.038605675101280212e-03,-1.948263496160507202e-02,-5.823929309844970703e-01,4.439409017562866211e+00
2.595308236777782440e-03,-1.943027973175048828e-02,-5.869262814521789551e-01,4.444260120391845703e+00
2.563554095104336739e-03,-1.948468200862407684e-02,-5.885843038558959961e-01,4.449373006820678711e+00
2.548348857089877129e-03,-1.953683048486709595e-02,-5.903128385543823242e-01,4.454406023025512695e+00
2.515035914257168770e-03,-1.970609277486801147e-02,-5.922880768775939941e-01,4.459654092788696289e+00
2.510067075490951538e-03,-1.979784853756427765e-02,-5.942782163619995117e-01,4.465006113052368164e+00
2.515930216759443283e-03,-1.989558897912502289e-02,-5.963734984397888184e-01,4.469496965408325195e+00
2.433186862617731094e-03,-1.987139321863651276e-02,-5.982394814491271973e-01,4.475036144256591797e+00
2.316501457244157791e-03,-1.909895054996013641e-02,-5.975708961486816406e-01,4.479907035827636719e+00
2.198183210566639900e-03,-1.914660073816776276e-02,-5.993149280548095703e-01,4.484565973281860352e+00
2.058190992102026939e-03,-1.920323818922042847e-02,-6.010572910308837891e-01,4.489422082901000977e+00
2.085611922666430473e-03,-1.933834515511989594e-02,-6.022464036941528320e-01,4.494326114654541016e+00
2.017384627833962440e-03,-1.942499168217182159e-02,-6.036814451217651367e-01,4.499237060546875000e+00
1.958895707502961159e-03,-1.953724958002567291e-02,-6.050270795822143555e-01,4.504033088684082031e+00
1.984701724722981453e-03,-1.973560452461242676e-02,-6.064130663871765137e-01,4.509038925170898438e+00
2.715426729992032051e-03,-1.968011446297168732e-02,-6.096596717834472656e-01,4.514019966125488281e+00
2.827056916430592537e-03,-1.974107883870601654e-02,-6.111674308776855469e-01,4.519819974899291992e+00
2.737383823841810226e-03,-1.979962363839149475e-02,-6.126121282577514648e-01,4.524553060531616211e+00
2.766071585938334465e-03,-1.990070939064025879e-02,-6.140527129173278809e-01,4.529693126678466797e+00
2.783324569463729858e-03,-2.000891044735908508e-02,-6.154744029045104980e-01,4.534448146820068359e+00
2.648156834766268730e-03,-2.007846161723136902e-02,-6.170764565467834473e-01,4.539571046829223633e+00
2.015583217144012451e-03,-1.981745101511478424e-02,-6.182275414466857910e-01,4.544534921646118164e+00
1.760896760970354080e-03,-1.984309777617454529e-02,-6.197484135627746582e-01,4.549540996551513672e+00
1.637131907045841217e-03,-1.994214579463005066e-02,-6.212598085403442383e-01,4.554527044296264648e+00
1.403390779159963131e-03,-1.998891122639179230e-02,-6.227996349334716797e-01,4.559543132781982422e+00
1.152949989773333073e-03,-2.008381299674510956e-02,-6.243342161178588867e-01,4.564646005630493164e+00
1.046030083671212196e-03,-2.020983397960662842e-02,-6.258136034011840820e-01,4.574046134948730469e+00
9.011843940243124962e-04,-2.031716704368591309e-02,-6.273238062858581543e-01,4.574871063232421875e+00
2.064934698864817619e-03,-2.002830244600772858e-02,-6.287097334861755371e-01,4.579522132873535156e+00
2.107841661199927330e-03,-2.006830461323261261e-02,-6.302316188812255859e-01,4.584628105163574219e+00
1.878849812783300877e-03,-2.031435817480087280e-02,-6.317810416221618652e-01,4.589735031127929688e+00
1.819176133722066879e-03,-2.044927142560482025e-02,-6.333186626434326172e-01,4.594685077667236328e+00
1.728905015625059605e-03,-2.058983594179153442e-02,-6.348701119422912598e-01,4.599642038345336914e+00
1.926833181641995907e-03,-2.063325606286525726e-02,-6.363718509674072266e-01,4.604625940322875977e+00
2.861779415979981422e-03,-1.958630234003067017e-02,-6.371951699256896973e-01,4.609643936157226562e+00
3.232865827158093452e-03,-1.952347904443740845e-02,-6.386255621910095215e-01,4.614577054977416992e+00
3.288282779976725578e-03,-1.970487087965011597e-02,-6.396231651306152344e-01,4.619629144668579102e+00
3.529625944793224335e-03,-1.977790333330631256e-02,-6.408396363258361816e-01,4.624555110931396484e+00
3.775236895307898521e-03,-1.989997178316116333e-02,-6.419795751571655273e-01,4.629891157150268555e+00
4.108353052288293839e-03,-1.991406269371509552e-02,-6.432636380195617676e-01,4.634586095809936523e+00
4.447531886398792267e-03,-1.996593549847602844e-02,-6.444106101989746094e-01,4.639600038528442383e+00
2.693858928978443146e-03,-1.955905370414257050e-02,-6.483133435249328613e-01,4.644587993621826172e+00
2.666285494342446327e-03,-1.965395361185073853e-02,-6.501091718673706055e-01,4.649606943130493164e+00
2.747351303696632385e-03,-1.956634409725666046e-02,-6.517567038536071777e-01,4.654689073562622070e+00
2.811728278174996376e-03,-1.951651461422443390e-02,-6.534488201141357422e-01,4.659615039825439453e+00
2.857224782928824425e-03,-1.950276270508766174e-02,-6.551889181137084961e-01,4.664695024490356445e+00
3.110062563791871071e-03,-1.923238113522529602e-02,-6.568002104759216309e-01,4.669999122619628906e+00
3.267542924731969833e-03,-1.900179125368595123e-02,-6.585380434989929199e-01,4.674700975418090820e+00
3.025189507752656937e-03,-1.987492106854915619e-02,-6.586009263992309570e-01,4.679638147354125977e+00
2.873516874387860298e-03,-2.005404233932495117e-02,-6.600401401519775391e-01,4.684721946716308594e+00
2.884330460801720619e-03,-2.008266001939773560e-02,-6.615409851074218750e-01,4.689862966537475586e+00
2.872228389605879784e-03,-2.013556845486164093e-02,-6.630162000656127930e-01,4.694854974746704102e+00
2.804724732413887978e-03,-2.020111866295337677e-02,-6.645275950431823730e-01,4.699769020080566406e+00
2.711553126573562622e-03,-2.028089016675949097e-02,-6.660258769989013672e-01,4.704689979553222656e+00
2.144354162737727165e-03,-2.094169706106185913e-02,-6.687984466552734375e-01,4.709758996963500977e+00
2.198227914050221443e-03,-2.098428085446357727e-02,-6.703851222991943359e-01,4.714734077453613281e+00
2.121474361047148705e-03,-2.106917463243007660e-02,-6.719865798950195312e-01,4.719920158386230469e+00
2.055438701063394547e-03,-2.113493159413337708e-02,-6.736052036285400391e-01,4.724730014801025391e+00
2.031728625297546387e-03,-2.117622829973697662e-02,-6.750872731208801270e-01,4.730014085769653320e+00
2.020275685936212540e-03,-2.123931981623172760e-02,-6.765785813331604004e-01,4.734939098358154297e+00
2.035819459706544876e-03,-2.132634259760379791e-02,-6.780257225036621094e-01,4.739928007125854492e+00
3.071656450629234314e-03,-2.063348703086376190e-02,-6.785648465156555176e-01,4.744953155517578125e+00
3.072630148380994797e-03,-2.060067094862461090e-02,-6.797354221343994141e-01,4.750159025192260742e+00
3.046402242034673691e-03,-2.060574106872081757e-02,-6.808466315269470215e-01,4.754819154739379883e+00
3.000107826665043831e-03,-2.060095779597759247e-02,-6.819071173667907715e-01,4.759918928146362305e+00
3.197375917807221413e-03,-2.068083360791206360e-02,-6.834846138954162598e-01,4.764824151992797852e+00
3.287663450464606285e-03,-2.072491869330406189e-02,-6.848190426826477051e-01,4.769917011260986328e+00
3.449208335950970650e-03,-2.116005681455135345e-02,-6.876099705696105957e-01,4.774893999099731445e+00
3.499193582683801651e-03,-2.123731561005115509e-02,-6.894930005073547363e-01,4.780158996582031250e+00
3.649709513410925865e-03,-2.126574143767356873e-02,-6.913393735885620117e-01,4.784811973571777344e+00
3.802368650212883949e-03,-2.128277905285358429e-02,-6.932947635650634766e-01,4.789947032928466797e+00
3.929006867110729218e-03,-2.127260901033878326e-02,-6.950123906135559082e-01,4.795077085494995117e+00
4.060522187501192093e-03,-2.126950025558471680e-02,-6.968734264373779297e-01,4.800089120864868164e+00
4.194322973489761353e-03,-2.123218961060047150e-02,-6.987358331680297852e-01,4.804950952529907227e+00
4.037580452859401703e-03,-2.120480686426162720e-02,-6.978087425231933594e-01,4.810078144073486328e+00
4.146841820329427719e-03,-2.127561718225479126e-02,-6.991782188415527344e-01,4.814958095550537109e+00
4.253250081092119217e-03,-2.140539512038230896e-02,-7.004444003105163574e-01,4.820058107376098633e+00
4.313581157475709915e-03,-2.152224257588386536e-02,-7.017717361450195312e-01,4.824973106384277344e+00
4.382084589451551437e-03,-2.164171636104583740e-02,-7.030355334281921387e-01,4.830199003219604492e+00
4.436823539435863495e-03,-2.177554741501808167e-02,-7.042852044105529785e-01,4.835018157958984375e+00
4.477571230381727219e-03,-2.192262746393680573e-02,-7.055146098136901855e-01,4.839993000030517578e+00
3.014026442542672157e-03,-2.173956483602523804e-02,-7.087064981460571289e-01,4.844968080520629883e+00
2.787777688354253769e-03,-2.177355065941810608e-02,-7.100045680999755859e-01,4.849982976913452148e+00
2.500159898772835732e-03,-2.180700935423374176e-02,-7.113042473793029785e-01,4.855101108551025391e+00
2.902097767218947411e-03,-2.164642140269279480e-02,-7.134270071983337402e-01,4.860217094421386719e+00
2.746334532275795937e-03,-2.162356674671173096e-02,-7.149541974067687988e-01,4.865077018737792969e+00
2.587869996204972267e-03,-2.160749025642871857e-02,-7.164916396141052246e-01,4.870063066482543945e+00
4.379662219434976578e-03,-2.167480438947677612e-02,-7.177575826644897461e-01,4.875139951705932617e+00
4.524535965174436569e-03,-2.166787721216678619e-02,-7.192631959915161133e-01,4.880198955535888672e+00
4.693072754889726639e-03,-2.164458855986595154e-02,-7.207680344581604004e-01,4.885031938552856445e+00
4.604455083608627319e-03,-2.157435752451419830e-02,-7.223600745201110840e-01,4.890128135681152344e+00
4.643814172595739365e-03,-2.149329893290996552e-02,-7.239276766777038574e-01,4.895349025726318359e+00
4.658334888517856598e-03,-2.137587592005729675e-02,-7.255310416221618652e-01,4.900274991989135742e+00
4.846561700105667114e-03,-2.141158282756805420e-02,-7.270970940589904785e-01,4.905099153518676758e+00
4.188261926174163818e-03,-2.312205918133258820e-02,-7.293246388435363770e-01,4.910202026367187500e+00
4.316935781389474869e-03,-2.349311113357543945e-02,-7.308298945426940918e-01,4.915121078491210938e+00
4.227210767567157745e-03,-2.366681583225727081e-02,-7.323235273361206055e-01,4.920439004898071289e+00
4.251211881637573242e-03,-2.394090034067630768e-02,-7.338097691535949707e-01,4.925086975097656250e+00
4.258885513991117477e-03,-2.423150464892387390e-02,-7.352654337882995605e-01,4.930398941040039062e+00
4.249911755323410034e-03,-2.453168109059333801e-02,-7.367029786109924316e-01,4.935147047042846680e+00
4.163732752203941345e-03,-2.503752894699573517e-02,-7.381814718246459961e-01,4.940186023712158203e+00
5.028109066188335419e-03,-2.284811064600944519e-02,-7.393333911895751953e-01,4.945220947265625000e+00
4.969887435436248779e-03,-2.312599681317806244e-02,-7.407950162887573242e-01,4.950263023376464844e+00
4.934681579470634460e-03,-2.295519597828388214e-02,-7.421452403068542480e-01,4.955285072326660156e+00
4.854398313909769058e-03,-2.301156520843505859e-02,-7.435343861579895020e-01,4.960391998291015625e+00
4.754561465233564377e-03,-2.301932871341705322e-02,-7.449012994766235352e-01,4.965352058410644531e+00
4.961499944329261780e-03,-2.319143526256084442e-02,-7.464047670364379883e-01,4.972929954528808594e+00
5.446584895253181458e-03,-2.256047353148460388e-02,-7.481090426445007324e-01,4.975394010543823242e+00
5.781314335763454437e-03,-2.273188345134258270e-02,-7.496321201324462891e-01,4.980294942855834961e+00
5.578566808253526688e-03,-2.258724533021450043e-02,-7.512624859809875488e-01,4.985389947891235352e+00
5.654352717101573944e-03,-2.260033600032329559e-02,-7.529079914093017578e-01,4.990258932113647461e+00
5.690620746463537216e-03,-2.260559611022472382e-02,-7.545889616012573242e-01,4.995404958724975586e+00
5.787692964076995850e-03,-2.289302274584770203e-02,-7.562510967254638672e-01,5.000278949737548828e+00
5.827768240123987198e-03,-2.306822501122951508e-02,-7.579670548439025879e-01,5.005244016647338867e+00
6.346642505377531052e-03,-2.318464219570159912e-02,-7.584520578384399414e-01,5.010396003723144531e+00
6.415056064724922180e-03,-2.341874875128269196e-02,-7.602054476737976074e-01,5.015413999557495117e+00
6.770498584955930710e-03,-2.321239747107028961e-02,-7.615157365798950195e-01,5.020398139953613281e+00
7.033706642687320709e-03,-2.326664142310619354e-02,-7.630011439323425293e-01,5.025367975234985352e+00
7.290968671441078186e-03,-2.329835481941699982e-02,-7.645079493522644043e-01,5.030511140823364258e+00
7.440820802003145218e-03,-2.347881533205509186e-02,-7.659823894500732422e-01,5.035434007644653320e+00
7.647645659744739532e-03,-2.355856262147426605e-02,-7.674120068550109863e-01,5.040396928787231445e+00
5.285934079438447952e-03,-2.254588156938552856e-02,-7.698440551757812500e-01,5.045377016067504883e+00
5.389993079006671906e-03,-2.273654565215110779e-02,-7.715862989425659180e-01,5.050406932830810547e+00
5.443504080176353455e-03,-2.279622107744216919e-02,-7.731815576553344727e-01,5.055345058441162109e+00
5.533878225833177567e-03,-2.288337424397468567e-02,-7.747731804847717285e-01,5.060667037963867188e+00
5.614688154309988022e-03,-2.293672226369380951e-02,-7.763533592224121094e-01,5.065500974655151367e+00
5.711117293685674667e-03,-2.300702221691608429e-02,-7.779778838157653809e-01,5.070395946502685547e+00
6.070008967071771622e-03,-2.257937751710414886e-02,-7.792350053787231445e-01,5.075509071350097656e+00
6.085881963372230530e-03,-2.282362058758735657e-02,-7.807018756866455078e-01,5.080739974975585938e+00
6.144740618765354156e-03,-2.293055690824985504e-02,-7.822621464729309082e-01,5.085518121719360352e+00
6.202077493071556091e-03,-2.307061664760112762e-02,-7.837886810302734375e-01,5.090517997741699219e+00
6.189947947859764099e-03,-2.311596274375915527e-02,-7.851495146751403809e-01,5.096415042877197266e+00
6.176318973302841187e-03,-2.322762086987495422e-02,-7.865261435508728027e-01,5.100528955459594727e+00
6.128732115030288696e-03,-2.333571016788482666e-02,-7.878570556640625000e-01,5.105483055114746094e+00
5.803906824439764023e-03,-2.376411855220794678e-02,-7.891645431518554688e-01,5.110520124435424805e+00
5.833586677908897400e-03,-2.384443208575248718e-02,-7.907267808914184570e-01,5.115452051162719727e+00
5.754063371568918228e-03,-2.397223934531211853e-02,-7.920765876770019531e-01,5.120522022247314453e+00
5.667359102517366409e-03,-2.410820312798023224e-02,-7.934218049049377441e-01,5.125463962554931641e+00
5.489026661962270737e-03,-2.421844936907291412e-02,-7.947771549224853516e-01,5.130805015563964844e+00
5.318896844983100891e-03,-2.432889677584171295e-02,-7.961323261260986328e-01,5.135507106781005859e+00
5.115908104926347733e-03,-2.443018741905689240e-02,-7.974962592124938965e-01,5.140635013580322266e+00
5.944021511822938919e-03,-2.291504293680191040e-02,-7.995051145553588867e-01,5.145622014999389648e+00
5.941125564277172089e-03,-2.281857468187808990e-02,-8.010077476501464844e-01,5.150529146194458008e+00
5.966849159449338913e-03,-2.269907295703887939e-02,-8.025303483009338379e-01,5.155651092529296875e+00
6.085681263357400894e-03,-2.270291000604629517e-02,-8.042777776718139648e-01,5.160685062408447266e+00
6.224564742296934128e-03,-2.267130650579929352e-02,-8.060377836227416992e-01,5.165667057037353516e+00
6.425698753446340561e-03,-2.264652773737907410e-02,-8.078745007514953613e-01,5.170720100402832031e+00
6.364730652421712875e-03,-2.386292070150375366e-02,-8.097264766693115234e-01,5.175631999969482422e+00
6.320376880466938019e-03,-2.411186881363391876e-02,-8.116059899330139160e-01,5.180674076080322266e+00
6.204789504408836365e-03,-2.444229833781719208e-02,-8.135268092155456543e-01,5.185655117034912109e+00
6.066576112061738968e-03,-2.474035322666168213e-02,-8.154458999633789062e-01,5.190680027008056641e+00
6.393027026206254959e-03,-2.494080364704132080e-02,-8.163567185401916504e-01,5.195944070816040039e+00
6.482673343271017075e-03,-2.526859007775783539e-02,-8.175355792045593262e-01,5.200786113739013672e+00
6.634724326431751251e-03,-2.552760951220989227e-02,-8.185247182846069336e-01,5.205764055252075195e+00
7.639435585588216782e-03,-2.401663176715373993e-02,-8.189123868942260742e-01,5.210767984390258789e+00
7.744271308183670044e-03,-2.416440472006797791e-02,-8.197491765022277832e-01,5.215726137161254883e+00
7.829022593796253204e-03,-2.433663606643676758e-02,-8.204799890518188477e-01,5.220792055130004883e+00
8.223864249885082245e-03,-2.435924857854843140e-02,-8.219510912895202637e-01,5.225713014602661133e+00
8.475798182189464569e-03,-2.447578683495521545e-02,-8.229565024375915527e-01,5.230859994888305664e+00
8.763510733842849731e-03,-2.462846972048282623e-02,-8.239834308624267578e-01,5.236262083053588867e+00
8.868913166224956512e-03,-2.483584918081760406e-02,-8.254030346870422363e-01,5.240759134292602539e+00
6.289745215326547623e-03,-2.436972036957740784e-02,-8.286330699920654297e-01,5.246248006820678711e+00
6.142508704215288162e-03,-2.438118308782577515e-02,-8.304010629653930664e-01,5.250707149505615234e+00
5.817699246108531952e-03,-2.447296865284442902e-02,-8.320604562759399414e-01,5.255753040313720703e+00
5.514306481927633286e-03,-2.453132905066013336e-02,-8.339309096336364746e-01,5.261059045791625977e+00
5.154133774340152740e-03,-2.458875067532062531e-02,-8.358973860740661621e-01,5.265773057937622070e+00
4.738983232527971268e-03,-2.464933134615421295e-02,-8.379648327827453613e-01,5.270708084106445312e+00
8.736101910471916199e-03,-2.377160079777240753e-02,-8.374086618423461914e-01,5.275731086730957031e+00
9.150713682174682617e-03,-2.375307865440845490e-02,-8.392317295074462891e-01,5.280879020690917969e+00
9.682304225862026215e-03,-2.370522916316986084e-02,-8.410886526107788086e-01,5.285831928253173828e+00
9.896053001284599304e-03,-2.404911257326602936e-02,-8.425048589706420898e-01,5.290830135345458984e+00
1.037152484059333801e-02,-2.411429770290851593e-02,-8.440853953361511230e-01,5.296447038650512695e+00
1.091415341943502426e-02,-2.420103736221790314e-02,-8.455395102500915527e-01,5.300930976867675781e+00
1.136432029306888580e-02,-2.415687032043933868e-02,-8.466337323188781738e-01,5.305804014205932617e+00
7.562787737697362900e-03,-2.518891543149948120e-02,-8.494471907615661621e-01,5.310986995697021484e+00
7.627787999808788300e-03,-2.520933561027050018e-02,-8.507286310195922852e-01,5.315927028656005859e+00
7.297592237591743469e-03,-2.563328295946121216e-02,-8.520694375038146973e-01,5.320937156677246094e+00
7.096088491380214691e-03,-2.585800737142562866e-02,-8.532714843750000000e-01,5.325825929641723633e+00
6.815940607339143753e-03,-2.610178850591182709e-02,-8.544168472290039062e-01,5.330996990203857422e+00
6.684479303658008575e-03,-2.615489065647125244e-02,-8.555626869201660156e-01,5.340462923049926758e+00
6.444493308663368225e-03,-2.627845481038093567e-02,-8.566455245018005371e-01,5.341192960739135742e+00
8.154596202075481415e-03,-2.598848380148410797e-02,-8.563096523284912109e-01,5.346015930175781250e+00
8.257113397121429443e-03,-2.632439509034156799e-02,-8.579526543617248535e-01,5.351014137268066406e+00
8.269433863461017609e-03,-2.668034099042415619e-02,-8.593329191207885742e-01,5.355973005294799805e+00
8.305547758936882019e-03,-2.711929567158222198e-02,-8.608269095420837402e-01,5.361217021942138672e+00
8.371922187507152557e-03,-2.758894301950931549e-02,-8.624428510665893555e-01,5.366008043289184570e+00
8.471344597637653351e-03,-2.773129008710384369e-02,-8.643113374710083008e-01,5.370830059051513672e+00
8.595558814704418182e-03,-2.799070067703723907e-02,-8.662073016166687012e-01,5.376008987426757812e+00
8.745763450860977173e-03,-2.824057824909687042e-02,-8.682258129119873047e-01,5.380963087081909180e+00
9.014758281409740448e-03,-2.382560074329376221e-02,-8.693059086799621582e-01,5.386012077331542969e+00
9.241837076842784882e-03,-2.364440448582172394e-02,-8.715923428535461426e-01,5.391016006469726562e+00
9.514092467725276947e-03,-2.347415126860141754e-02,-8.739940524101257324e-01,5.396748065948486328e+00
8.319373242557048798e-03,-2.374227717518806458e-02,-8.739116787910461426e-01,5.401111125946044922e+00
8.067349903285503387e-03,-2.367961406707763672e-02,-8.756729364395141602e-01,5.406021118164062500e+00
7.734713610261678696e-03,-2.362447232007980347e-02,-8.773421049118041992e-01,5.411180019378662109e+00
7.594713475555181503e-03,-2.364201471209526062e-02,-8.787488341331481934e-01,5.416588068008422852e+00
7.585187908262014389e-03,-2.590524405241012573e-02,-8.777064085006713867e-01,5.421121120452880859e+00
7.432230748236179352e-03,-2.613821998238563538e-02,-8.786573410034179688e-01,5.426537990570068359e+00
7.383582182228565216e-03,-2.631329372525215149e-02,-8.799595832824707031e-01,5.431241035461425781e+00
7.295744493603706360e-03,-2.653661184012889862e-02,-8.810122013092041016e-01,5.436264991760253906e+00
7.224655710160732269e-03,-2.675582095980644226e-02,-8.820594549179077148e-01,5.441110134124755859e+00
7.170766126364469528e-03,-2.699597179889678955e-02,-8.830881118774414062e-01,5.446496009826660156e+00
7.065310608595609665e-03,-2.720229141414165497e-02,-8.843258619308471680e-01,5.451244115829467773e+00
7.848164066672325134e-03,-2.700304239988327026e-02,-8.897233605384826660e-01,5.456539154052734375e+00
7.814510725438594818e-03,-2.720624767243862152e-02,-8.911943435668945312e-01,5.461467027664184570e+00
8.056437596678733826e-03,-2.726997062563896179e-02,-8.926873803138732910e-01,5.466800928115844727e+00
8.192270994186401367e-03,-2.742248773574829102e-02,-8.941788673400878906e-01,5.471179008483886719e+00
8.373280987143516541e-03,-2.758403867483139038e-02,-8.956836462020874023e-01,5.476598978042602539e+00
8.238802663981914520e-03,-2.784920297563076019e-02,-8.974639177322387695e-01,5.481182098388671875e+00
8.201478980481624603e-03,-2.808491140604019165e-02,-8.992193937301635742e-01,5.486873149871826172e+00
7.972859777510166168e-03,-2.555021457374095917e-02,-8.996137976646423340e-01,5.491322040557861328e+00
7.941738702356815338e-03,-2.551043406128883362e-02,-9.012747406959533691e-01,5.496562004089355469e+00
7.776399608701467514e-03,-2.547100372612476349e-02,-9.031389355659484863e-01,5.501348972320556641e+00
7.592086680233478546e-03,-2.542299777269363403e-02,-9.050455093383789062e-01,5.506880044937133789e+00
7.456326857209205627e-03,-2.542661130428314209e-02,-9.066464304924011230e-01,5.511325120925903320e+00
7.294653914868831635e-03,-2.539739571511745453e-02,-9.083441495895385742e-01,5.516875028610229492e+00
7.847891189157962799e-03,-2.653532847762107849e-02,-9.078179001808166504e-01,5.521327018737792969e+00
7.825372740626335144e-03,-2.670471183955669403e-02,-9.090430140495300293e-01,5.526589155197143555e+00
7.777778897434473038e-03,-2.692695334553718567e-02,-9.102324247360229492e-01,5.531495094299316406e+00
7.746701128780841827e-03,-2.715495228767395020e-02,-9.113235473632812500e-01,5.536940097808837891e+00
7.731695659458637238e-03,-2.738313004374504089e-02,-9.123597145080566406e-01,5.541336059570312500e+00
7.383772637695074081e-03,-2.752504125237464905e-02,-9.140045046806335449e-01,5.546878099441528320e+00
7.164762821048498154e-03,-2.762159705162048340e-02,-9.154123663902282715e-01,5.551487922668457031e+00
6.644410546869039536e-03,-2.615091390907764435e-02,-9.206072092056274414e-01,5.556563138961791992e+00
6.932362914085388184e-03,-2.609566040337085724e-02,-9.222706556320190430e-01,5.561591148376464844e+00
6.889401003718376160e-03,-2.603735402226448059e-02,-9.240916371345520020e-01,5.566606044769287109e+00
6.904653739184141159e-03,-2.598438970744609833e-02,-9.259445667266845703e-01,5.571470975875854492e+00
6.759251002222299576e-03,-2.593478932976722717e-02,-9.276389479637145996e-01,5.576583147048950195e+00
6.703080143779516220e-03,-2.588026598095893860e-02,-9.293918013572692871e-01,5.581469058990478516e+00
6.642206571996212006e-03,-2.581852115690708160e-02,-9.311162829399108887e-01,5.586600065231323242e+00
7.187374401837587357e-03,-2.665391564369201660e-02,-9.304127097129821777e-01,5.591439008712768555e+00
7.133926730602979660e-03,-2.669050917029380798e-02,-9.319150447845458984e-01,5.596933126449584961e+00
7.069638930261135101e-03,-2.672819420695304871e-02,-9.334314465522766113e-01,5.601410150527954102e+00
6.874389015138149261e-03,-2.672149799764156342e-02,-9.350937604904174805e-01,5.606559038162231445e+00
6.689945235848426819e-03,-2.673874236643314362e-02,-9.367265105247497559e-01,5.611335992813110352e+00
6.462110672146081924e-03,-2.675852738320827484e-02,-9.383944869041442871e-01,5.616678953170776367e+00
5.876736715435981750e-03,-2.771311439573764801e-02,-9.409869909286499023e-01,5.621539115905761719e+00
6.200296804308891296e-03,-2.776930853724479675e-02,-9.421937465667724609e-01,5.626575946807861328e+00
6.179466377943754196e-03,-2.782984636723995209e-02,-9.437071084976196289e-01,5.631521940231323242e+00
6.208957172930240631e-03,-2.788123674690723419e-02,-9.451660513877868652e-01,5.636538028717041016e+00
6.026907358318567276e-03,-2.792627178132534027e-02,-9.465344548225402832e-01,5.641489028930664062e+00
5.933861248195171356e-03,-2.797152101993560791e-02,-9.478654265403747559e-01,5.646513938903808594e+00
5.957223474979400635e-03,-2.758073247969150543e-02,-9.487776160240173340e-01,5.651517152786254883e+00
6.066097877919673920e-03,-2.772455289959907532e-02,-9.503333568572998047e-01,5.656546115875244141e+00
6.035700440406799316e-03,-2.781745046377182007e-02,-9.516825675964355469e-01,5.661777019500732422e+00
6.034736055880784988e-03,-2.795096300542354584e-02,-9.530301094055175781e-01,5.666679143905639648e+00
5.790666211396455765e-03,-2.813864126801490784e-02,-9.545639157295227051e-01,5.671606063842773438e+00
5.613429006189107895e-03,-2.832609787583351135e-02,-9.560649991035461426e-01,5.676707029342651367e+00
5.387859884649515152e-03,-2.853034250438213348e-02,-9.576031565666198730e-01,5.681590080261230469e+00
5.394683685153722763e-03,-2.808224037289619446e-02,-9.605768322944641113e-01,5.686661958694458008e+00
5.116176791489124298e-03,-2.807959355413913727e-02,-9.623762369155883789e-01,5.691648960113525391e+00
4.803376272320747375e-03,-2.807823009788990021e-02,-9.642213582992553711e-01,5.696833133697509766e+00
4.726099316030740738e-03,-2.809553034603595734e-02,-9.660263061523437500e-01,5.701760053634643555e+00
4.587194882333278656e-03,-2.809317968785762787e-02,-9.678719639778137207e-01,5.706748008728027344e+00
6.140411365777254105e-03,-2.766191028058528900e-02,-9.676406383514404297e-01,5.711602926254272461e+00
6.236192304641008377e-03,-2.770545706152915955e-02,-9.693264365196228027e-01,5.716866970062255859e+00
6.403284613043069839e-03,-2.770722843706607819e-02,-9.707450270652770996e-01,5.721703052520751953e+00
6.610413081943988800e-03,-2.772240713238716125e-02,-9.722995758056640625e-01,5.726835966110229492e+00
6.864078808575868607e-03,-2.770930901169776917e-02,-9.738371372222900391e-01,5.731837034225463867e+00
6.821399088948965073e-03,-2.769915387034416199e-02,-9.753765463829040527e-01,5.737007141113281250e+00
6.885520182549953461e-03,-2.767599001526832581e-02,-9.768838286399841309e-01,5.741666078567504883e+00
4.893967416137456894e-03,-2.866522409021854401e-02,-9.792778491973876953e-01,5.746685028076171875e+00
4.919936880469322205e-03,-2.881876565515995026e-02,-9.808991551399230957e-01,5.751834154129028320e+00
4.778800066560506821e-03,-2.901207283139228821e-02,-9.824407696723937988e-01,5.756865024566650391e+00
4.643647931516170502e-03,-2.923323586583137512e-02,-9.839789271354675293e-01,5.761959075927734375e+00
4.495714791119098663e-03,-2.945812791585922241e-02,-9.855407476425170898e-01,5.766829967498779297e+00
4.357841797173023224e-03,-2.969968691468238831e-02,-9.870990514755249023e-01,5.771814107894897461e+00
4.220079630613327026e-03,-2.995956689119338989e-02,-9.886703491210937500e-01,5.776962041854858398e+00
5.317525006830692291e-03,-2.866011671721935272e-02,-9.901790618896484375e-01,5.781675100326538086e+00
5.091482773423194885e-03,-2.871268056333065033e-02,-9.918019771575927734e-01,5.786996126174926758e+00
4.831820726394653320e-03,-2.879677154123783112e-02,-9.934250116348266602e-01,5.791820049285888672e+00
4.523703828454017639e-03,-2.889323048293590546e-02,-9.950590729713439941e-01,5.797143936157226562e+00
4.502207506448030472e-03,-2.876261249184608459e-02,-9.964203238487243652e-01,5.802044153213500977e+00
4.323182161897420883e-03,-2.870370075106620789e-02,-9.979087114334106445e-01,5.806859016418457031e+00
4.167167469859123230e-03,-2.866026014089584351e-02,-9.993668198585510254e-01,5.811707973480224609e+00
5.368386860936880112e-03,-2.834556996822357178e-02,-9.996841549873352051e-01,5.816904067993164062e+00
5.395036656409502029e-03,-2.820941619575023651e-02,-1.000895261764526367e+00,5.821808099746704102e+00
5.437016021460294724e-03,-2.803273499011993408e-02,-1.002069473266601562e+00,5.827074050903320312e+00
5.706781055778264999e-03,-2.849638089537620544e-02,-1.004547476768493652e+00,5.831845998764038086e+00
5.866276100277900696e-03,-2.856336347758769989e-02,-1.006163716316223145e+00,5.836905956268310547e+00
6.058168131858110428e-03,-2.864277176558971405e-02,-1.007826328277587891e+00,5.841815948486328125e+00
4.855980630964040756e-03,-2.909051440656185150e-02,-1.011055111885070801e+00,5.846939086914062500e+00
4.907539114356040955e-03,-2.918199263513088226e-02,-1.012949705123901367e+00,5.851890087127685547e+00
4.974716342985630035e-03,-2.928679808974266052e-02,-1.014880657196044922e+00,5.856956005096435547e+00
4.921937827020883560e-03,-2.927197888493537903e-02,-1.016649484634399414e+00,5.862015962600708008e+00
4.900182597339153290e-03,-2.928625233471393585e-02,-1.018510580062866211e+00,5.867109060287475586e+00
4.854195285588502884e-03,-2.928209304809570312e-02,-1.020363330841064453e+00,5.871914148330688477e+00
4.807200748473405838e-03,-2.951285429298877716e-02,-1.021957874298095703e+00,5.877004146575927734e+00
3.646956291049718857e-03,-2.942394278943538666e-02,-1.022196292877197266e+00,5.881914138793945312e+00
3.457426792010664940e-03,-2.955195307731628418e-02,-1.023555755615234375e+00,5.887056112289428711e+00
3.253926755860447884e-03,-2.970642596483230591e-02,-1.024832844734191895e+00,5.892040014266967773e+00
3.789779730141162872e-03,-2.948985807597637177e-02,-1.025958657264709473e+00,5.897217988967895508e+00
3.981359302997589111e-03,-2.948246710002422333e-02,-1.027069568634033203e+00,5.902343988418579102e+00
4.275174345821142197e-03,-2.941425517201423645e-02,-1.028132319450378418e+00,5.907110929489135742e+00
2.932651434093713760e-03,-3.085210546851158142e-02,-1.032914876937866211e+00,5.912011146545410156e+00
2.505095209926366806e-03,-3.119307942688465118e-02,-1.034652352333068848e+00,5.917006015777587891e+00
1.966228010132908821e-03,-3.161231800913810730e-02,-1.036454558372497559e+00,5.922055959701538086e+00
2.342233667150139809e-03,-3.153581172227859497e-02,-1.038048624992370605e+00,5.927446126937866211e+00
2.234737854450941086e-03,-3.167384862899780273e-02,-1.039803147315979004e+00,5.932199954986572266e+00
2.195452805608510971e-03,-3.174249827861785889e-02,-1.041566610336303711e+00,5.937026023864746094e+00
1.988367643207311630e-03,-3.196572884917259216e-02,-1.043285250663757324e+00,5.942013978958129883e+00
4.758995957672595978e-03,-3.012811765074729919e-02,-1.041573405265808105e+00,5.947139978408813477e+00
4.878351930528879166e-03,-3.037597052752971649e-02,-1.043106794357299805e+00,5.952162027359008789e+00
5.113657563924789429e-03,-3.040386177599430084e-02,-1.044685721397399902e+00,5.957021951675415039e+00
5.313049070537090302e-03,-3.058744221925735474e-02,-1.046261310577392578e+00,5.962298154830932617e+00
5.545496009290218353e-03,-3.070292249321937561e-02,-1.047864794731140137e+00,5.967217922210693359e+00
5.801433697342872620e-03,-3.080627322196960449e-02,-1.049466967582702637e+00,5.972190141677856445e+00
2.806788310408592224e-03,-3.075749427080154419e-02,-1.051840662956237793e+00,5.977221965789794922e+00
2.394483424723148346e-03,-3.077174164354801178e-02,-1.053156495094299316e+00,5.982164144515991211e+00
1.906567486003041267e-03,-3.076841309666633606e-02,-1.054424405097961426e+00,5.987280130386352539e+00
1.891649910248816013e-03,-3.093299083411693573e-02,-1.055510759353637695e+00,5.992165088653564453e+00
1.562055782414972782e-03,-3.101508878171443939e-02,-1.056640028953552246e+00,5.997385978698730469e+00
1.236270647495985031e-03,-3.109484165906906128e-02,-1.057705163955688477e+00,6.002107143402099609e+00
7.607692386955022812e-04,-3.112759441137313843e-02,-1.058918833732604980e+00,6.007312059402465820e+00
2.452919026836752892e-03,-3.186624124646186829e-02,-1.063070297241210938e+00,6.012158155441284180e+00
2.106292638927698135e-03,-3.207471594214439392e-02,-1.064509630203247070e+00,6.017246961593627930e+00
2.238352550193667412e-03,-3.225870802998542786e-02,-1.066244244575500488e+00,6.022299051284790039e+00
2.152581466361880302e-03,-3.243212029337882996e-02,-1.067848801612854004e+00,6.027702093124389648e+00
2.127933315932750702e-03,-3.261369839310646057e-02,-1.069469809532165527e+00,6.032336950302124023e+00
2.038965467363595963e-03,-3.266994282603263855e-02,-1.071110606193542480e+00,6.037158966064453125e+00
2.023642649874091148e-03,-3.275274485349655151e-02,-1.072820067405700684e+00,6.042303085327148438e+00
2.856740960851311684e-03,-3.130062669515609741e-02,-1.074281811714172363e+00,6.047395944595336914e+00
3.017032053321599960e-03,-3.145574778318405151e-02,-1.076063156127929688e+00,6.052556037902832031e+00
3.160347696393728256e-03,-3.151715919375419617e-02,-1.077909946441650391e+00,6.057384014129638672e+00
3.342477371916174889e-03,-3.157505020499229431e-02,-1.079781889915466309e+00,6.062541961669921875e+00
3.578867996111512184e-03,-3.168070316314697266e-02,-1.081665277481079102e+00,6.067297935485839844e+00
3.403086680918931961e-03,-3.172676265239715576e-02,-1.083434462547302246e+00,6.072304010391235352e+00
3.648931160569190979e-03,-3.185080736875534058e-02,-1.083752512931823730e+00,6.077244043350219727e+00
3.524591913446784019e-03,-3.205953910946846008e-02,-1.085462570190429688e+00,6.082266092300415039e+00
3.910649567842483521e-03,-3.226552158594131470e-02,-1.086823105812072754e+00,6.087487936019897461e+00
4.032189026474952698e-03,-3.249916061758995056e-02,-1.088308453559875488e+00,6.092265129089355469e+00
4.195839166641235352e-03,-3.274495154619216919e-02,-1.089739084243774414e+00,6.097667932510375977e+00
4.065028857439756393e-03,-3.287599980831146240e-02,-1.091171979904174805e+00,6.102432012557983398e+00
4.020617809146642685e-03,-3.306380659341812134e-02,-1.092538475990295410e+00,6.107478141784667969e+00
2.557983621954917908e-03,-3.202866390347480774e-02,-1.094113588333129883e+00,6.112421989440917969e+00
1.994707155972719193e-03,-3.217956423759460449e-02,-1.095747709274291992e+00,6.117469072341918945e+00
1.432778779417276382e-03,-3.229634091258049011e-02,-1.097239494323730469e+00,6.122296094894409180e+00
7.945836987346410751e-04,-3.241678327322006226e-02,-1.098757028579711914e+00,6.127506017684936523e+00
4.120571829844266176e-04,-3.245020285248756409e-02,-1.100346684455871582e+00,6.132219076156616211e+00
-9.890689398162066936e-05,-3.249816969037055969e-02,-1.101929545402526855e+00,6.137351989746093750e+00
-5.885354476049542427e-04,-3.250773623585700989e-02,-1.103534579277038574e+00,6.142369031906127930e+00
3.549998160451650620e-03,-3.227708116173744202e-02,-1.102536678314208984e+00,6.147360086441040039e+00
3.591189160943031311e-03,-3.247840702533721924e-02,-1.104156494140625000e+00,6.152481079101562500e+00
3.599693300202488899e-03,-3.262564167380332947e-02,-1.105691909790039062e+00,6.157488107681274414e+00
3.633555490523576736e-03,-3.278015181422233582e-02,-1.107297062873840332e+00,6.162606000900268555e+00
3.653750289231538773e-03,-3.283612430095672607e-02,-1.108917236328125000e+00,6.167490005493164062e+00
3.719665808603167534e-03,-3.291614726185798645e-02,-1.110574364662170410e+00,6.172472953796386719e+00
3.325269790366292000e-03,-3.213683143258094788e-02,-1.112751722335815430e+00,6.177498102188110352e+00
3.145247697830200195e-03,-3.233532235026359558e-02,-1.114356517791748047e+00,6.182343959808349609e+00
3.075368935242295265e-03,-3.240293636918067932e-02,-1.116043806076049805e+00,6.187502145767211914e+00
2.989455359056591988e-03,-3.247628360986709595e-02,-1.117735743522644043e+00,6.192739009857177734e+00
3.213892923668026924e-03,-3.239218890666961670e-02,-1.119234561920166016e+00,6.197617053985595703e+00
3.360688220709562302e-03,-3.235761448740959167e-02,-1.120772480964660645e+00,6.202337980270385742e+00
3.579782787710428238e-03,-3.230163827538490295e-02,-1.122251391410827637e+00,6.207450151443481445e+00
4.354065749794244766e-03,-3.251818567514419556e-02,-1.123386263847351074e+00,6.212485074996948242e+00
4.477668553590774536e-03,-3.256289660930633545e-02,-1.124754428863525391e+00,6.217528104782104492e+00
4.551069345325231552e-03,-3.262230008840560913e-02,-1.126071572303771973e+00,6.222453117370605469e+00
4.760389216244220734e-03,-3.254153579473495483e-02,-1.127512574195861816e+00,6.228224992752075195e+00
4.902033600956201553e-03,-3.251333534717559814e-02,-1.128877043724060059e+00,6.232666969299316406e+00
5.051323678344488144e-03,-3.246435895562171936e-02,-1.130243182182312012e+00,6.237620115280151367e+00
5.205165594816207886e-03,-3.239245712757110596e-02,-1.131632566452026367e+00,6.242588043212890625e+00
4.451564513146877289e-03,-3.339793160557746887e-02,-1.133857965469360352e+00,6.247658967971801758e+00
4.790521226823329926e-03,-3.352589160203933716e-02,-1.135624527931213379e+00,6.252458095550537109e+00
5.193409509956836700e-03,-3.365397825837135315e-02,-1.137470841407775879e+00,6.257622957229614258e+00
4.888759460300207138e-03,-3.370603546500205994e-02,-1.139142394065856934e+00,6.262700080871582031e+00
4.933220800012350082e-03,-3.380483016371726990e-02,-1.140946388244628906e+00,6.267620086669921875e+00
4.908578470349311829e-03,-3.392726182937622070e-02,-1.142758727073669434e+00,6.272582054138183594e+00
4.326664842665195465e-03,-3.295696899294853210e-02,-1.142434239387512207e+00,6.277650117874145508e+00
4.493060521781444550e-03,-3.288318961858749390e-02,-1.143718481063842773e+00,6.282603979110717773e+00
4.690047353506088257e-03,-3.277232870459556580e-02,-1.144930243492126465e+00,6.287841081619262695e+00
4.659728147089481354e-03,-3.296715021133422852e-02,-1.146314978599548340e+00,6.292817115783691406e+00
4.745927639305591583e-03,-3.299369290471076965e-02,-1.147552728652954102e+00,6.297847986221313477e+00
4.815551917999982834e-03,-3.303439170122146606e-02,-1.148766994476318359e+00,6.302793979644775391e+00
4.662475548684597015e-03,-3.310930728912353516e-02,-1.150227785110473633e+00,6.307757139205932617e+00
2.411689143627882004e-03,-3.517343848943710327e-02,-1.153986930847167969e+00,6.312798976898193359e+00
1.968392403796315193e-03,-3.543856739997863770e-02,-1.155666470527648926e+00,6.317759037017822266e+00
1.441889209672808647e-03,-3.568955510854721069e-02,-1.157401084899902344e+00,6.322823047637939453e+00
1.983335008844733238e-03,-3.563971444964408875e-02,-1.158978104591369629e+00,6.328068017959594727e+00
1.975378720089793205e-03,-3.573558852076530457e-02,-1.160678386688232422e+00,6.332803964614868164e+00
2.044646767899394035e-03,-3.582072630524635315e-02,-1.162410736083984375e+00,6.337754011154174805e+00
1.856102724559605122e-03,-3.600399196147918701e-02,-1.164022088050842285e+00,6.342802047729492188e+00
2.500886097550392151e-03,-3.462128341197967529e-02,-1.163409471511840820e+00,6.347906112670898438e+00
2.433881163597106934e-03,-3.465368971228599548e-02,-1.164804100990295410e+00,6.352702140808105469e+00
2.527727512642741203e-03,-3.485881537199020386e-02,-1.166114687919616699e+00,6.357887029647827148e+00
2.542620524764060974e-03,-3.495908156037330627e-02,-1.167430281639099121e+00,6.362965106964111328e+00
2.572861034423112869e-03,-3.508327528834342957e-02,-1.168707132339477539e+00,6.368054151535034180e+00
2.549844793975353241e-03,-3.523305431008338928e-02,-1.170087456703186035e+00,6.372987985610961914e+00
3.212163923308253288e-03,-3.401929885149002075e-02,-1.172036409378051758e+00,6.377948045730590820e+00
3.244797233492136002e-03,-3.396861627697944641e-02,-1.173522233963012695e+00,6.382797002792358398e+00
3.312901593744754791e-03,-3.401506319642066956e-02,-1.175005912780761719e+00,6.387921094894409180e+00
3.335682209581136703e-03,-3.406273201107978821e-02,-1.176530599594116211e+00,6.392925024032592773e+00
3.381284885108470917e-03,-3.409803658723831177e-02,-1.178052902221679688e+00,6.397958040237426758e+00
3.374770749360322952e-03,-3.400408104062080383e-02,-1.179622650146484375e+00,6.403236150741577148e+00
3.379161702468991280e-03,-3.396612033247947693e-02,-1.181192159652709961e+00,6.407945156097412109e+00
2.405953360721468925e-03,-3.390604630112648010e-02,-1.182527899742126465e+00,6.412925958633422852e+00
2.266061026602983475e-03,-3.375059738755226135e-02,-1.184167504310607910e+00,6.418066978454589844e+00
1.985891489312052727e-03,-3.378153592348098755e-02,-1.185871720314025879e+00,6.422955036163330078e+00
1.736542792059481144e-03,-3.371876478195190430e-02,-1.187572956085205078e+00,6.428175926208496094e+00
1.455130055546760559e-03,-3.367219865322113037e-02,-1.189298987388610840e+00,6.433053970336914062e+00
1.362077658995985985e-03,-3.353516757488250732e-02,-1.190896749496459961e+00,6.438043117523193359e+00
1.192533993162214756e-03,-3.343299403786659241e-02,-1.192562103271484375e+00,6.443099975585937500e+00
2.804242772981524467e-03,-3.487927466630935669e-02,-1.192860364913940430e+00,6.448053121566772461e+00
2.735037589445710182e-03,-3.507847338914871216e-02,-1.194206714630126953e+00,6.453052997589111328e+00
2.755366265773773193e-03,-3.519201651215553284e-02,-1.195589661598205566e+00,6.458096981048583984e+00
2.770293038338422775e-03,-3.529568389058113098e-02,-1.196951508522033691e+00,6.463325977325439453e+00
2.746727550402283669e-03,-3.536603227257728577e-02,-1.198366284370422363e+00,6.468060970306396484e+00
2.736259950324892998e-03,-3.546647727489471436e-02,-1.199718952178955078e+00,6.473077058792114258e+00
2.431658795103430748e-03,-3.573403134942054749e-02,-1.201665282249450684e+00,6.478044986724853516e+00
2.401985693722963333e-03,-3.581768646836280823e-02,-1.203141331672668457e+00,6.483103036880493164e+00
2.349324058741331100e-03,-3.594509139657020569e-02,-1.204561352729797363e+00,6.488062143325805664e+00
2.300972584635019302e-03,-3.609159588813781738e-02,-1.205980300903320312e+00,6.493052959442138672e+00
2.248823642730712891e-03,-3.624250367283821106e-02,-1.207401037216186523e+00,6.498173952102661133e+00
2.256923355162143707e-03,-3.634843602776527405e-02,-1.208883881568908691e+00,6.503082036972045898e+00
2.239909954369068146e-03,-3.646337240934371948e-02,-1.210360169410705566e+00,6.508157968521118164e+00
2.447976265102624893e-03,-3.537323698401451111e-02,-1.211237430572509766e+00,6.513162136077880859e+00
2.411118708550930023e-03,-3.549508005380630493e-02,-1.212703108787536621e+00,6.518310070037841797e+00
2.405088394880294800e-03,-3.561063855886459351e-02,-1.214168906211853027e+00,6.523195981979370117e+00
2.398960292339324951e-03,-3.573363274335861206e-02,-1.215644240379333496e+00,6.528448104858398438e+00
2.487911144271492958e-03,-3.583684936165809631e-02,-1.217176437377929688e+00,6.533147096633911133e+00
2.557358704507350922e-03,-3.595838323235511780e-02,-1.218715310096740723e+00,6.538223981857299805e+00
2.644480904564261436e-03,-3.607786819338798523e-02,-1.220285058021545410e+00,6.543214082717895508e+00
2.424221718683838844e-03,-3.502575308084487915e-02,-1.222022533416748047e+00,6.548407077789306641e+00
2.419364405795931816e-03,-3.502042591571807861e-02,-1.223553180694580078e+00,6.553241014480590820e+00
2.384975319728255272e-03,-3.503981605172157288e-02,-1.225067615509033203e+00,6.558181047439575195e+00
2.403626218438148499e-03,-3.507043048739433289e-02,-1.226549506187438965e+00,6.563293933868408203e+00
2.393305767327547073e-03,-3.508897870779037476e-02,-1.228024601936340332e+00,6.568369150161743164e+00
2.386324573308229446e-03,-3.511354699730873108e-02,-1.229482293128967285e+00,6.573145151138305664e+00
2.193401567637920380e-03,-3.581888228654861450e-02,-1.230567455291748047e+00,6.578459024429321289e+00
2.442704513669013977e-03,-3.614478930830955505e-02,-1.232360482215881348e+00,6.583316087722778320e+00
2.572942757979035378e-03,-3.633339330554008484e-02,-1.233961939811706543e+00,6.588340997695922852e+00
2.765109064057469368e-03,-3.653363138437271118e-02,-1.235556960105895996e+00,6.593636035919189453e+00
2.888916525989770889e-03,-3.662891685962677002e-02,-1.236840724945068359e+00,6.598344087600708008e+00
3.067639889195561409e-03,-3.677393123507499695e-02,-1.238231301307678223e+00,6.603323936462402344e+00
3.264695173129439354e-03,-3.690822422504425049e-02,-1.239564538002014160e+00,6.608345985412597656e+00
4.081455059349536896e-03,-3.416023403406143188e-02,-1.240434646606445312e+00,6.613305091857910156e+00
4.321830812841653824e-03,-3.385824710130691528e-02,-1.241761445999145508e+00,6.618360996246337891e+00
4.581488668918609619e-03,-3.350489959120750427e-02,-1.243066668510437012e+00,6.623289108276367188e+00
4.539399407804012299e-03,-3.378959372639656067e-02,-1.244681239128112793e+00,6.628597021102905273e+00
4.699844866991043091e-03,-3.366728127002716064e-02,-1.246060609817504883e+00,6.633430004119873047e+00
4.856687039136886597e-03,-3.351936116814613342e-02,-1.247439742088317871e+00,6.638415098190307617e+00
5.026060622185468674e-03,-3.328347206115722656e-02,-1.249004840850830078e+00,6.643478155136108398e+00
4.100576508790254593e-03,-3.550324961543083191e-02,-1.249812602996826172e+00,6.648437976837158203e+00
4.161798395216464996e-03,-3.543534129858016968e-02,-1.251332998275756836e+00,6.653399944305419922e+00
4.226671531796455383e-03,-3.559401631355285645e-02,-1.252919912338256836e+00,6.658461093902587891e+00
4.280982539057731628e-03,-3.566885739564895630e-02,-1.254558086395263672e+00,6.663573026657104492e+00
4.328517708927392960e-03,-3.580406308174133301e-02,-1.256241083145141602e+00,6.668436050415039062e+00
4.378886427730321884e-03,-3.594345599412918091e-02,-1.257970452308654785e+00,6.673418045043945312e+00
4.199230112135410309e-03,-3.483117371797561646e-02,-1.258337140083312988e+00,6.678632020950317383e+00
4.433314781635999680e-03,-3.451563417911529541e-02,-1.259648203849792480e+00,6.683455944061279297e+00
4.681242164224386215e-03,-3.417664021253585815e-02,-1.260933876037597656e+00,6.688384056091308594e+00
4.952791146934032440e-03,-3.437855094671249390e-02,-1.262139439582824707e+00,6.693490982055664062e+00
5.282260011881589890e-03,-3.425127640366554260e-02,-1.263332009315490723e+00,6.698559045791625977e+00
5.659274291247129440e-03,-3.417105227708816528e-02,-1.264479756355285645e+00,6.703257083892822266e+00
5.994952283799648285e-03,-3.406927362084388733e-02,-1.265771627426147461e+00,6.708366155624389648e+00
4.684978164732456207e-03,-3.602044656872749329e-02,-1.269945621490478516e+00,6.713490009307861328e+00
4.913954064249992371e-03,-3.595619276165962219e-02,-1.271472096443176270e+00,6.718552112579345703e+00
5.014535505324602127e-03,-3.607464209198951721e-02,-1.273214578628540039e+00,6.723472118377685547e+00
5.181645508855581284e-03,-3.610886633396148682e-02,-1.274884700775146484e+00,6.728739023208618164e+00
5.335173569619655609e-03,-3.613609448075294495e-02,-1.276599764823913574e+00,6.733365058898925781e+00
5.388360470533370972e-03,-3.607875853776931763e-02,-1.278282642364501953e+00,6.738564968109130859e+00
5.608130246400833130e-03,-3.631504252552986145e-02,-1.279098987579345703e+00,6.743358135223388672e+00
5.611155647784471512e-03,-3.642737865447998047e-02,-1.280803203582763672e+00,6.748639106750488281e+00
5.578921176493167877e-03,-3.654218837618827820e-02,-1.282524585723876953e+00,6.753700971603393555e+00
5.754258483648300171e-03,-3.656081110239028931e-02,-1.283743739128112793e+00,6.758576154708862305e+00
5.783295724540948868e-03,-3.661849722266197205e-02,-1.285239815711975098e+00,6.763782978057861328e+00
5.802221596240997314e-03,-3.668981790542602539e-02,-1.286690950393676758e+00,6.768635034561157227e+00
5.775381345301866531e-03,-3.685222938656806946e-02,-1.288184404373168945e+00,6.773524045944213867e+00
5.967129021883010864e-03,-3.653415292501449585e-02,-1.289784193038940430e+00,6.778563022613525391e+00
5.946683697402477264e-03,-3.653368726372718811e-02,-1.291230440139770508e+00,6.783606052398681641e+00
5.895184818655252457e-03,-3.670215234160423279e-02,-1.292866110801696777e+00,6.788615942001342773e+00
5.824795924127101898e-03,-3.680309653282165527e-02,-1.294412493705749512e+00,6.793740034103393555e+00
5.744567606598138809e-03,-3.691691532731056213e-02,-1.295969128608703613e+00,6.798625946044921875e+00
5.683472380042076111e-03,-3.693737462162971497e-02,-1.297512173652648926e+00,6.803602933883666992e+00
5.597021896392107010e-03,-3.701086342334747314e-02,-1.299069881439208984e+00,6.808568954467773438e+00
5.361497867852449417e-03,-3.701480850577354431e-02,-1.300275921821594238e+00,6.813616991043090820e+00
5.401208531111478806e-03,-3.709360212087631226e-02,-1.301753401756286621e+00,6.818592071533203125e+00
5.374612286686897278e-03,-3.717705607414245605e-02,-1.303279519081115723e+00,6.823617935180664062e+00
5.365539807826280594e-03,-3.727681934833526611e-02,-1.304793000221252441e+00,6.828907966613769531e+00
5.351961124688386917e-03,-3.727776184678077698e-02,-1.306348204612731934e+00,6.833712100982666016e+00
5.359204020351171494e-03,-3.730739653110504150e-02,-1.307876706123352051e+00,6.838526964187622070e+00
5.559223704040050507e-03,-3.766914084553718567e-02,-1.309688925743103027e+00,6.843739986419677734e+00
5.581615958362817764e-03,-3.765428811311721802e-02,-1.311285018920898438e+00,6.848757982254028320e+00
5.439897067844867706e-03,-3.785619884729385376e-02,-1.312968730926513672e+00,6.853711128234863281e+00
5.387492477893829346e-03,-3.794056177139282227e-02,-1.314604640007019043e+00,6.859035968780517578e+00
5.306875798851251602e-03,-3.802879154682159424e-02,-1.316255450248718262e+00,6.863955974578857422e+00
5.261378362774848938e-03,-3.801286220550537109e-02,-1.317882895469665527e+00,6.868791103363037109e+00
5.191301926970481873e-03,-3.804363682866096497e-02,-1.319539666175842285e+00,6.873603105545043945e+00
5.486011970788240433e-03,-3.813886269927024841e-02,-1.320534706115722656e+00,6.878791093826293945e+00
5.632821004837751389e-03,-3.824504092335700989e-02,-1.322064399719238281e+00,6.883604049682617188e+00
5.700201727449893951e-03,-3.839301317930221558e-02,-1.323712825775146484e+00,6.888777971267700195e+00
5.781165324151515961e-03,-3.850958496332168579e-02,-1.325399279594421387e+00,6.893990993499755859e+00
5.763392429798841476e-03,-3.860118240118026733e-02,-1.327074527740478516e+00,6.898795127868652344e+00
5.798713304102420807e-03,-3.870746865868568420e-02,-1.328728556632995605e+00,6.903708934783935547e+00
5.820815451443195343e-03,-3.880290314555168152e-02,-1.330374479293823242e+00,6.909033060073852539e+00
4.501805640757083893e-03,-3.964267671108245850e-02,-1.331671714782714844e+00,6.913886070251464844e+00
4.324972163885831833e-03,-3.987383842468261719e-02,-1.333212614059448242e+00,6.918981075286865234e+00
4.138297867029905319e-03,-4.010202735662460327e-02,-1.334727644920349121e+00,6.923924922943115234e+00
3.928106278181076050e-03,-4.030306264758110046e-02,-1.336213827133178711e+00,6.929221153259277344e+00
3.736419603228569031e-03,-4.056948795914649963e-02,-1.337964177131652832e+00,6.933915138244628906e+00
3.520145546644926071e-03,-4.084601253271102905e-02,-1.339578390121459961e+00,6.938998937606811523e+00
5.149271804839372635e-03,-3.825202211737632751e-02,-1.340659499168395996e+00,6.943925142288208008e+00
5.161179229617118835e-03,-3.839858621358871460e-02,-1.342423439025878906e+00,6.948936939239501953e+00
5.101166199892759323e-03,-3.846702352166175842e-02,-1.344191431999206543e+00,6.953927993774414062e+00
5.048551131039857864e-03,-3.853695467114448547e-02,-1.346002340316772461e+00,6.958990097045898438e+00
5.221586674451828003e-03,-3.852359578013420105e-02,-1.347760200500488281e+00,6.964066028594970703e+00
5.372073967009782791e-03,-3.853962197899818420e-02,-1.349574565887451172e+00,6.968961954116821289e+00
5.590276326984167099e-03,-3.854345530271530151e-02,-1.351416349411010742e+00,6.973931074142456055e+00
4.873962607234716415e-03,-3.878575190901756287e-02,-1.352378129959106445e+00,6.979192018508911133e+00
4.674123134464025497e-03,-3.896796703338623047e-02,-1.353943824768066406e+00,6.984000921249389648e+00
4.401815123856067657e-03,-3.918788209557533264e-02,-1.355465888977050781e+00,6.989081144332885742e+00
4.506507422775030136e-03,-3.904084116220474243e-02,-1.356649637222290039e+00,6.994311094284057617e+00
4.377523902803659439e-03,-3.908398002386093140e-02,-1.357912302017211914e+00,6.999149084091186523e+00
4.260568879544734955e-03,-3.909966722130775452e-02,-1.359074115753173828e+00,7.004086017608642578e+00
3.951935563236474991e-03,-3.936256468296051025e-02,-1.360499620437622070e+00,7.009068012237548828e+00
4.570832010358572006e-03,-4.007916525006294250e-02,-1.362736225128173828e+00,7.014063119888305664e+00
4.272849299013614655e-03,-4.039686545729637146e-02,-1.364139080047607422e+00,7.019114017486572266e+00
3.946011420339345932e-03,-4.075651243329048157e-02,-1.365530610084533691e+00,7.024026155471801758e+00
4.012165125459432602e-03,-4.079594463109970093e-02,-1.367134571075439453e+00,7.029469966888427734e+00
3.835824783891439438e-03,-4.102901741862297058e-02,-1.368651509284973145e+00,7.034062147140502930e+00
3.681353293359279633e-03,-4.124521836638450623e-02,-1.370191574096679688e+00,7.039144992828369141e+00
3.789321519434452057e-03,-3.873889148235321045e-02,-1.371385812759399414e+00,7.044062137603759766e+00
3.506538690999150276e-03,-3.871444985270500183e-02,-1.373101949691772461e+00,7.049200057983398438e+00
3.178346669301390648e-03,-3.868781030178070068e-02,-1.374890804290771484e+00,7.054188966751098633e+00
3.226633183658123016e-03,-3.873247653245925903e-02,-1.376758575439453125e+00,7.059342145919799805e+00
3.076420631259679794e-03,-3.874340653419494629e-02,-1.378698587417602539e+00,7.064319133758544922e+00
2.956267446279525757e-03,-3.872374817728996277e-02,-1.380722045898437500e+00,7.069235086441040039e+00
2.968239830806851387e-03,-3.857618942856788635e-02,-1.382461667060852051e+00,7.074188947677612305e+00
3.454870777204632759e-03,-3.959773853421211243e-02,-1.381877303123474121e+00,7.079270124435424805e+00
3.636194160208106041e-03,-3.971939906477928162e-02,-1.383267998695373535e+00,7.084165096282958984e+00
3.787998575717210770e-03,-3.992000967264175415e-02,-1.384352564811706543e+00,7.089239120483398438e+00
4.033839795738458633e-03,-4.012545198202133179e-02,-1.385450839996337891e+00,7.094439983367919922e+00
4.314451944082975388e-03,-4.032626003026962280e-02,-1.386486649513244629e+00,7.099322080612182617e+00
4.634719341993331909e-03,-4.053729772567749023e-02,-1.387442588806152344e+00,7.104187011718750000e+00
4.739035386592149734e-03,-4.082928597927093506e-02,-1.388465166091918945e+00,7.109230995178222656e+00
2.416266361251473427e-03,-4.080310836434364319e-02,-1.394890427589416504e+00,7.114151000976562500e+00
2.310964744538068771e-03,-4.104932397603988647e-02,-1.396267414093017578e+00,7.119328975677490234e+00
1.957841916009783745e-03,-4.117255285382270813e-02,-1.398083806037902832e+00,7.124314069747924805e+00
1.715333200991153717e-03,-4.135149344801902771e-02,-1.399607181549072266e+00,7.129579067230224609e+00
1.426405389793217182e-03,-4.153941199183464050e-02,-1.401143074035644531e+00,7.134319067001342773e+00
1.071817823685705662e-03,-4.175294563174247742e-02,-1.402982115745544434e+00,7.139303922653198242e+00
2.240636618807911873e-03,-4.010836035013198853e-02,-1.402987837791442871e+00,7.144317150115966797e+00
1.874395995400846004e-03,-4.015006124973297119e-02,-1.404930114746093750e+00,7.149286031723022461e+00
2.196540124714374542e-03,-4.013436287641525269e-02,-1.406863570213317871e+00,7.154308080673217773e+00
2.201235154643654823e-03,-4.014751315116882324e-02,-1.408984184265136719e+00,7.159307956695556641e+00
2.281237859278917313e-03,-4.013473540544509888e-02,-1.411211133003234863e+00,7.164433002471923828e+00
1.977147767320275307e-03,-4.018820822238922119e-02,-1.413151383399963379e+00,7.169451951980590820e+00
1.819183700717985630e-03,-4.020597413182258606e-02,-1.415245413780212402e+00,7.174309015274047852e+00
1.674001570791006088e-03,-3.998412191867828369e-02,-1.414788722991943359e+00,7.179397106170654297e+00
1.625295029953122139e-03,-4.004848375916481018e-02,-1.415632963180541992e+00,7.184553146362304688e+00
1.431848504580557346e-03,-4.016789421439170837e-02,-1.416622877120971680e+00,7.189460039138793945e+00
1.231453730724751949e-03,-4.034413769841194153e-02,-1.417374730110168457e+00,7.194544076919555664e+00
1.028525875881314278e-03,-4.053836688399314880e-02,-1.417891740798950195e+00,7.199470996856689453e+00
9.400860872119665146e-04,-4.084068164229393005e-02,-1.419162511825561523e+00,7.204437017440795898e+00
8.087476016953587532e-04,-4.107169061899185181e-02,-1.419965028762817383e+00,7.209491014480590820e+00
1.675153383985161781e-03,-4.275955259799957275e-02,-1.424331426620483398e+00,7.214363098144531250e+00
1.809730660170316696e-03,-4.270834103226661682e-02,-1.425860762596130371e+00,7.219489097595214844e+00
1.925104879774153233e-03,-4.281875491142272949e-02,-1.427080392837524414e+00,7.224463939666748047e+00
2.071072580292820930e-03,-4.291662946343421936e-02,-1.428307890892028809e+00,7.229732036590576172e+00
2.101833932101726532e-03,-4.308436810970306396e-02,-1.429659008979797363e+00,7.234446048736572266e+00
2.198538742959499359e-03,-4.321391880512237549e-02,-1.431009888648986816e+00,7.239505052566528320e+00
1.187233603559434414e-03,-4.143599048256874084e-02,-1.432786464691162109e+00,7.244324922561645508e+00
1.047775382176041603e-03,-4.137806594371795654e-02,-1.434530973434448242e+00,7.249562978744506836e+00
9.526147041469812393e-04,-4.130725935101509094e-02,-1.436214327812194824e+00,7.254477024078369141e+00
8.248577942140400410e-04,-4.122525826096534729e-02,-1.437992572784423828e+00,7.259519100189208984e+00
7.644359720870852470e-04,-4.129580408334732056e-02,-1.439847826957702637e+00,7.264533996582031250e+00
6.584436632692813873e-04,-4.132108762860298157e-02,-1.441771149635314941e+00,7.269505977630615234e+00
5.510915070772171021e-04,-4.135359823703765869e-02,-1.443730592727661133e+00,7.274533987045288086e+00
8.088842732831835747e-04,-4.146091639995574951e-02,-1.445138812065124512e+00,7.279556989669799805e+00
9.264316759072244167e-04,-4.143904894590377808e-02,-1.446796059608459473e+00,7.284508943557739258e+00
9.558622841723263264e-04,-4.156086966395378113e-02,-1.448836803436279297e+00,7.289567947387695312e+00
9.975869907066226006e-04,-4.170232638716697693e-02,-1.450902581214904785e+00,7.294780969619750977e+00
1.085796859115362167e-03,-4.205911234021186829e-02,-1.452543973922729492e+00,7.299700975418090820e+00
1.194824348203837872e-03,-4.231544584035873413e-02,-1.454265832901000977e+00,7.304557085037231445e+00
1.208792673423886299e-03,-4.259826242923736572e-02,-1.453154087066650391e+00,7.309564113616943359e+00
1.197458244860172272e-03,-4.242318496108055115e-02,-1.454004526138305664e+00,7.314590930938720703e+00
1.298875198699533939e-03,-4.241375252604484558e-02,-1.454882979393005371e+00,7.319720983505249023e+00
1.389790675602853298e-03,-4.238002747297286987e-02,-1.455650925636291504e+00,7.324656963348388672e+00
1.489033806137740612e-03,-4.254108667373657227e-02,-1.456806063652038574e+00,7.329949140548706055e+00
1.578300027176737785e-03,-4.265848174691200256e-02,-1.457748055458068848e+00,7.334653139114379883e+00
1.666169031523168087e-03,-4.282183572649955750e-02,-1.458698391914367676e+00,7.339693069458007812e+00
1.049353508278727531e-03,-4.370009526610374451e-02,-1.463346123695373535e+00,7.344659090042114258e+00
1.085891155526041985e-03,-4.379315301775932312e-02,-1.465006470680236816e+00,7.349653005599975586e+00
1.123340800404548645e-03,-4.386828839778900146e-02,-1.466771483421325684e+00,7.354691028594970703e+00
9.530224488116800785e-04,-4.404891654849052429e-02,-1.468691587448120117e+00,7.359952926635742188e+00
8.084762375801801682e-04,-4.422276094555854797e-02,-1.470730781555175781e+00,7.364794969558715820e+00
6.023749010637402534e-04,-4.443513602018356323e-02,-1.472896456718444824e+00,7.369845151901245117e+00
3.399416746105998755e-04,-4.469218850135803223e-02,-1.475183010101318359e+00,7.374781131744384766e+00
1.423307927325367928e-03,-4.125780984759330750e-02,-1.473200559616088867e+00,7.379809141159057617e+00
1.586671918630599976e-03,-4.097563773393630981e-02,-1.474888682365417480e+00,7.384779930114746094e+00
1.817313139326870441e-03,-4.065751656889915466e-02,-1.476531744003295898e+00,7.390110969543457031e+00
1.979923807084560394e-03,-4.096887260675430298e-02,-1.477361083030700684e+00,7.394982099533081055e+00
2.243192167952656746e-03,-4.086774587631225586e-02,-1.478458523750305176e+00,7.399815082550048828e+00
2.545164898037910461e-03,-4.077570140361785889e-02,-1.479381203651428223e+00,7.404798030853271484e+00
2.541723195463418961e-03,-4.057207331061363220e-02,-1.480422139167785645e+00,7.409923076629638672e+00
2.668306697160005569e-04,-4.407446458935737610e-02,-1.485946655273437500e+00,7.414760112762451172e+00
-1.875660018413327634e-05,-4.412559047341346741e-02,-1.487309217453002930e+00,7.419832944869995117e+00
9.270475857192650437e-05,-4.415903240442276001e-02,-1.488976478576660156e+00,7.424803972244262695e+00
-1.166359106719028205e-05,-4.417925700545310974e-02,-1.490451574325561523e+00,7.430072069168090820e+00
-9.223115921486169100e-05,-4.419690370559692383e-02,-1.491942644119262695e+00,7.434947013854980469e+00
-2.061138075077906251e-04,-4.431470856070518494e-02,-1.493636250495910645e+00,7.439805030822753906e+00
4.555634222924709320e-04,-4.448109865188598633e-02,-1.493662357330322266e+00,7.444772005081176758e+00
4.212043713778257370e-04,-4.469298943877220154e-02,-1.495317578315734863e+00,7.449829101562500000e+00
3.928149817511439323e-04,-4.494481533765792847e-02,-1.497049450874328613e+00,7.454961061477661133e+00
2.891955082304775715e-04,-4.479772225022315979e-02,-1.498888254165649414e+00,7.460067033767700195e+00
2.214444684796035290e-04,-4.489899799227714539e-02,-1.500765800476074219e+00,7.465074062347412109e+00
1.511925802333280444e-04,-4.498032480478286743e-02,-1.502711892127990723e+00,7.469959974288940430e+00
-1.087332566385157406e-05,-4.517008736729621887e-02,-1.504597544670104980e+00,7.474949121475219727e+00
8.183120517060160637e-04,-4.364735260605812073e-02,-1.504146099090576172e+00,7.479969978332519531e+00
6.607087561860680580e-04,-4.372634738683700562e-02,-1.505904197692871094e+00,7.484894037246704102e+00
1.030195620842278004e-03,-4.362574219703674316e-02,-1.507208824157714844e+00,7.490070104598999023e+00
1.157476566731929779e-03,-4.362013190984725952e-02,-1.508739948272705078e+00,7.495203971862792969e+00
1.346492557786405087e-03,-4.358258843421936035e-02,-1.510230064392089844e+00,7.500077009201049805e+00
1.269898260943591595e-03,-4.370595142245292664e-02,-1.511701583862304688e+00,7.504929065704345703e+00
-6.974268471822142601e-04,-4.588398337364196777e-02,-1.514820337295532227e+00,7.510082960128784180e+00
-1.028289319947361946e-03,-4.631520807743072510e-02,-1.516369342803955078e+00,7.514969110488891602e+00
-1.193190109916031361e-03,-4.642821103334426880e-02,-1.517873883247375488e+00,7.519953966140747070e+00
-1.480148755945265293e-03,-4.678052663803100586e-02,-1.519348978996276855e+00,7.525076150894165039e+00
-1.778568257577717304e-03,-4.717476665973663330e-02,-1.520782947540283203e+00,7.530138969421386719e+00
-2.072757575660943985e-03,-4.755309596657752991e-02,-1.522442340850830078e+00,7.535257101058959961e+00
-2.355901058763265610e-03,-4.792750626802444458e-02,-1.523993492126464844e+00,7.540122032165527344e+00
-2.073208452202379704e-04,-4.465110227465629578e-02,-1.525582671165466309e+00,7.545073032379150391e+00
-3.756769292522221804e-04,-4.464136809110641479e-02,-1.527322173118591309e+00,7.550107002258300781e+00
-6.695413612760603428e-04,-4.498696699738502502e-02,-1.529170870780944824e+00,7.555132150650024414e+00
-9.068556246347725391e-04,-4.511144757270812988e-02,-1.531014442443847656e+00,7.560178041458129883e+00
-1.166867208667099476e-03,-4.524775967001914978e-02,-1.532890915870666504e+00,7.565191030502319336e+00
-1.324426149949431419e-03,-4.517614096403121948e-02,-1.534717321395874023e+00,7.570115089416503906e+00
-1.520105521194636822e-03,-4.518376663327217102e-02,-1.536605596542358398e+00,7.575117111206054688e+00
3.366784076206386089e-04,-4.507603868842124939e-02,-1.535390138626098633e+00,7.580078125000000000e+00
3.006260667461901903e-04,-4.538013041019439697e-02,-1.537014007568359375e+00,7.585163116455078125e+00
2.817887580022215843e-04,-4.559357464313507080e-02,-1.538724422454833984e+00,7.590314149856567383e+00
2.717507304623723030e-04,-4.583476111292839050e-02,-1.540450453758239746e+00,7.595260143280029297e+00
2.066649904008954763e-04,-4.586570709943771362e-02,-1.541962265968322754e+00,7.600182056427001953e+00
1.534145267214626074e-04,-4.600952565670013428e-02,-1.543527483940124512e+00,7.605200052261352539e+00
-7.474778249161317945e-05,-4.550728201866149902e-02,-1.545036792755126953e+00,7.610142946243286133e+00
-6.415385541913565248e-06,-4.571771249175071716e-02,-1.546592235565185547e+00,7.615185976028442383e+00
-1.976799467229284346e-05,-4.581284895539283752e-02,-1.548025250434875488e+00,7.620159149169921875e+00
3.671179911179933697e-07,-4.595023021101951599e-02,-1.549417853355407715e+00,7.625123023986816406e+00
5.482943015522323549e-05,-4.616574198007583618e-02,-1.550746798515319824e+00,7.630314111709594727e+00
1.669211342232301831e-04,-4.609433189034461975e-02,-1.552241206169128418e+00,7.635168075561523438e+00
2.750178973656147718e-04,-4.610114544630050659e-02,-1.553683638572692871e+00,7.640139102935791016e+00
2.437202347209677100e-04,-4.642949625849723816e-02,-1.555482983589172363e+00,7.645121097564697266e+00
1.503320236224681139e-04,-4.651605337858200073e-02,-1.556873083114624023e+00,7.650192022323608398e+00
1.922091178130358458e-04,-4.663262888789176941e-02,-1.558245062828063965e+00,7.655280113220214844e+00
2.192716201534494758e-04,-4.673110693693161011e-02,-1.559610605239868164e+00,7.660424947738647461e+00
7.867698877817019820e-05,-4.684730991721153259e-02,-1.561095714569091797e+00,7.665305137634277344e+00
-5.553658775170333683e-05,-4.694497212767601013e-02,-1.562562704086303711e+00,7.670393943786621094e+00
-2.434821944916620851e-04,-4.702954739332199097e-02,-1.564068198204040527e+00,7.675311088562011719e+00
-4.004829970654100180e-04,-4.614218696951866150e-02,-1.566304683685302734e+00,7.680269956588745117e+00
-4.615147772710770369e-04,-4.626527801156044006e-02,-1.567949533462524414e+00,7.685266971588134766e+00
-5.000875098630785942e-04,-4.644631966948509216e-02,-1.569647550582885742e+00,7.690411090850830078e+00
-7.107959245331585407e-04,-4.662188515067100525e-02,-1.571180701255798340e+00,7.695585012435913086e+00
-8.534719236195087433e-04,-4.681050777435302734e-02,-1.572790622711181641e+00,7.700397014617919922e+00
-1.020058756694197655e-03,-4.701379314064979553e-02,-1.574390649795532227e+00,7.705302000045776367e+00
-1.212248578667640686e-03,-4.674412682652473450e-02,-1.576104760169982910e+00,7.710623979568481445e+00
-1.452185329981148243e-03,-4.680668562650680542e-02,-1.577619671821594238e+00,7.715286970138549805e+00
-1.736330916173756123e-03,-4.692023620009422302e-02,-1.579106926918029785e+00,7.720328092575073242e+00
-2.061168197542428970e-03,-4.708570241928100586e-02,-1.580541253089904785e+00,7.725219964981079102e+00
-1.947490731254220009e-03,-4.724873602390289307e-02,-1.581959366798400879e+00,7.730585098266601562e+00
-1.999208936467766762e-03,-4.738864302635192871e-02,-1.583362698554992676e+00,7.735468149185180664e+00
-1.992192817851901054e-03,-4.756537824869155884e-02,-1.584776759147644043e+00,7.740463972091674805e+00
-1.824631239287555218e-03,-4.834607243537902832e-02,-1.586750626564025879e+00,7.745420932769775391e+00
-1.966514391824603081e-03,-4.856624081730842590e-02,-1.588244199752807617e+00,7.750447988510131836e+00
-2.130151493474841118e-03,-4.872442036867141724e-02,-1.589748382568359375e+00,7.755440950393676758e+00
-2.144565572962164879e-03,-4.890327155590057373e-02,-1.591263771057128906e+00,7.760477066040039062e+00
-2.193708671256899834e-03,-4.907832294702529907e-02,-1.592769145965576172e+00,7.765529155731201172e+00
-2.223423216491937637e-03,-4.925094172358512878e-02,-1.594297170639038086e+00,7.770431041717529297e+00
-2.281097462400794029e-03,-4.930584877729415894e-02,-1.595892548561096191e+00,7.775584936141967773e+00
-1.601052004843950272e-03,-4.761640727519989014e-02,-1.596211671829223633e+00,7.780400037765502930e+00
-1.601444324478507042e-03,-4.759654775261878967e-02,-1.597693800926208496e+00,7.785483121871948242e+00
-1.589935156516730785e-03,-4.794770851731300354e-02,-1.599333047866821289e+00,7.790703058242797852e+00
-1.570084947161376476e-03,-4.811204969882965088e-02,-1.600924372673034668e+00,7.795805931091308594e+00
-1.543719437904655933e-03,-4.831067100167274475e-02,-1.602550268173217773e+00,7.800471067428588867e+00
-1.511555281467735767e-03,-4.855345562100410461e-02,-1.604212641716003418e+00,7.805424928665161133e+00
-5.627954960800707340e-04,-4.630994424223899841e-02,-1.604559779167175293e+00,7.810580015182495117e+00
-6.117763114161789417e-04,-4.610014706850051880e-02,-1.606011271476745605e+00,7.815496921539306641e+00
-6.915851845405995846e-04,-4.585587605834007263e-02,-1.607469797134399414e+00,7.820487976074218750e+00
-4.913759185001254082e-04,-4.599263891577720642e-02,-1.608843803405761719e+00,7.825400114059448242e+00
-4.503732197917997837e-04,-4.591981321573257446e-02,-1.610269546508789062e+00,7.830673933029174805e+00
-3.752857737708836794e-04,-4.587674513459205627e-02,-1.611669898033142090e+00,7.835582017898559570e+00
-2.019096427829936147e-04,-4.572319611907005310e-02,-1.613033533096313477e+00,7.840569972991943359e+00
-2.731502172537147999e-04,-4.755432158708572388e-02,-1.616290092468261719e+00,7.845551013946533203e+00
-4.369877206045202911e-05,-4.750200361013412476e-02,-1.617814898490905762e+00,7.850477933883666992e+00
-3.675143234431743622e-04,-4.779036715626716614e-02,-1.619460344314575195e+00,7.855710983276367188e+00
-4.385193460620939732e-04,-4.794004932045936584e-02,-1.621033191680908203e+00,7.860834121704101562e+00
-5.757531034760177135e-04,-4.813577234745025635e-02,-1.622608304023742676e+00,7.865666151046752930e+00
-6.746199796907603741e-04,-4.808252677321434021e-02,-1.623964428901672363e+00,7.870715141296386719e+00
-8.556726970709860325e-04,-4.813666641712188721e-02,-1.625376820564270020e+00,7.875678062438964844e+00
-3.826029133051633835e-04,-4.748971015214920044e-02,-1.625670790672302246e+00,7.880877971649169922e+00
7.636116060893982649e-05,-4.759617522358894348e-02,-1.626967668533325195e+00,7.886431932449340820e+00
2.903222630266100168e-04,-4.758451879024505615e-02,-1.628176212310791016e+00,7.890713930130004883e+00
5.880204844288527966e-04,-4.756962135434150696e-02,-1.629346609115600586e+00,7.895955085754394531e+00
9.799856925383210182e-04,-4.757133498787879944e-02,-1.630463719367980957e+00,7.900687932968139648e+00
7.486837566830217838e-04,-4.760957509279251099e-02,-1.632126688957214355e+00,7.905694961547851562e+00
-6.897040875628590584e-04,-4.849608242511749268e-02,-1.634894609451293945e+00,7.910669088363647461e+00
-8.751192945055663586e-04,-4.861131682991981506e-02,-1.636528611183166504e+00,7.915591001510620117e+00
-5.244346102699637413e-04,-4.862372577190399170e-02,-1.637997627258300781e+00,7.920860052108764648e+00
-4.462272336240857840e-04,-4.868955910205841064e-02,-1.639626264572143555e+00,7.925691127777099609e+00
-3.138158353976905346e-04,-4.872893169522285461e-02,-1.641289472579956055e+00,7.931096076965332031e+00
-4.772668180521577597e-04,-4.881642013788223267e-02,-1.642921805381774902e+00,7.935737133026123047e+00
-5.465006106533110142e-04,-4.888825118541717529e-02,-1.644589185714721680e+00,7.940812110900878906e+00
-1.779538346454501152e-03,-4.952115565538406372e-02,-1.645047307014465332e+00,7.945789098739624023e+00
-1.674152445048093796e-03,-4.951845109462738037e-02,-1.646450996398925781e+00,7.950844049453735352e+00
-1.809171400964260101e-03,-4.967226833105087280e-02,-1.647857904434204102e+00,7.955825090408325195e+00
-1.884980942122638226e-03,-4.977406188845634460e-02,-1.649250626564025879e+00,7.961123943328857422e+00
-2.321318490430712700e-03,-4.988208785653114319e-02,-1.650982379913330078e+00,7.965675115585327148e+00
-2.652671653777360916e-03,-5.001952126622200012e-02,-1.652621030807495117e+00,7.970778942108154297e+00
-3.056874498724937439e-03,-5.017988756299018860e-02,-1.654336571693420410e+00,7.975733995437622070e+00
-3.241055645048618317e-03,-4.959075897932052612e-02,-1.658335447311401367e+00,7.980844974517822266e+00
-3.089166479185223579e-03,-4.971478879451751709e-02,-1.659970998764038086e+00,7.985749959945678711e+00
-3.340393537655472755e-03,-4.986685514450073242e-02,-1.661839127540588379e+00,7.991001129150390625e+00
-3.548579290509223938e-03,-5.005918815732002258e-02,-1.663714170455932617e+00,7.996375083923339844e+00
-3.749161725863814354e-03,-5.018865689635276794e-02,-1.665155529975891113e+00,8.000959157943725586e+00
-3.899052506312727928e-03,-5.035170540213584900e-02,-1.666675686836242676e+00,8.005963087081909180e+00
1.078095985576510429e-03,-4.964934289455413818e-02,-1.664180397987365723e+00,8.011003971099853516e+00
1.107809366658329964e-03,-4.999165236949920654e-02,-1.665282964706420898e+00,8.016504049301147461e+00
1.300356467254459858e-03,-5.013951659202575684e-02,-1.666187405586242676e+00,8.020889997482299805e+00
1.493436284363269806e-03,-5.035494640469551086e-02,-1.667014956474304199e+00,8.026359081268310547e+00
1.519987476058304310e-03,-5.068093165755271912e-02,-1.668244838714599609e+00,8.031129121780395508e+00
1.565302605740725994e-03,-5.096774175763130188e-02,-1.669327259063720703e+00,8.035834074020385742e+00
1.558307558298110962e-03,-5.127967521548271179e-02,-1.670468807220458984e+00,8.040899038314819336e+00
1.660196343436837196e-03,-4.984881356358528137e-02,-1.673148274421691895e+00,8.046674966812133789e+00
1.785634667612612247e-03,-4.988630115985870361e-02,-1.674510478973388672e+00,8.050888061523437500e+00
1.946709700860083103e-03,-4.993226006627082825e-02,-1.675864696502685547e+00,8.056741952896118164e+00
2.132248599082231522e-03,-4.995914176106452942e-02,-1.677268624305725098e+00,8.061275959014892578e+00
2.099931705743074417e-03,-4.999123886227607727e-02,-1.678718328475952148e+00,8.066312074661254883e+00
2.174007007852196693e-03,-4.995093122124671936e-02,-1.680189609527587891e+00,8.071135044097900391e+00
1.472035422921180725e-03,-4.996437951922416687e-02,-1.682240366935729980e+00,8.076431989669799805e+00
1.708846539258956909e-03,-4.997873306274414062e-02,-1.683581352233886719e+00,8.081094026565551758e+00
1.798015437088906765e-03,-4.997609928250312805e-02,-1.685101151466369629e+00,8.086532115936279297e+00
1.907621393911540508e-03,-4.998547583818435669e-02,-1.686623096466064453e+00,8.091084957122802734e+00
1.954387174919247627e-03,-5.006825178861618042e-02,-1.688164591789245605e+00,8.096773147583007812e+00
2.045124536380171776e-03,-5.013545975089073181e-02,-1.689695835113525391e+00,8.101047039031982422e+00
2.125283703207969666e-03,-5.023949965834617615e-02,-1.691248059272766113e+00,8.106003999710083008e+00
1.458854996599256992e-03,-5.097511410713195801e-02,-1.693464040756225586e+00,8.111149072647094727e+00
1.387260621413588524e-03,-5.110625550150871277e-02,-1.695021510124206543e+00,8.115980148315429688e+00
1.273987232707440853e-03,-5.127437412738800049e-02,-1.696563005447387695e+00,8.121015071868896484e+00
1.437184866517782211e-03,-5.141142383217811584e-02,-1.697929024696350098e+00,8.126564979553222656e+00
1.531981164589524269e-03,-5.155853182077407837e-02,-1.699312090873718262e+00,8.131130933761596680e+00
1.684529706835746765e-03,-5.170751735568046570e-02,-1.700637459754943848e+00,8.136528968811035156e+00
1.666978583671152592e-03,-5.182079970836639404e-02,-1.702126622200012207e+00,8.140974998474121094e+00
1.864268211647868156e-03,-5.199439078569412231e-02,-1.704265952110290527e+00,8.146517992019653320e+00
1.927912002429366112e-03,-5.202912911772727966e-02,-1.705810070037841797e+00,8.151251077651977539e+00
1.991325058043003082e-03,-5.205900222063064575e-02,-1.707366347312927246e+00,8.156441926956176758e+00
1.529049477539956570e-03,-5.232004076242446899e-02,-1.709100127220153809e+00,8.161292076110839844e+00
1.282145385630428791e-03,-5.246297270059585571e-02,-1.710782647132873535e+00,8.166816949844360352e+00
9.552032570354640484e-04,-5.262959748506546021e-02,-1.712548375129699707e+00,8.171266078948974609e+00
8.519607945345342159e-04,-5.268650874495506287e-02,-1.714123964309692383e+00,8.176711082458496094e+00
1.754926168359816074e-03,-5.165260285139083862e-02,-1.712782382965087891e+00,8.181208133697509766e+00
1.683289185166358948e-03,-5.163861811161041260e-02,-1.713845252990722656e+00,8.186488151550292969e+00
1.523504848591983318e-03,-5.185436084866523743e-02,-1.715311765670776367e+00,8.191329956054687500e+00
1.408032374456524849e-03,-5.191731080412864685e-02,-1.716524243354797363e+00,8.196799993515014648e+00
1.278689014725387096e-03,-5.202034860849380493e-02,-1.717745423316955566e+00,8.201290130615234375e+00
1.449755975045263767e-03,-5.211960896849632263e-02,-1.719188809394836426e+00,8.206725120544433594e+00
2.484226133674383163e-03,-5.235069245100021362e-02,-1.722024202346801758e+00,8.211341142654418945e+00
2.948319073766469955e-03,-5.236158519983291626e-02,-1.723592042922973633e+00,8.216694116592407227e+00
3.095345105975866318e-03,-5.238513275980949402e-02,-1.725111246109008789e+00,8.221303939819335938e+00
3.448071191087365150e-03,-5.239832401275634766e-02,-1.726737976074218750e+00,8.226891994476318359e+00
3.782885847613215446e-03,-5.245360732078552246e-02,-1.728418946266174316e+00,8.231189966201782227e+00
4.123289603739976883e-03,-5.250262469053268433e-02,-1.730115652084350586e+00,8.236886024475097656e+00
4.438153002411127090e-03,-5.251269415020942688e-02,-1.731272697448730469e+00,8.241354942321777344e+00
2.411370165646076202e-03,-5.307108908891677856e-02,-1.732463955879211426e+00,8.246858119964599609e+00
2.579789841547608376e-03,-5.309078097343444824e-02,-1.733577609062194824e+00,8.251460075378417969e+00
2.387389075011014938e-03,-5.325969681143760681e-02,-1.734765172004699707e+00,8.256880044937133789e+00
2.330119488760828972e-03,-5.332393571734428406e-02,-1.735770106315612793e+00,8.261630058288574219e+00
2.220101654529571533e-03,-5.338486284017562866e-02,-1.736683964729309082e+00,8.266597032546997070e+00
2.213420579209923744e-03,-5.349326878786087036e-02,-1.737685203552246094e+00,8.271472930908203125e+00
1.153156044892966747e-03,-5.480025708675384521e-02,-1.743673324584960938e+00,8.276515007019042969e+00
1.046551624312996864e-03,-5.504765734076499939e-02,-1.745169520378112793e+00,8.281492948532104492e+00
9.586303494870662689e-04,-5.516027286648750305e-02,-1.746924638748168945e+00,8.286839008331298828e+00
8.381362422369420528e-04,-5.533310398459434509e-02,-1.748572587966918945e+00,8.291461944580078125e+00
7.195068756118416786e-04,-5.551654845476150513e-02,-1.750241398811340332e+00,8.296540021896362305e+00
8.064121357165277004e-04,-5.574617534875869751e-02,-1.751822829246520996e+00,8.301306962966918945e+00
8.506888407282531261e-04,-5.593661218881607056e-02,-1.753469109535217285e+00,8.306609153747558594e+00
6.559003959409892559e-04,-5.385457724332809448e-02,-1.751410245895385742e+00,8.311274051666259766e+00
6.258728681132197380e-04,-5.394917353987693787e-02,-1.753100752830505371e+00,8.316512107849121094e+00
7.263456936925649643e-04,-5.403913557529449463e-02,-1.754702687263488770e+00,8.321429967880249023e+00
8.294346625916659832e-04,-5.413774028420448303e-02,-1.756402254104614258e+00,8.326803922653198242e+00
9.383960277773439884e-04,-5.424186959862709045e-02,-1.758197546005249023e+00,8.331542015075683594e+00
9.904684266075491905e-04,-5.429822579026222229e-02,-1.759996891021728516e+00,8.336756944656372070e+00
1.071437727659940720e-03,-5.437502637505531311e-02,-1.761917233467102051e+00,8.341547012329101562e+00
5.663801566697657108e-04,-5.383079126477241516e-02,-1.763722062110900879e+00,8.346622943878173828e+00
8.978044497780501842e-04,-5.372033268213272095e-02,-1.765321135520935059e+00,8.351628065109252930e+00
1.102548092603683472e-03,-5.363734811544418335e-02,-1.767165899276733398e+00,8.356600046157836914e+00
1.361766830086708069e-03,-5.351793020963668823e-02,-1.768998026847839355e+00,8.361840009689331055e+00
1.235062372870743275e-03,-5.361820012331008911e-02,-1.770712852478027344e+00,8.366847038269042969e+00
1.218721270561218262e-03,-5.363309383392333984e-02,-1.772460341453552246e+00,8.371622085571289062e+00
-6.813143263570964336e-04,-5.649390816688537598e-02,-1.773979187011718750e+00,8.376588106155395508e+00
-8.598720305599272251e-04,-5.648285895586013794e-02,-1.775195956230163574e+00,8.381626129150390625e+00
-1.190568436868488789e-03,-5.668900534510612488e-02,-1.776486635208129883e+00,8.386851072311401367e+00
-1.562438788823783398e-03,-5.689631775021553040e-02,-1.777660489082336426e+00,8.391634941101074219e+00
-1.618948648683726788e-03,-5.722645297646522522e-02,-1.778909206390380859e+00,8.396886110305786133e+00
-1.762356958352029324e-03,-5.750511959195137024e-02,-1.780035018920898438e+00,8.401690006256103516e+00
-1.839924952946603298e-03,-5.779825523495674133e-02,-1.781118154525756836e+00,8.406783103942871094e+00
-4.496422479860484600e-04,-5.695285648107528687e-02,-1.783653616905212402e+00,8.411710023880004883e+00
-1.033726730383932590e-03,-5.691850930452346802e-02,-1.785862684249877930e+00,8.416795015335083008e+00
-1.205290667712688446e-03,-5.699802190065383911e-02,-1.787542462348937988e+00,8.421612024307250977e+00
-1.434477395378053188e-03,-5.710427463054656982e-02,-1.789334297180175781e+00,8.426857948303222656e+00
-1.327739330008625984e-03,-5.718763917684555054e-02,-1.790964961051940918e+00,8.431576967239379883e+00
-1.343726064078509808e-03,-5.725229531526565552e-02,-1.792753815650939941e+00,8.436910152435302734e+00
-1.304531819187104702e-03,-5.730404332280158997e-02,-1.794571280479431152e+00,8.441755056381225586e+00
-2.565240429248660803e-04,-5.590711161494255066e-02,-1.793296575546264648e+00,8.446758985519409180e+00
-3.917264111805707216e-04,-5.597159266471862793e-02,-1.794807553291320801e+00,8.451755046844482422e+00
-6.018806016072630882e-04,-5.605141073465347290e-02,-1.796331405639648438e+00,8.456799983978271484e+00
-6.055214907974004745e-04,-5.594679713249206543e-02,-1.797904610633850098e+00,8.461997985839843750e+00
-7.123148534446954727e-04,-5.591848492622375488e-02,-1.799470424652099609e+00,8.466875076293945312e+00
-8.043865091167390347e-04,-5.585473030805587769e-02,-1.801065444946289062e+00,8.471837043762207031e+00
-6.099091842770576477e-04,-5.683315545320510864e-02,-1.803732037544250488e+00,8.476866006851196289e+00
-3.788747126236557961e-04,-5.686019361019134521e-02,-1.805263042449951172e+00,8.481815099716186523e+00
-8.247140067396685481e-05,-5.687645822763442993e-02,-1.806821703910827637e+00,8.487008094787597656e+00
-4.451126187632326037e-06,-5.687556415796279907e-02,-1.808261752128601074e+00,8.491904973983764648e+00
2.132489462383091450e-04,-5.687372013926506042e-02,-1.809664487838745117e+00,8.496901035308837891e+00
4.324089968577027321e-04,-5.683309584856033325e-02,-1.811019659042358398e+00,8.501778125762939453e+00
6.359756807796657085e-04,-5.674644559621810913e-02,-1.812347412109375000e+00,8.506653070449829102e+00
-5.502188578248023987e-04,-5.790809169411659241e-02,-1.813171744346618652e+00,8.511872053146362305e+00
-4.928096313960850239e-04,-5.810870230197906494e-02,-1.814367651939392090e+00,8.516966104507446289e+00
-4.531400336418300867e-04,-5.830535665154457092e-02,-1.815544843673706055e+00,8.521845102310180664e+00
-4.078320343978703022e-04,-5.832945182919502258e-02,-1.817106008529663086e+00,8.527224063873291016e+00
-4.286855983082205057e-04,-5.845420435070991516e-02,-1.818515419960021973e+00,8.531996965408325195e+00
-4.738487477879971266e-04,-5.856495350599288940e-02,-1.819995284080505371e+00,8.536883115768432617e+00
-2.780031936708837748e-04,-5.866513401269912720e-02,-1.821571230888366699e+00,8.541978120803833008e+00
-1.267998944967985153e-03,-5.803359672427177429e-02,-1.825202941894531250e+00,8.547004938125610352e+00
-1.075512380339205265e-03,-5.805436894297599792e-02,-1.826997756958007812e+00,8.551952123641967773e+00
-1.363563933409750462e-03,-5.821228399872779846e-02,-1.828724384307861328e+00,8.556944131851196289e+00
-1.420028740540146828e-03,-5.828876420855522156e-02,-1.830569624900817871e+00,8.562133073806762695e+00
-1.519215642474591732e-03,-5.838530510663986206e-02,-1.832465767860412598e+00,8.566982030868530273e+00
-1.642814138904213905e-03,-5.837851390242576599e-02,-1.834025144577026367e+00,8.571959018707275391e+00
-2.861288841813802719e-03,-5.893000960350036621e-02,-1.834345340728759766e+00,8.577253103256225586e+00
-3.190210089087486267e-03,-5.904839560389518738e-02,-1.835614919662475586e+00,8.581959962844848633e+00
-3.558931639418005943e-03,-5.915748700499534607e-02,-1.836794614791870117e+00,8.587206125259399414e+00
-3.849098226055502892e-03,-5.947436392307281494e-02,-1.837862372398376465e+00,8.591953039169311523e+00
-4.230021499097347260e-03,-5.967726930975914001e-02,-1.838837027549743652e+00,8.597054004669189453e+00
-4.629573319107294083e-03,-5.988208949565887451e-02,-1.839699149131774902e+00,8.602100133895874023e+00
-4.893825855106115341e-03,-6.007110700011253357e-02,-1.840837478637695312e+00,8.607167959213256836e+00
-3.250668058171868324e-03,-6.010853871703147888e-02,-1.844959735870361328e+00,8.612082958221435547e+00
-3.352028550580143929e-03,-6.033660098910331726e-02,-1.846399426460266113e+00,8.617166996002197266e+00
-3.218622179701924324e-03,-6.052211299538612366e-02,-1.848260164260864258e+00,8.622086048126220703e+00
-3.143378766253590584e-03,-6.073439121246337891e-02,-1.849986076354980469e+00,8.627285957336425781e+00
-3.011703724041581154e-03,-6.094966456294059753e-02,-1.851813673973083496e+00,8.632063150405883789e+00
-3.083329182118177414e-03,-6.119272857904434204e-02,-1.853651285171508789e+00,8.637104988098144531e+00
-3.063875483348965645e-03,-6.143749132752418518e-02,-1.855593681335449219e+00,8.642089128494262695e+00
-3.372664330527186394e-03,-5.945380404591560364e-02,-1.853819966316223145e+00,8.647231101989746094e+00
-3.335233544930815697e-03,-5.931979790329933167e-02,-1.854970335960388184e+00,8.652056932449340820e+00
-3.378473920747637749e-03,-5.932633951306343079e-02,-1.856343626976013184e+00,8.657108068466186523e+00
-3.398847300559282303e-03,-5.928401648998260498e-02,-1.857664227485656738e+00,8.662290096282958984e+00
-3.435806604102253914e-03,-5.938956514000892639e-02,-1.859007000923156738e+00,8.667215108871459961e+00
-3.461109939962625504e-03,-5.941679328680038452e-02,-1.860311150550842285e+00,8.672079086303710938e+00
-3.632961772382259369e-03,-6.050226464867591858e-02,-1.865318536758422852e+00,8.677169084548950195e+00
-3.710114862769842148e-03,-6.064686924219131470e-02,-1.867034077644348145e+00,8.682202100753784180e+00
-4.181738942861557007e-03,-6.086274608969688416e-02,-1.868979454040527344e+00,8.687210083007812500e+00
-4.488106817007064819e-03,-6.105979159474372864e-02,-1.870799899101257324e+00,8.692202091217041016e+00
-4.835788160562515259e-03,-6.128543615341186523e-02,-1.872639417648315430e+00,8.697368144989013672e+00
-5.015279166400432587e-03,-6.147890537977218628e-02,-1.874267697334289551e+00,8.702207088470458984e+00
-5.293813068419694901e-03,-6.168874353170394897e-02,-1.875954508781433105e+00,8.707219123840332031e+00
-3.604453988373279572e-03,-5.998663976788520813e-02,-1.874198675155639648e+00,8.712173938751220703e+00
-3.860399825498461723e-03,-6.019486114382743835e-02,-1.875317573547363281e+00,8.717272043228149414e+00
-4.031099844723939896e-03,-6.027860194444656372e-02,-1.876431345939636230e+00,8.722115993499755859e+00
-4.235439933836460114e-03,-6.037613376975059509e-02,-1.877469778060913086e+00,8.727517127990722656e+00
-4.201983567327260971e-03,-6.031462177634239197e-02,-1.878736495971679688e+00,8.732330083847045898e+00
-4.238884896039962769e-03,-6.028105691075325012e-02,-1.879907965660095215e+00,8.737159967422485352e+00
-4.227651748806238174e-03,-6.022598221898078918e-02,-1.881094217300415039e+00,8.742331981658935547e+00
-4.363075364381074905e-03,-6.075987592339515686e-02,-1.884994745254516602e+00,8.747231006622314453e+00
-4.269274882972240448e-03,-6.086048111319541931e-02,-1.886687159538269043e+00,8.752329111099243164e+00
-4.163430538028478622e-03,-6.097321957349777222e-02,-1.888501882553100586e+00,8.757302999496459961e+00
-4.039784893393516541e-03,-6.108190119266510010e-02,-1.890432596206665039e+00,8.762581110000610352e+00
-3.982831723988056183e-03,-6.111511215567588806e-02,-1.892218947410583496e+00,8.767392158508300781e+00
-3.854204900562763214e-03,-6.126603111624717712e-02,-1.894179344177246094e+00,8.772325038909912109e+00
-4.348306450992822647e-03,-6.024318933486938477e-02,-1.894827723503112793e+00,8.777348995208740234e+00
-4.366524051874876022e-03,-6.033042445778846741e-02,-1.896023392677307129e+00,8.782319068908691406e+00
-4.342066589742898941e-03,-6.031068041920661926e-02,-1.897568106651306152e+00,8.787402153015136719e+00
-4.319395869970321655e-03,-6.029515713453292847e-02,-1.899039864540100098e+00,8.792317152023315430e+00
-4.342775326222181320e-03,-6.032980605959892273e-02,-1.900369524955749512e+00,8.797472953796386719e+00
-4.364398773759603500e-03,-6.036194413900375366e-02,-1.901647806167602539e+00,8.802331924438476562e+00
-4.402708727866411209e-03,-6.040927395224571228e-02,-1.902838706970214844e+00,8.807384014129638672e+00
-4.771021194756031036e-03,-6.281116604804992676e-02,-1.904450297355651855e+00,8.812330007553100586e+00
-4.932601004838943481e-03,-6.294853240251541138e-02,-1.905746459960937500e+00,8.817765951156616211e+00
-5.118744447827339172e-03,-6.308615207672119141e-02,-1.907034754753112793e+00,8.822479009628295898e+00
-5.222960375249385834e-03,-6.321777403354644775e-02,-1.908411502838134766e+00,8.827661991119384766e+00
-5.380930379033088684e-03,-6.333703547716140747e-02,-1.909785866737365723e+00,8.832451105117797852e+00
-5.535879172384738922e-03,-6.346668303012847900e-02,-1.911181211471557617e+00,8.837497949600219727e+00
-4.858493804931640625e-03,-6.201043725013732910e-02,-1.912464261054992676e+00,8.842586040496826172e+00
-4.934654105454683304e-03,-6.211044639348983765e-02,-1.913920283317565918e+00,8.847810029983520508e+00
-4.982011858373880386e-03,-6.218191981315612793e-02,-1.915385484695434570e+00,8.852483987808227539e+00
-5.009231623262166977e-03,-6.222157552838325500e-02,-1.916901350021362305e+00,8.857779026031494141e+00
-5.195639561861753464e-03,-6.224581226706504822e-02,-1.918564915657043457e+00,8.862756013870239258e+00
-5.327033810317516327e-03,-6.227694824337959290e-02,-1.920215249061584473e+00,8.867531061172485352e+00
-5.482181441038846970e-03,-6.229292601346969604e-02,-1.921905875205993652e+00,8.872440099716186523e+00
-5.201962776482105255e-03,-6.219252571463584900e-02,-1.924017786979675293e+00,8.877479076385498047e+00
-5.176191218197345734e-03,-6.232114136219024658e-02,-1.925800085067749023e+00,8.882588148117065430e+00
-5.118220113217830658e-03,-6.248227506875991821e-02,-1.927611112594604492e+00,8.887617111206054688e+00
-5.078040529042482376e-03,-6.251133233308792114e-02,-1.928869247436523438e+00,8.892593145370483398e+00
-4.984732251614332199e-03,-6.263458728790283203e-02,-1.930359244346618652e+00,8.897969961166381836e+00
-4.869805183261632919e-03,-6.278745085000991821e-02,-1.931773424148559570e+00,8.902626991271972656e+00
-4.760688170790672302e-03,-6.282802671194076538e-02,-1.933017253875732422e+00,8.907603025436401367e+00
-5.912949331104755402e-03,-6.329981982707977295e-02,-1.934625148773193359e+00,8.912578105926513672e+00
-5.855374503880739212e-03,-6.330760568380355835e-02,-1.935700893402099609e+00,8.917629003524780273e+00
-6.146518979221582413e-03,-6.350322067737579346e-02,-1.937450885772705078e+00,8.922595024108886719e+00
-6.317626684904098511e-03,-6.351481378078460693e-02,-1.938883304595947266e+00,8.927875995635986328e+00
-6.531496997922658920e-03,-6.354651600122451782e-02,-1.940333485603332520e+00,8.932734966278076172e+00
-6.787956226617097855e-03,-6.361922621726989746e-02,-1.941787004470825195e+00,8.937633037567138672e+00
-3.516432363539934158e-03,-6.247491016983985901e-02,-1.940821051597595215e+00,8.942743062973022461e+00
-3.260680707171559334e-03,-6.235238537192344666e-02,-1.942228674888610840e+00,8.947649955749511719e+00
-3.001285018399357796e-03,-6.220316141843795776e-02,-1.943754434585571289e+00,8.952683925628662109e+00
-3.045261604711413383e-03,-6.221737340092658997e-02,-1.945393443107604980e+00,8.957679986953735352e+00
-2.985632512718439102e-03,-6.217918172478675842e-02,-1.947105169296264648e+00,8.962810993194580078e+00
-2.977685770019888878e-03,-6.216096878051757812e-02,-1.948897600173950195e+00,8.967890977859497070e+00
-2.751247957348823547e-03,-6.198891252279281616e-02,-1.950305104255676270e+00,8.972958087921142578e+00
-5.960354115813970566e-03,-6.329458951950073242e-02,-1.953740715980529785e+00,8.977822065353393555e+00
-5.995584186166524887e-03,-6.325139105319976807e-02,-1.955326795578002930e+00,8.982721090316772461e+00
-6.021927576512098312e-03,-6.350604444742202759e-02,-1.956550121307373047e+00,8.987754106521606445e+00
-6.021810229867696762e-03,-6.360854208469390869e-02,-1.957859277725219727e+00,8.992748975753784180e+00
-6.003031041473150253e-03,-6.372971087694168091e-02,-1.959087848663330078e+00,8.997848033905029297e+00
-6.077303085476160049e-03,-6.376094371080398560e-02,-1.960372447967529297e+00,9.002762079238891602e+00
-7.334139663726091385e-03,-6.575032323598861694e-02,-1.964180111885070801e+00,9.007795095443725586e+00
-7.506896276026964188e-03,-6.595730781555175781e-02,-1.965505480766296387e+00,9.012855052947998047e+00
-7.170525845140218735e-03,-6.615855544805526733e-02,-1.966991424560546875e+00,9.018139123916625977e+00
-7.020031567662954330e-03,-6.643312424421310425e-02,-1.968391180038452148e+00,9.022805929183959961e+00
-6.780967116355895996e-03,-6.673156470060348511e-02,-1.969805359840393066e+00,9.028172969818115234e+00
-6.447188556194305420e-03,-6.697133928537368774e-02,-1.971231102943420410e+00,9.032889127731323242e+00
-6.338362582027912140e-03,-6.715299189090728760e-02,-1.972566843032836914e+00,9.037816047668457031e+00
-5.586544051766395569e-03,-6.476081162691116333e-02,-1.973370671272277832e+00,9.042946100234985352e+00
-5.267764907330274582e-03,-6.465730816125869751e-02,-1.974735140800476074e+00,9.047836065292358398e+00
-5.374927539378404617e-03,-6.463573873043060303e-02,-1.976457476615905762e+00,9.052839040756225586e+00
-5.290191620588302612e-03,-6.456454843282699585e-02,-1.978047847747802734e+00,9.057853937149047852e+00
-5.253320094197988510e-03,-6.450997292995452881e-02,-1.979653596878051758e+00,9.063183069229125977e+00
-5.330285988748073578e-03,-6.462313979864120483e-02,-1.981198787689208984e+00,9.067821025848388672e+00
-5.442501511424779892e-03,-6.470883637666702271e-02,-1.982841253280639648e+00,9.072824954986572266e+00
-6.376183591783046722e-03,-6.488375365734100342e-02,-1.985415935516357422e+00,9.077867984771728516e+00
-5.992139223963022232e-03,-6.462638825178146362e-02,-1.986670970916748047e+00,9.082833051681518555e+00
-5.921861156821250916e-03,-6.454984098672866821e-02,-1.988279819488525391e+00,9.087943077087402344e+00
-5.781682673841714859e-03,-6.442157924175262451e-02,-1.989802598953247070e+00,9.092988967895507812e+00
-6.050589494407176971e-03,-6.453905254602432251e-02,-1.991294384002685547e+00,9.098011016845703125e+00
-6.181251723319292068e-03,-6.451430171728134155e-02,-1.992708444595336914e+00,9.103044033050537109e+00
-9.220334701240062714e-03,-6.649418175220489502e-02,-1.995398640632629395e+00,9.108010053634643555e+00
-9.931253269314765930e-03,-6.673895567655563354e-02,-1.996965765953063965e+00,9.112993001937866211e+00
-1.004044897854328156e-02,-6.697396934032440186e-02,-1.999010920524597168e+00,9.117860078811645508e+00
-1.052794419229030609e-02,-6.722908467054367065e-02,-2.000800609588623047e+00,9.123093128204345703e+00
-1.099198032170534134e-02,-6.751263886690139771e-02,-2.002630710601806641e+00,9.128296136856079102e+00
-1.123158913105726242e-02,-6.777834892272949219e-02,-2.004452466964721680e+00,9.133162021636962891e+00
-1.146268192678689957e-02,-6.806500256061553955e-02,-2.006288766860961914e+00,9.137849092483520508e+00
-5.344399251043796539e-03,-6.530206650495529175e-02,-2.002495527267456055e+00,9.143018007278442383e+00
-5.369259510189294815e-03,-6.513535976409912109e-02,-2.003775835037231445e+00,9.147998094558715820e+00
-5.123069509863853455e-03,-6.499739736318588257e-02,-2.005102396011352539e+00,9.153147935867309570e+00
-4.883897025138139725e-03,-6.482645124197006226e-02,-2.006428480148315430e+00,9.157918930053710938e+00
-4.781685303896665573e-03,-6.478176265954971313e-02,-2.007886648178100586e+00,9.163329124450683594e+00
-4.670841619372367859e-03,-6.469019502401351929e-02,-2.009335994720458984e+00,9.168161153793334961e+00
-4.599555395543575287e-03,-6.463216245174407959e-02,-2.010818958282470703e+00,9.173066139221191406e+00
-5.455489736050367355e-03,-6.604120880365371704e-02,-2.013929605484008789e+00,9.178182125091552734e+00
-5.355788394808769226e-03,-6.609979271888732910e-02,-2.015536308288574219e+00,9.183207035064697266e+00
-5.237427074462175369e-03,-6.612630933523178101e-02,-2.017156362533569336e+00,9.188178062438964844e+00
-5.152232944965362549e-03,-6.619343906641006470e-02,-2.018736839294433594e+00,9.193514108657836914e+00
-5.028332583606243134e-03,-6.626324355602264404e-02,-2.020317316055297852e+00,9.198318958282470703e+00
-4.895183723419904709e-03,-6.634011864662170410e-02,-2.021874666213989258e+00,9.203197002410888672e+00
-5.565515719354152679e-03,-6.746778637170791626e-02,-2.023547410964965820e+00,9.208075046539306641e+00
-5.528345238417387009e-03,-6.757597625255584717e-02,-2.025183916091918945e+00,9.213154077529907227e+00
-5.462273955345153809e-03,-6.779789924621582031e-02,-2.026771306991577148e+00,9.218203067779541016e+00
-5.395795218646526337e-03,-6.801869720220565796e-02,-2.028352975845336914e+00,9.223227024078369141e+00
-5.577585659921169281e-03,-6.821676343679428101e-02,-2.029890298843383789e+00,9.228423118591308594e+00
-5.718654952943325043e-03,-6.841858476400375366e-02,-2.031449556350708008e+00,9.233272075653076172e+00
-5.936039146035909653e-03,-6.859917193651199341e-02,-2.033023834228515625e+00,9.238317966461181641e+00
-5.505894776433706284e-03,-6.730051338672637939e-02,-2.033842563629150391e+00,9.243308067321777344e+00
-5.492135416716337204e-03,-6.741952151060104370e-02,-2.035184144973754883e+00,9.248381137847900391e+00
-5.408453755080699921e-03,-6.751675903797149658e-02,-2.036434412002563477e+00,9.253263950347900391e+00
-5.534706171602010727e-03,-6.780263781547546387e-02,-2.037738323211669922e+00,9.258327007293701172e+00
-5.555324256420135498e-03,-6.799894571304321289e-02,-2.038955211639404297e+00,9.263505935668945312e+00
-5.587322637438774109e-03,-6.822359561920166016e-02,-2.040142536163330078e+00,9.268124103546142578e+00
-5.487565416842699051e-03,-6.836531311273574829e-02,-2.041574478149414062e+00,9.273262023925781250e+00
-5.378886125981807709e-03,-6.813473999500274658e-02,-2.044372320175170898e+00,9.278278112411499023e+00
-5.272997543215751648e-03,-6.813645362854003906e-02,-2.046038389205932617e+00,9.283302068710327148e+00
-5.137101281434297562e-03,-6.811070442199707031e-02,-2.047764539718627930e+00,9.288411140441894531e+00
-5.382077302783727646e-03,-6.852520257234573364e-02,-2.049671411514282227e+00,9.293384075164794922e+00
-5.417068954557180405e-03,-6.868411600589752197e-02,-2.051583051681518555e+00,9.298501968383789062e+00
-5.489355884492397308e-03,-6.888099759817123413e-02,-2.053585529327392578e+00,9.303421020507812500e+00
-5.303774494677782059e-03,-6.765214353799819946e-02,-2.052103519439697266e+00,9.308436155319213867e+00
-5.224386695772409439e-03,-6.764564663171768188e-02,-2.053378343582153320e+00,9.313387155532836914e+00
-5.126012954860925674e-03,-6.762360781431198120e-02,-2.054575920104980469e+00,9.318412065505981445e+00
-4.900999832898378372e-03,-6.793618202209472656e-02,-2.055558443069458008e+00,9.323508977890014648e+00
-4.685410764068365097e-03,-6.802621483802795410e-02,-2.056530237197875977e+00,9.328637123107910156e+00
-4.428786691278219223e-03,-6.813533604145050049e-02,-2.057395219802856445e+00,9.333464145660400391e+00
-4.400150384753942490e-03,-6.833572685718536377e-02,-2.058616161346435547e+00,9.338339090347290039e+00
-5.756391678005456924e-03,-6.841275840997695923e-02,-2.063979387283325195e+00,9.343364953994750977e+00
-5.933895707130432129e-03,-6.848320364952087402e-02,-2.065728187561035156e+00,9.348362922668457031e+00
-5.983656737953424454e-03,-6.853476166725158691e-02,-2.067404985427856445e+00,9.353469133377075195e+00
-6.139487959444522858e-03,-6.862191855907440186e-02,-2.069229602813720703e+00,9.358436107635498047e+00
-6.305899471044540405e-03,-6.873279809951782227e-02,-2.071113348007202148e+00,9.363601922988891602e+00
-6.544281728565692902e-03,-6.881779432296752930e-02,-2.072975635528564453e+00,9.368772029876708984e+00
-6.762852892279624939e-03,-6.889694184064865112e-02,-2.074855566024780273e+00,9.373458147048950195e+00
-5.349747370928525925e-03,-6.808407604694366455e-02,-2.072290420532226562e+00,9.378510951995849609e+00
-5.522366147488355637e-03,-6.803779304027557373e-02,-2.073739767074584961e+00,9.383482933044433594e+00
-5.881450604647397995e-03,-6.807965785264968872e-02,-2.075051069259643555e+00,9.388445138931274414e+00
-6.194307934492826462e-03,-6.808547675609588623e-02,-2.076442480087280273e+00,9.393609046936035156e+00
-6.565861403942108154e-03,-6.810294836759567261e-02,-2.077837467193603516e+00,9.398636102676391602e+00
-6.598338950425386429e-03,-6.806821376085281372e-02,-2.079177379608154297e+00,9.408359050750732422e+00
-6.738383322954177856e-03,-6.805828958749771118e-02,-2.080514430999755859e+00,9.408925056457519531e+00
-4.440721590071916580e-03,-6.868486851453781128e-02,-2.082092523574829102e+00,9.413318157196044922e+00
-4.444209858775138855e-03,-6.885538250207901001e-02,-2.083843708038330078e+00,9.418614149093627930e+00
-4.286404233425855637e-03,-6.898534297943115234e-02,-2.085356950759887695e+00,9.423637151718139648e+00
-4.115792922675609589e-03,-6.912957131862640381e-02,-2.086931943893432617e+00,9.428931951522827148e+00
-4.065646789968013763e-03,-6.922166049480438232e-02,-2.088586807250976562e+00,9.433510065078735352e+00
-3.987211268395185471e-03,-6.933979690074920654e-02,-2.090285301208496094e+00,9.438684940338134766e+00
-3.936707973480224609e-03,-6.946346163749694824e-02,-2.092033863067626953e+00,9.443661928176879883e+00
-4.978631623089313507e-03,-6.877773255109786987e-02,-2.093656301498413086e+00,9.448634147644042969e+00
-4.667080473154783249e-03,-6.880342215299606323e-02,-2.095205307006835938e+00,9.453594923019409180e+00
-4.269288387149572372e-03,-6.877265870571136475e-02,-2.096746683120727539e+00,9.458578109741210938e+00
-3.765062661841511726e-03,-6.874602288007736206e-02,-2.098239898681640625e+00,9.463560104370117188e+00
-3.901720279827713966e-03,-6.888554990291595459e-02,-2.099253177642822266e+00,9.468662977218627930e+00
-3.704042872413992882e-03,-6.887184828519821167e-02,-2.100366592407226562e+00,9.473603963851928711e+00
-3.549000015482306480e-03,-6.885734945535659790e-02,-2.101335525512695312e+00,9.478537082672119141e+00
-6.576709449291229248e-03,-7.088927179574966431e-02,-2.102634668350219727e+00,9.483582973480224609e+00
-6.845128256827592850e-03,-7.112808525562286377e-02,-2.103357315063476562e+00,9.488850116729736328e+00
-7.157491054385900497e-03,-7.138787955045700073e-02,-2.103956937789916992e+00,9.493818044662475586e+00
-7.389791775494813919e-03,-7.138632237911224365e-02,-2.106716394424438477e+00,9.498794078826904297e+00
-7.741814013570547104e-03,-7.159101217985153198e-02,-2.107907056808471680e+00,9.503678083419799805e+00
-8.130752481520175934e-03,-7.179240882396697998e-02,-2.109017372131347656e+00,9.508669137954711914e+00
-5.894042085856199265e-03,-7.065542042255401611e-02,-2.111251115798950195e+00,9.513632059097290039e+00
-6.263420917093753815e-03,-7.073301076889038086e-02,-2.112822532653808594e+00,9.518764019012451172e+00
-6.718214601278305054e-03,-7.081389427185058594e-02,-2.114484548568725586e+00,9.523684024810791016e+00
-6.956341210752725601e-03,-7.079949229955673218e-02,-2.116317987442016602e+00,9.528972148895263672e+00
-7.323442958295345306e-03,-7.079301774501800537e-02,-2.118211984634399414e+00,9.533699989318847656e+00
-7.689249236136674881e-03,-7.075535506010055542e-02,-2.120214223861694336e+00,9.538804054260253906e+00
-5.957177374511957169e-03,-6.899486482143402100e-02,-2.120682239532470703e+00,9.543570995330810547e+00
-5.487178452312946320e-03,-6.935366243124008179e-02,-2.122069597244262695e+00,9.548753023147583008e+00
-5.296895746141672134e-03,-6.943145394325256348e-02,-2.123864412307739258e+00,9.553841114044189453e+00
-4.994951188564300537e-03,-6.952821463346481323e-02,-2.125615119934082031e+00,9.558830976486206055e+00
-4.815512336790561676e-03,-6.947418302297592163e-02,-2.126956224441528320e+00,9.563956022262573242e+00
-4.508316516876220703e-03,-6.953326612710952759e-02,-2.128365755081176758e+00,9.568834066390991211e+00
-4.179047420620918274e-03,-6.960332393646240234e-02,-2.129663944244384766e+00,9.573850154876708984e+00
-5.103768315166234970e-03,-7.046392560005187988e-02,-2.130716323852539062e+00,9.578830003738403320e+00
-4.850323311984539032e-03,-7.053761184215545654e-02,-2.131804943084716797e+00,9.583843946456909180e+00
-4.572328180074691772e-03,-7.062606513500213623e-02,-2.132806777954101562e+00,9.588855028152465820e+00
-4.992552101612091064e-03,-7.069762796163558960e-02,-2.134217262268066406e+00,9.593961954116821289e+00
-5.129017401486635208e-03,-7.075595110654830933e-02,-2.135360956192016602e+00,9.599050998687744141e+00
-5.370207596570253372e-03,-7.082390040159225464e-02,-2.136498928070068359e+00,9.603814125061035156e+00
-5.368049722164869308e-03,-7.090596854686737061e-02,-2.137705326080322266e+00,9.608778953552246094e+00
-5.987028591334819794e-03,-7.102534174919128418e-02,-2.139601469039916992e+00,9.613831043243408203e+00
-6.142470985651016235e-03,-7.110468298196792603e-02,-2.140959739685058594e+00,9.619107961654663086e+00
-6.035110913217067719e-03,-7.122261077165603638e-02,-2.142519474029541016e+00,9.623945951461791992e+00
-6.023687776178121567e-03,-7.138481736183166504e-02,-2.144078969955444336e+00,9.629229068756103516e+00
-5.961313378065824509e-03,-7.157272845506668091e-02,-2.145695686340332031e+00,9.633944034576416016e+00
-5.844784900546073914e-03,-7.175327837467193604e-02,-2.147376298904418945e+00,9.639017105102539062e+00
-6.869032047688961029e-03,-7.011971622705459595e-02,-2.147946834564208984e+00,9.643936157226562500e+00
-7.082457188516855240e-03,-6.989975273609161377e-02,-2.149605274200439453e+00,9.648966073989868164e+00
-7.333703339099884033e-03,-6.966803222894668579e-02,-2.151309967041015625e+00,9.653978109359741211e+00
-7.538496982306241989e-03,-6.980631500482559204e-02,-2.152788877487182617e+00,9.659060001373291016e+00
-7.761211134493350983e-03,-6.973810493946075439e-02,-2.154430627822875977e+00,9.664109945297241211e+00
-7.985838688910007477e-03,-6.973516941070556641e-02,-2.156078338623046875e+00,9.668965101242065430e+00
-8.138606324791908264e-03,-6.978168338537216187e-02,-2.157490015029907227e+00,9.674016952514648438e+00
-6.247377954423427582e-03,-7.145097851753234863e-02,-2.158923149108886719e+00,9.678980112075805664e+00
-6.223901174962520599e-03,-7.149135321378707886e-02,-2.160277605056762695e+00,9.683969974517822266e+00
-6.223902571946382523e-03,-7.143236696720123291e-02,-2.161236524581909180e+00,9.689069986343383789e+00
-6.192791741341352463e-03,-7.137349247932434082e-02,-2.162247657775878906e+00,9.694194078445434570e+00
-6.148984655737876892e-03,-7.129404693841934204e-02,-2.163120269775390625e+00,9.699167966842651367e+00
-6.018680520355701447e-03,-7.132800668478012085e-02,-2.164290189743041992e+00,9.704066991806030273e+00
-5.891425069421529770e-03,-7.131831347942352295e-02,-2.165281057357788086e+00,9.709125041961669922e+00
-7.178381085395812988e-03,-7.360885292291641235e-02,-2.170057535171508789e+00,9.714045047760009766e+00
-7.091762963682413101e-03,-7.376164942979812622e-02,-2.171463251113891602e+00,9.719150066375732422e+00
-7.094926200807094574e-03,-7.362337410449981689e-02,-2.173221826553344727e+00,9.724086046218872070e+00
-7.020904682576656342e-03,-7.364408671855926514e-02,-2.174859285354614258e+00,9.729377985000610352e+00
-6.933291442692279816e-03,-7.365848124027252197e-02,-2.176543235778808594e+00,9.734108924865722656e+00
-7.074331399053335190e-03,-7.390064746141433716e-02,-2.178487300872802734e+00,9.739079952239990234e+00
-7.111717481166124344e-03,-7.202214002609252930e-02,-2.178668260574340820e+00,9.744073152542114258e+00
-7.341744843870401382e-03,-7.214514166116714478e-02,-2.180827856063842773e+00,9.749122142791748047e+00
-7.123873569071292877e-03,-7.200689613819122314e-02,-2.182688236236572266e+00,9.754198074340820312e+00
-7.152984850108623505e-03,-7.201972603797912598e-02,-2.184839725494384766e+00,9.759227991104125977e+00
-7.149500772356987000e-03,-7.200878858566284180e-02,-2.187058925628662109e+00,9.764198064804077148e+00
-7.255336269736289978e-03,-7.209442555904388428e-02,-2.188963651657104492e+00,9.769201040267944336e+00
-7.313349284231662750e-03,-7.209872454404830933e-02,-2.190995454788208008e+00,9.774217128753662109e+00
-7.498793769627809525e-03,-7.300548255443572998e-02,-2.190512180328369141e+00,9.779258012771606445e+00
-7.941718213260173798e-03,-7.296952605247497559e-02,-2.191755533218383789e+00,9.784229040145874023e+00
-8.268393576145172119e-03,-7.300643622875213623e-02,-2.193069458007812500e+00,9.789231061935424805e+00
-8.690482005476951599e-03,-7.310242950916290283e-02,-2.194279432296752930e+00,9.794352054595947266e+00
-8.651331998407840729e-03,-7.340873032808303833e-02,-2.195256948471069336e+00,9.799355030059814453e+00
-8.768433704972267151e-03,-7.361290603876113892e-02,-2.196150302886962891e+00,9.808295011520385742e+00
-8.809274062514305115e-03,-7.383227348327636719e-02,-2.196900606155395508e+00,9.809180974960327148e+00
-7.950520142912864685e-03,-7.516159117221832275e-02,-2.199945688247680664e+00,9.814171075820922852e+00
-7.998692803084850311e-03,-7.536619901657104492e-02,-2.201613903045654297e+00,9.819239139556884766e+00
-7.835850119590759277e-03,-7.559997588396072388e-02,-2.202639341354370117e+00,9.824250936508178711e+00
-7.635398302227258682e-03,-7.585392892360687256e-02,-2.203650236129760742e+00,9.829591989517211914e+00
-7.773079443722963333e-03,-7.624765485525131226e-02,-2.205104112625122070e+00,9.834288120269775391e+00
-7.822149433195590973e-03,-7.668849825859069824e-02,-2.206479787826538086e+00,9.839363098144531250e+00
-7.943236269056797028e-03,-7.718165963888168335e-02,-2.207973718643188477e+00,9.844324111938476562e+00
-8.336805738508701324e-03,-7.360947132110595703e-02,-2.209986448287963867e+00,9.849367141723632812e+00
-8.255420252680778503e-03,-7.348747551441192627e-02,-2.211738109588623047e+00,9.854321956634521484e+00
-8.125639520585536957e-03,-7.330446690320968628e-02,-2.213564634323120117e+00,9.859359025955200195e+00
-8.183044381439685822e-03,-7.372087240219116211e-02,-2.215354681015014648e+00,9.864481925964355469e+00
-8.110540919005870819e-03,-7.380768656730651855e-02,-2.217252492904663086e+00,9.869310140609741211e+00
-8.033536374568939209e-03,-7.395564019680023193e-02,-2.219186782836914062e+00,9.874321937561035156e+00
-9.003566578030586243e-03,-7.405234873294830322e-02,-2.220377445220947266e+00,9.879333019256591797e+00
-9.189858101308345795e-03,-7.406075298786163330e-02,-2.222258329391479492e+00,9.884449005126953125e+00
-9.407497942447662354e-03,-7.406502217054367065e-02,-2.224114656448364258e+00,9.889500141143798828e+00
-9.675854817032814026e-03,-7.402228564023971558e-02,-2.225990772247314453e+00,9.894582033157348633e+00
-9.904085658490657806e-03,-7.436604052782058716e-02,-2.227366447448730469e+00,9.899580001831054688e+00
-1.020334754139184952e-02,-7.451672106981277466e-02,-2.228890895843505859e+00,9.904418945312500000e+00
-1.052905339747667313e-02,-7.476274669170379639e-02,-2.230354070663452148e+00,9.909556150436401367e+00
-9.387802332639694214e-03,-7.560186088085174561e-02,-2.230990171432495117e+00,9.914484977722167969e+00
-9.651988744735717773e-03,-7.587336003780364990e-02,-2.232136964797973633e+00,9.919450998306274414e+00
-9.942642413079738617e-03,-7.618422806262969971e-02,-2.233195304870605469e+00,9.924415111541748047e+00
-9.856190532445907593e-03,-7.677833735942840576e-02,-2.235164880752563477e+00,9.929594993591308594e+00
-1.006760168820619583e-02,-7.711814343929290771e-02,-2.236419916152954102e+00,9.934425115585327148e+00
-1.027046330273151398e-02,-7.755012810230255127e-02,-2.237620353698730469e+00,9.939577102661132812e+00
-1.017540693283081055e-02,-7.724694162607192993e-02,-2.239840507507324219e+00,9.944474935531616211e+00
-1.009601820260286331e-02,-7.743974030017852783e-02,-2.241232156753540039e+00,9.949527025222778320e+00
-9.985133074223995209e-03,-7.761750370264053345e-02,-2.242677450180053711e+00,9.954591989517211914e+00
-1.000414509326219559e-02,-7.792679220438003540e-02,-2.244286775588989258e+00,9.959573030471801758e+00
-9.915805421769618988e-03,-7.819797843694686890e-02,-2.245877742767333984e+00,9.964558124542236328e+00
-9.819542989134788513e-03,-7.849370688199996948e-02,-2.247524261474609375e+00,9.969778060913085938e+00
-9.726553224027156830e-03,-7.873941957950592041e-02,-2.249079942703247070e+00,9.974604129791259766e+00
-8.491049520671367645e-03,-7.487136870622634888e-02,-2.248104572296142578e+00,9.979581117630004883e+00
-8.307512849569320679e-03,-7.480556517839431763e-02,-2.249631881713867188e+00,9.984570026397705078e+00
-8.117815479636192322e-03,-7.473381608724594116e-02,-2.251187562942504883e+00,9.989561080932617188e+00
-7.774008903652429581e-03,-7.453121244907379150e-02,-2.252470493316650391e+00,9.994596958160400391e+00
-7.496582809835672379e-03,-7.437867671251296997e-02,-2.253906965255737305e+00,9.999760150909423828e+00
-7.200114894658327103e-03,-7.423362880945205688e-02,-2.255311727523803711e+00,1.000457501411437988e+01
-7.249172776937484741e-03,-7.432868331670761108e-02,-2.256808996200561523e+00,1.000963592529296875e+01
-9.529673494398593903e-03,-7.599660754203796387e-02,-2.260562419891357422e+00,1.001463913917541504e+01
-9.853107854723930359e-03,-7.600776106119155884e-02,-2.262403964996337891e+00,1.001960706710815430e+01
-9.516295976936817169e-03,-7.582751661539077759e-02,-2.263972043991088867e+00,1.002472901344299316e+01
-9.532566182315349579e-03,-7.576498389244079590e-02,-2.265694856643676758e+00,1.002997207641601562e+01
-9.499203413724899292e-03,-7.569498568773269653e-02,-2.267389774322509766e+00,1.003470897674560547e+01
-9.694323875010013580e-03,-7.579608261585235596e-02,-2.269017219543457031e+00,1.003977799415588379e+01
-1.056295912712812424e-02,-7.689935714006423950e-02,-2.270290374755859375e+00,1.004467701911926270e+01
-1.091713644564151764e-02,-7.698066532611846924e-02,-2.271984815597534180e+00,1.004960513114929199e+01
-1.128808129578828812e-02,-7.717217504978179932e-02,-2.273406505584716797e+00,1.005471110343933105e+01
-1.170858554542064667e-02,-7.731724530458450317e-02,-2.274916887283325195e+00,1.005977511405944824e+01
-1.214560028165578842e-02,-7.745145261287689209e-02,-2.276362180709838867e+00,1.006485915184020996e+01
-1.260869298130273819e-02,-7.759382575750350952e-02,-2.277729272842407227e+00,1.006977796554565430e+01
-1.299877930432558060e-02,-7.770452648401260376e-02,-2.279163122177124023e+00,1.007471609115600586e+01
-9.256283752620220184e-03,-7.644206285476684570e-02,-2.278472423553466797e+00,1.007976293563842773e+01
-9.385234676301479340e-03,-7.646510004997253418e-02,-2.279613494873046875e+00,1.008469796180725098e+01
-9.468001313507556915e-03,-7.669056951999664307e-02,-2.281240224838256836e+00,1.008977413177490234e+01
-9.570738300681114197e-03,-7.681564986705780029e-02,-2.282602787017822266e+00,1.009507107734680176e+01
-9.674684144556522369e-03,-7.696195691823959351e-02,-2.284000396728515625e+00,1.009998106956481934e+01
-9.665319696068763733e-03,-7.705589383840560913e-02,-2.285476684570312500e+00,1.010485506057739258e+01
-9.351484477519989014e-03,-7.621399313211441040e-02,-2.287040948867797852e+00,1.010993909835815430e+01
-9.263153187930583954e-03,-7.629723846912384033e-02,-2.288648366928100586e+00,1.011484599113464355e+01
-9.499054402112960815e-03,-7.634755969047546387e-02,-2.290265798568725586e+00,1.011993098258972168e+01
-9.571584872901439667e-03,-7.638030499219894409e-02,-2.291920423507690430e+00,1.012480902671813965e+01
-9.668901562690734863e-03,-7.639759778976440430e-02,-2.293589115142822266e+00,1.013002896308898926e+01
-9.663341566920280457e-03,-7.639033347368240356e-02,-2.295026540756225586e+00,1.013486909866333008e+01
-9.706115350127220154e-03,-7.638897746801376343e-02,-2.296549558639526367e+00,1.013993406295776367e+01
-9.709364734590053558e-03,-7.608845084905624390e-02,-2.297487974166870117e+00,1.014486193656921387e+01
-9.628559462726116180e-03,-7.604081928730010986e-02,-2.298981904983520508e+00,1.015008401870727539e+01
-9.551660157740116119e-03,-7.602699100971221924e-02,-2.300347566604614258e+00,1.015502905845642090e+01
-9.457840584218502045e-03,-7.600545138120651245e-02,-2.301688194274902344e+00,1.016008305549621582e+01
-9.357048198580741882e-03,-7.592875510454177856e-02,-2.303054094314575195e+00,1.016499900817871094e+01
-9.476779960095882416e-03,-7.614518702030181885e-02,-2.304593086242675781e+00,1.016994595527648926e+01
-9.486149996519088745e-03,-7.626780122518539429e-02,-2.306044816970825195e+00,1.017514204978942871e+01
-1.025004871189594269e-02,-7.694747298955917358e-02,-2.308550596237182617e+00,1.018001413345336914e+01
-1.054206304252147675e-02,-7.669361680746078491e-02,-2.309954881668090820e+00,1.018495392799377441e+01
-1.080927532166242599e-02,-7.662693411111831665e-02,-2.311468362808227539e+00,1.019000792503356934e+01
-1.112579274922609329e-02,-7.653174549341201782e-02,-2.312961339950561523e+00,1.019532704353332520e+01
-1.133830100297927856e-02,-7.675208151340484619e-02,-2.314446926116943359e+00,1.020001506805419922e+01
-1.161361485719680786e-02,-7.684949040412902832e-02,-2.315916061401367188e+00,1.020701909065246582e+01
-1.075941789895296097e-02,-7.641809433698654175e-02,-2.316606283187866211e+00,1.021010494232177734e+01
-1.054282858967781067e-02,-7.620421797037124634e-02,-2.318009853363037109e+00,1.021483492851257324e+01
-1.046961080282926559e-02,-7.613659650087356567e-02,-2.319429874420166016e+00,1.022022414207458496e+01
-1.032232306897640228e-02,-7.603777945041656494e-02,-2.320831775665283203e+00,1.022510194778442383e+01
-1.032356545329093933e-02,-7.604786753654479980e-02,-2.322510719299316406e+00,1.023000812530517578e+01
-1.022384036332368851e-02,-7.604054361581802368e-02,-2.324129581451416016e+00,1.023510909080505371e+01
-1.012435648590326309e-02,-7.606497406959533691e-02,-2.325813770294189453e+00,1.023998904228210449e+01
-1.017481181770563126e-02,-7.669752836227416992e-02,-2.327711582183837891e+00,1.024506497383117676e+01
-1.067316904664039612e-02,-7.697703689336776733e-02,-2.329141139984130859e+00,1.025003409385681152e+01
-1.094565447419881821e-02,-7.719033956527709961e-02,-2.330910921096801758e+00,1.025514912605285645e+01
-1.128121465444564819e-02,-7.738197594881057739e-02,-2.332678794860839844e+00,1.026016402244567871e+01
-1.107745617628097534e-02,-7.729265093803405762e-02,-2.334028959274291992e+00,1.026499795913696289e+01
-1.103885751217603683e-02,-7.732887566089630127e-02,-2.335456132888793945e+00,1.027015995979309082e+01
-1.089571323245763779e-02,-7.733047753572463989e-02,-2.336781740188598633e+00,1.027510309219360352e+01
-1.105238683521747589e-02,-7.771646976470947266e-02,-2.338006496429443359e+00,1.028010702133178711e+01
-1.126460451632738113e-02,-7.783568650484085083e-02,-2.339379787445068359e+00,1.028502392768859863e+01
-1.157331559807062149e-02,-7.797481119632720947e-02,-2.340735435485839844e+00,1.029010009765625000e+01
-1.147864200174808502e-02,-7.807499170303344727e-02,-2.342254877090454102e+00,1.029541015625000000e+01
-1.155245956033468246e-02,-7.816847413778305054e-02,-2.343752622604370117e+00,1.030025410652160645e+01
-1.158303581178188324e-02,-7.824808359146118164e-02,-2.345295190811157227e+00,1.030525803565979004e+01
-1.084895059466362000e-02,-7.697203755378723145e-02,-2.346123695373535156e+00,1.031025600433349609e+01
-1.073660235852003098e-02,-7.705412805080413818e-02,-2.347755432128906250e+00,1.031520605087280273e+01
-1.060997415333986282e-02,-7.717084884643554688e-02,-2.349455595016479492e+00,1.032028198242187500e+01
-1.067135203629732132e-02,-7.725655287504196167e-02,-2.351111412048339844e+00,1.032539510726928711e+01
-1.069044694304466248e-02,-7.736871391534805298e-02,-2.352843284606933594e+00,1.033045506477355957e+01
-1.075112540274858475e-02,-7.749005407094955444e-02,-2.354588747024536133e+00,1.033527112007141113e+01
-1.084677409380674362e-02,-7.762259989976882935e-02,-2.356333017349243164e+00,1.034026408195495605e+01
-1.074033882468938828e-02,-7.780311256647109985e-02,-2.357739925384521484e+00,1.034514808654785156e+01
-1.045112684369087219e-02,-7.791366428136825562e-02,-2.359279870986938477e+00,1.035018301010131836e+01
-1.013977918773889542e-02,-7.808995246887207031e-02,-2.360814571380615234e+00,1.035518908500671387e+01
-1.000030618160963058e-02,-7.820983231067657471e-02,-2.362084627151489258e+00,1.036028695106506348e+01
-9.704460389912128448e-03,-7.831733673810958862e-02,-2.363422155380249023e+00,1.036526894569396973e+01
-9.364805184304714203e-03,-7.841818034648895264e-02,-2.364677667617797852e+00,1.037041115760803223e+01
-9.105820208787918091e-03,-7.864108681678771973e-02,-2.366037368774414062e+00,1.037520003318786621e+01
-1.181732956320047379e-02,-7.834089547395706177e-02,-2.369487047195434570e+00,1.038016510009765625e+01
-1.181840803474187851e-02,-7.841005176305770874e-02,-2.370941638946533203e+00,1.038528513908386230e+01
-1.175031345337629318e-02,-7.840454578399658203e-02,-2.372596025466918945e+00,1.039042592048645020e+01
-1.172213349491357803e-02,-7.837932556867599487e-02,-2.374172925949096680e+00,1.039562010765075684e+01
-1.167697366327047348e-02,-7.832911610603332520e-02,-2.375753164291381836e+00,1.040039706230163574e+01
-1.180504448711872101e-02,-7.833420485258102417e-02,-2.377510070800781250e+00,1.040534806251525879e+01
-1.242103613913059235e-02,-7.916332781314849854e-02,-2.378196477890014648e+00,1.041041111946105957e+01
-1.265458110719919205e-02,-7.948254793882369995e-02,-2.379948854446411133e+00,1.041536808013916016e+01
-1.294089294970035553e-02,-7.983697205781936646e-02,-2.381781101226806641e+00,1.042038202285766602e+01
-1.345519255846738815e-02,-8.007603138685226440e-02,-2.383784532546997070e+00,1.042533493041992188e+01
-1.392932422459125519e-02,-8.042255043983459473e-02,-2.385787963867187500e+00,1.043062305450439453e+01
-1.447796821594238281e-02,-8.081217110157012939e-02,-2.387876033782958984e+00,1.043547010421752930e+01
-1.465006917715072632e-02,-8.112879842519760132e-02,-2.389480113983154297e+00,1.044041705131530762e+01
-1.147693581879138947e-02,-7.771936058998107910e-02,-2.387884140014648438e+00,1.044542503356933594e+01
-1.135519891977310181e-02,-7.754866778850555420e-02,-2.389101505279541016e+00,1.045047402381896973e+01
-1.120358798652887344e-02,-7.768967747688293457e-02,-2.390288591384887695e+00,1.045550608634948730e+01
-1.098136138170957565e-02,-7.763893157243728638e-02,-2.391372203826904297e+00,1.046060395240783691e+01
-1.069260202348232269e-02,-7.754961401224136353e-02,-2.392395019531250000e+00,1.046547293663024902e+01
-1.109355222433805466e-02,-7.747399061918258667e-02,-2.393781423568725586e+00,1.047052502632141113e+01
-1.134217530488967896e-02,-7.738360762596130371e-02,-2.395009517669677734e+00,1.047546315193176270e+01
-1.483569387346506119e-02,-7.934699952602386475e-02,-2.398872852325439453e+00,1.048048710823059082e+01
-1.500135660171508789e-02,-7.936128228902816772e-02,-2.400120019912719727e+00,1.048541092872619629e+01
-1.561530772596597672e-02,-7.941073924303054810e-02,-2.401466846466064453e+00,1.049045515060424805e+01
-1.626626402139663696e-02,-7.948686927556991577e-02,-2.402839183807373047e+00,1.049567914009094238e+01
-1.652241870760917664e-02,-7.966234534978866577e-02,-2.404240846633911133e+00,1.050086903572082520e+01
-1.683984696865081787e-02,-7.981310784816741943e-02,-2.405612707138061523e+00,1.050557708740234375e+01
-1.338764000684022903e-02,-7.953173667192459106e-02,-2.407126188278198242e+00,1.051059508323669434e+01
-1.315280981361865997e-02,-7.973929494619369507e-02,-2.408598661422729492e+00,1.051556611061096191e+01
-1.315639633685350418e-02,-7.965786755084991455e-02,-2.410653829574584961e+00,1.052060508728027344e+01
-1.291034929454326630e-02,-7.971522957086563110e-02,-2.412442445755004883e+00,1.052558398246765137e+01
-1.261323038488626480e-02,-7.972478866577148438e-02,-2.414312124252319336e+00,1.053065013885498047e+01
-1.275349594652652740e-02,-7.982126623392105103e-02,-2.416257619857788086e+00,1.053553104400634766e+01
-1.276416610926389694e-02,-7.990952581167221069e-02,-2.418287277221679688e+00,1.054060792922973633e+01
-1.438123919069766998e-02,-7.936824113130569458e-02,-2.418884754180908203e+00,1.054558515548706055e+01
-1.442202180624008179e-02,-7.921560853719711304e-02,-2.419793367385864258e+00,1.055067300796508789e+01
-1.470733154565095901e-02,-7.937907427549362183e-02,-2.421263217926025391e+00,1.055557894706726074e+01
-1.500984840095043182e-02,-7.955748587846755981e-02,-2.422585248947143555e+00,1.056085300445556641e+01
-1.514019630849361420e-02,-8.004542440176010132e-02,-2.423757076263427734e+00,1.056567096710205078e+01
-1.531401555985212326e-02,-8.037605136632919312e-02,-2.424819231033325195e+00,1.057072114944458008e+01
-1.545352861285209656e-02,-8.078139275312423706e-02,-2.425760507583618164e+00,1.057568001747131348e+01
-1.328059285879135132e-02,-8.004977554082870483e-02,-2.427702188491821289e+00,1.058083415031433105e+01
-1.318402495235204697e-02,-8.012590557336807251e-02,-2.429003238677978516e+00,1.058569097518920898e+01
-1.305725332349538803e-02,-8.025282621383666992e-02,-2.430370569229125977e+00,1.059073710441589355e+01
-1.293029822409152985e-02,-8.037193119525909424e-02,-2.431847810745239258e+00,1.059599208831787109e+01
-1.245461963117122650e-02,-8.045140653848648071e-02,-2.433526515960693359e+00,1.060093998908996582e+01
-1.205959450453519821e-02,-8.060766756534576416e-02,-2.435219287872314453e+00,1.060773396492004395e+01
-1.204040180891752243e-02,-7.839505374431610107e-02,-2.436711311340332031e+00,1.061076807975769043e+01
-1.211173646152019501e-02,-7.824987173080444336e-02,-2.438030719757080078e+00,1.061566615104675293e+01
-1.183224655687808990e-02,-7.813981175422668457e-02,-2.439763545989990234e+00,1.062071514129638672e+01
-1.157965511083602905e-02,-7.801605015993118286e-02,-2.441495656967163086e+00,1.062598299980163574e+01
-1.156460400670766830e-02,-7.803551852703094482e-02,-2.442950248718261719e+00,1.063087415695190430e+01
-1.154412236064672470e-02,-7.795534282922744751e-02,-2.444485902786254883e+00,1.063564300537109375e+01
-1.160585135221481323e-02,-7.788481563329696655e-02,-2.445971012115478516e+00,1.064075112342834473e+01
-1.295672170817852020e-02,-7.901885360479354858e-02,-2.446655273437500000e+00,1.064581513404846191e+01
-1.269580796360969543e-02,-7.901667803525924683e-02,-2.448204755783081055e+00,1.065075206756591797e+01
-1.232790667563676834e-02,-7.898028939962387085e-02,-2.449819326400756836e+00,1.065566611289978027e+01
-1.243565976619720459e-02,-7.887860387563705444e-02,-2.451477050781250000e+00,1.066100311279296875e+01
-1.232646871358156204e-02,-7.884404063224792480e-02,-2.453131198883056641e+00,1.066583204269409180e+01
-1.226577814668416977e-02,-7.881571352481842041e-02,-2.454804897308349609e+00,1.067079615592956543e+01
-1.226112246513366699e-02,-7.878655940294265747e-02,-2.456501245498657227e+00,1.067590904235839844e+01
-1.269574463367462158e-02,-8.023332804441452026e-02,-2.458959579467773438e+00,1.068077993392944336e+01
-1.285177934914827347e-02,-8.044758439064025879e-02,-2.460847139358520508e+00,1.068575501441955566e+01
-1.305769290775060654e-02,-8.068949729204177856e-02,-2.462823152542114258e+00,1.069076609611511230e+01
-1.330623123794794083e-02,-8.068136125802993774e-02,-2.462970495223999023e+00,1.069629693031311035e+01
-1.360851526260375977e-02,-8.087944239377975464e-02,-2.464351654052734375e+00,1.070083308219909668e+01
-1.394656486809253693e-02,-8.097641915082931519e-02,-2.465648412704467773e+00,1.070582413673400879e+01
-1.136581879109144211e-02,-8.058745414018630981e-02,-2.466293096542358398e+00,1.071086692810058594e+01
-1.112613920122385025e-02,-8.073274046182632446e-02,-2.467815637588500977e+00,1.071599006652832031e+01
-1.084020454436540604e-02,-8.088764548301696777e-02,-2.469388723373413086e+00,1.072114300727844238e+01
-1.102151162922382355e-02,-8.102752268314361572e-02,-2.471262216567993164e+00,1.072599911689758301e+01
-1.097035966813564301e-02,-8.118969202041625977e-02,-2.473090887069702148e+00,1.073116207122802734e+01
-1.096357870846986771e-02,-8.137959986925125122e-02,-2.475017309188842773e+00,1.073599410057067871e+01
-1.070303935557603836e-02,-8.161289989948272705e-02,-2.476766586303710938e+00,1.074099993705749512e+01
-9.965456090867519379e-03,-8.015473186969757080e-02,-2.475194215774536133e+00,1.074599695205688477e+01
-9.509373456239700317e-03,-8.016759902238845825e-02,-2.476706981658935547e+00,1.075104093551635742e+01
-9.094381704926490784e-03,-8.026056736707687378e-02,-2.477812051773071289e+00,1.075599002838134766e+01
-8.602741174399852753e-03,-8.036006987094879150e-02,-2.478981018066406250e+00,1.076149010658264160e+01
-8.106011897325515747e-03,-8.035298436880111694e-02,-2.480139732360839844e+00,1.076655101776123047e+01
-7.592954207211732864e-03,-8.025842905044555664e-02,-2.481268644332885742e+00,1.077084398269653320e+01
-7.229992188513278961e-03,-8.044732362031936646e-02,-2.482207536697387695e+00,1.077593994140625000e+01
-1.131828688085079193e-02,-8.052539825439453125e-02,-2.487066268920898438e+00,1.078098607063293457e+01
-1.126341521739959717e-02,-8.035322278738021851e-02,-2.488212823867797852e+00,1.078647613525390625e+01
-1.129116676747798920e-02,-8.033869415521621704e-02,-2.489579439163208008e+00,1.079109001159667969e+01
-1.131745614111423492e-02,-8.020215481519699097e-02,-2.490810871124267578e+00,1.079634809494018555e+01
-1.134672574698925018e-02,-8.006034046411514282e-02,-2.492010593414306641e+00,1.080105495452880859e+01
-1.136096846312284470e-02,-8.004362881183624268e-02,-2.493511438369750977e+00,1.080617809295654297e+01
-1.249855943024158478e-02,-8.198685944080352783e-02,-2.497097969055175781e+00,1.081114196777343750e+01
-1.266588643193244934e-02,-8.213200420141220093e-02,-2.498821735382080078e+00,1.081648302078247070e+01
-1.286228001117706299e-02,-8.207590878009796143e-02,-2.500361919403076172e+00,1.082113099098205566e+01
-1.307721156626939774e-02,-8.207701146602630615e-02,-2.501986503601074219e+00,1.082599496841430664e+01
-1.331281196326017380e-02,-8.201237767934799194e-02,-2.503573179244995117e+00,1.083131599426269531e+01
-1.340428739786148071e-02,-8.202023804187774658e-02,-2.505014419555664062e+00,1.083642792701721191e+01
-1.353809423744678497e-02,-8.197212964296340942e-02,-2.506509304046630859e+00,1.084103894233703613e+01
-1.145999878644943237e-02,-8.090014010667800903e-02,-2.505997657775878906e+00,1.084629797935485840e+01
-1.135071553289890289e-02,-8.091760426759719849e-02,-2.507376432418823242e+00,1.085130810737609863e+01
-1.161070540547370911e-02,-8.100420236587524414e-02,-2.508749008178710938e+00,1.085643100738525391e+01
-1.167865283787250519e-02,-8.105838298797607422e-02,-2.510130167007446289e+00,1.086122202873229980e+01
-1.177189871668815613e-02,-8.108980953693389893e-02,-2.511487007141113281e+00,1.086637806892395020e+01
-1.159260142594575882e-02,-8.100430667400360107e-02,-2.512738704681396484e+00,1.087119197845458984e+01
-1.099575310945510864e-02,-8.183626830577850342e-02,-2.515291452407836914e+00,1.087638711929321289e+01
-1.065719779580831528e-02,-8.197063952684402466e-02,-2.516634464263916016e+00,1.088126015663146973e+01
-1.076713204383850098e-02,-8.231591433286666870e-02,-2.518161058425903320e+00,1.088632607460021973e+01
-1.064122747629880905e-02,-8.256700634956359863e-02,-2.519587516784667969e+00,1.089131093025207520e+01
-1.053925603628158569e-02,-8.284695446491241455e-02,-2.521020174026489258e+00,1.089660000801086426e+01
-1.040501613169908524e-02,-8.298175781965255737e-02,-2.522475719451904297e+00,1.090113115310668945e+01
-1.030614040791988373e-02,-8.317309617996215820e-02,-2.523936510086059570e+00,1.090651607513427734e+01
-1.134420651942491531e-02,-8.163049072027206421e-02,-2.525807619094848633e+00,1.091117310523986816e+01
-1.121636759489774704e-02,-8.168084174394607544e-02,-2.527187347412109375e+00,1.091677093505859375e+01
-1.114481035619974136e-02,-8.168806880712509155e-02,-2.528646707534790039e+00,1.092130208015441895e+01
-1.105272118002176285e-02,-8.168501406908035278e-02,-2.530086517333984375e+00,1.092696404457092285e+01
-1.092046499252319336e-02,-8.162979781627655029e-02,-2.531477451324462891e+00,1.093139314651489258e+01
-1.077478006482124329e-02,-8.160552382469177246e-02,-2.532868862152099609e+00,1.093657112121582031e+01
-1.060753408819437027e-02,-8.157906681299209595e-02,-2.534237623214721680e+00,1.094135499000549316e+01
-1.093677338212728500e-02,-8.247056603431701660e-02,-2.535746574401855469e+00,1.094696092605590820e+01
-1.095649693161249161e-02,-8.254010975360870361e-02,-2.537106752395629883e+00,1.095126199722290039e+01
-1.086911838501691818e-02,-8.262594789266586304e-02,-2.538435459136962891e+00,1.095659708976745605e+01
-1.077379658818244934e-02,-8.271211385726928711e-02,-2.539734363555908203e+00,1.096152615547180176e+01
-1.068792678415775299e-02,-8.280234038829803467e-02,-2.541387319564819336e+00,1.096649312973022461e+01
-1.061020977795124054e-02,-8.290875703096389771e-02,-2.542960882186889648e+00,1.097143197059631348e+01
-1.052790135145187378e-02,-8.300661295652389526e-02,-2.544543981552124023e+00,1.097669911384582520e+01
-1.071345247328281403e-02,-8.306908607482910156e-02,-2.546379566192626953e+00,1.098137903213500977e+01
-1.082931458950042725e-02,-8.322317153215408325e-02,-2.548295736312866211e+00,1.098666906356811523e+01
-1.098793465644121170e-02,-8.335190266370773315e-02,-2.550330400466918945e+00,1.099137210845947266e+01
-1.094082929193973541e-02,-8.351892977952957153e-02,-2.552036285400390625e+00,1.099661993980407715e+01
-1.098167896270751953e-02,-8.361412584781646729e-02,-2.553865194320678711e+00,1.100357699394226074e+01
-1.099765393882989883e-02,-8.368933945894241333e-02,-2.555649042129516602e+00,1.100745201110839844e+01
-1.052868179976940155e-02,-8.263247460126876831e-02,-2.555373430252075195e+00,1.101166796684265137e+01
-1.059406343847513199e-02,-8.266262710094451904e-02,-2.556656122207641602e+00,1.101663208007812500e+01
-1.070329360663890839e-02,-8.265832066535949707e-02,-2.557857990264892578e+00,1.102154207229614258e+01
-1.084678340703248978e-02,-8.265770226716995239e-02,-2.558980464935302734e+00,1.102662611007690430e+01
-1.069326046854257584e-02,-8.283945918083190918e-02,-2.560259580612182617e+00,1.103167104721069336e+01
-1.068265829235315323e-02,-8.299377560615539551e-02,-2.561388254165649414e+00,1.103673005104064941e+01
-1.064711343497037888e-02,-8.317328989505767822e-02,-2.562526702880859375e+00,1.104154300689697266e+01
-1.124037802219390869e-02,-8.482424169778823853e-02,-2.565055847167968750e+00,1.104659104347229004e+01
-1.114427298307418823e-02,-8.519136905670166016e-02,-2.566213369369506836e+00,1.105162906646728516e+01
-1.102080661803483963e-02,-8.558655530214309692e-02,-2.567338466644287109e+00,1.105656504631042480e+01
-1.105294656008481979e-02,-8.559260517358779907e-02,-2.569446325302124023e+00,1.106182098388671875e+01
-1.094705425202846527e-02,-8.590704202651977539e-02,-2.570873498916625977e+00,1.106651115417480469e+01
-1.082783378660678864e-02,-8.621176332235336304e-02,-2.572340726852416992e+00,1.107159709930419922e+01
-1.032867562025785446e-02,-8.342266827821731567e-02,-2.573448657989501953e+00,1.107677197456359863e+01
-1.016315259039402008e-02,-8.342559635639190674e-02,-2.575050592422485352e+00,1.108165502548217773e+01
-9.997892193496227264e-03,-8.342016488313674927e-02,-2.576709508895874023e+00,1.108679699897766113e+01
-9.729703888297080994e-03,-8.346937596797943115e-02,-2.578461408615112305e+00,1.109165906906127930e+01
-9.497790597379207611e-03,-8.347263187170028687e-02,-2.580257892608642578e+00,1.109681415557861328e+01
-9.250348433852195740e-03,-8.343651145696640015e-02,-2.582130193710327148e+00,1.110159492492675781e+01
-9.340384975075721741e-03,-8.341205865144729614e-02,-2.583984375000000000e+00,1.110671710968017578e+01
-1.023005414754152298e-02,-8.417995274066925049e-02,-2.585508108139038086e+00,1.111165809631347656e+01
-1.046873256564140320e-02,-8.435773104429244995e-02,-2.587396144866943359e+00,1.111676907539367676e+01
-1.079961098730564117e-02,-8.452392369508743286e-02,-2.589318275451660156e+00,1.112161302566528320e+01
-1.078877970576286316e-02,-8.415424078702926636e-02,-2.590645074844360352e+00,1.112678813934326172e+01
-1.102535985410213470e-02,-8.405416458845138550e-02,-2.592266559600830078e+00,1.113184714317321777e+01
-1.128312014043331146e-02,-8.386410772800445557e-02,-2.593823194503784180e+00,1.113682293891906738e+01
-1.138447970151901245e-02,-8.390858024358749390e-02,-2.595151901245117188e+00,1.114156603813171387e+01
-1.112182624638080597e-02,-8.606305718421936035e-02,-2.595873355865478516e+00,1.114699411392211914e+01
-1.113885361701250076e-02,-8.642885088920593262e-02,-2.597000360488891602e+00,1.115180706977844238e+01
-1.157345809042453766e-02,-8.665512502193450928e-02,-2.598838567733764648e+00,1.115690612792968750e+01
-1.182066276669502258e-02,-8.689989894628524780e-02,-2.600280046463012695e+00,1.116186594963073730e+01
-1.211328990757465363e-02,-8.710537105798721313e-02,-2.601752042770385742e+00,1.116684508323669434e+01
-1.220180839300155640e-02,-8.725988864898681641e-02,-2.603248357772827148e+00,1.117157196998596191e+01
-8.477935567498207092e-03,-8.483849465847015381e-02,-2.602346420288085938e+00,1.117702198028564453e+01
-8.087415248155593872e-03,-8.489568531513214111e-02,-2.603530406951904297e+00,1.118175601959228516e+01
-7.566205691546201706e-03,-8.484909683465957642e-02,-2.604801177978515625e+00,1.118689513206481934e+01
-7.043587975203990936e-03,-8.479772508144378662e-02,-2.606099843978881836e+00,1.119186806678771973e+01
-6.441475823521614075e-03,-8.464798331260681152e-02,-2.607434988021850586e+00,1.119699501991271973e+01
-5.798329133540391922e-03,-8.444899320602416992e-02,-2.608789920806884766e+00,1.120191001892089844e+01
-5.820396821945905685e-03,-8.473609387874603271e-02,-2.610123634338378906e+00,1.120703506469726562e+01
-1.231397408992052078e-02,-8.651476353406906128e-02,-2.615806102752685547e+00,1.121191501617431641e+01
-1.288907974958419800e-02,-8.678985387086868286e-02,-2.617414474487304688e+00,1.121697807312011719e+01
-1.274663116782903671e-02,-8.661482483148574829e-02,-2.618510484695434570e+00,1.122188711166381836e+01
-1.302146073430776596e-02,-8.671478182077407837e-02,-2.619882822036743164e+00,1.122711300849914551e+01
-1.324656978249549866e-02,-8.680666983127593994e-02,-2.621195077896118164e+00,1.123202514648437500e+01
-1.348704472184181213e-02,-8.721651881933212280e-02,-2.622543573379516602e+00,1.123696899414062500e+01
-1.369551010429859161e-02,-8.751355111598968506e-02,-2.623807430267333984e+00,1.124183797836303711e+01
-1.205766201019287109e-02,-8.703238517045974731e-02,-2.628017663955688477e+00,1.124700403213500977e+01
-1.231302041560411453e-02,-8.694853633642196655e-02,-2.629270076751708984e+00,1.125206208229064941e+01
-1.245233230292797089e-02,-8.693483471870422363e-02,-2.630559921264648438e+00,1.125696897506713867e+01
-1.261007320135831833e-02,-8.689928054809570312e-02,-2.631769895553588867e+00,1.126205706596374512e+01
-1.265108585357666016e-02,-8.696791529655456543e-02,-2.633263826370239258e+00,1.126699614524841309e+01
-1.272998284548521042e-02,-8.701282739639282227e-02,-2.634628057479858398e+00,1.127193212509155273e+01
-1.141635328531265259e-02,-8.713715523481369019e-02,-2.635602235794067383e+00,1.127696800231933594e+01
-1.125892624258995056e-02,-8.740276843309402466e-02,-2.637293577194213867e+00,1.128205895423889160e+01
-1.109654363244771957e-02,-8.758196979761123657e-02,-2.638901472091674805e+00,1.128700613975524902e+01
-1.085757557302713394e-02,-8.785570412874221802e-02,-2.640457153320312500e+00,1.129192996025085449e+01
-1.057465746998786926e-02,-8.817595988512039185e-02,-2.642043113708496094e+00,1.129723310470581055e+01
-1.050174422562122345e-02,-8.805946260690689087e-02,-2.643592834472656250e+00,1.130196094512939453e+01
-1.030682679265737534e-02,-8.806785196065902710e-02,-2.645266056060791016e+00,1.130703997611999512e+01
-1.048620697110891342e-02,-8.648524433374404907e-02,-2.645251035690307617e+00,1.131192898750305176e+01
-1.093287952244281769e-02,-8.679183572530746460e-02,-2.646813392639160156e+00,1.131695795059204102e+01
-1.113582681864500046e-02,-8.683627843856811523e-02,-2.648341655731201172e+00,1.132205796241760254e+01
-1.144208852201700211e-02,-8.691058307886123657e-02,-2.649924755096435547e+00,1.132724905014038086e+01
-1.147723477333784103e-02,-8.674558997154235840e-02,-2.651355504989624023e+00,1.133206200599670410e+01
-1.166215632110834122e-02,-8.665703982114791870e-02,-2.652832031250000000e+00,1.133715105056762695e+01
-1.183780562132596970e-02,-8.653955161571502686e-02,-2.654281377792358398e+00,1.134205913543701172e+01
-1.094784401357173920e-02,-8.717084676027297974e-02,-2.654909610748291016e+00,1.134715008735656738e+01
-1.119413133710622787e-02,-8.730048686265945435e-02,-2.656023263931274414e+00,1.135205292701721191e+01
-1.151390653103590012e-02,-8.747663348913192749e-02,-2.657095909118652344e+00,1.135713410377502441e+01
-1.123439148068428040e-02,-8.737821877002716064e-02,-2.658286571502685547e+00,1.136229610443115234e+01
-1.112471427768468857e-02,-8.738513290882110596e-02,-2.659410715103149414e+00,1.136729097366333008e+01
-1.090869214385747910e-02,-8.737394213676452637e-02,-2.660556316375732422e+00,1.137189292907714844e+01
-1.164187397807836533e-02,-8.802237361669540405e-02,-2.665235519409179688e+00,1.137699794769287109e+01
-1.212658639997243881e-02,-8.824510872364044189e-02,-2.666607141494750977e+00,1.138189601898193359e+01
-1.205972675234079361e-02,-8.823810517787933350e-02,-2.667956352233886719e+00,1.138727903366088867e+01
-1.202920079231262207e-02,-8.826179802417755127e-02,-2.669322490692138672e+00,1.139191603660583496e+01
-1.176436338573694229e-02,-8.811347186565399170e-02,-2.670719861984252930e+00,1.139732098579406738e+01
-1.155726425349712372e-02,-8.803164958953857422e-02,-2.672105789184570312e+00,1.140320396423339844e+01
-1.128186471760272980e-02,-8.791524171829223633e-02,-2.673487424850463867e+00,1.140727305412292480e+01
-1.165449060499668121e-02,-8.922506868839263916e-02,-2.675085067749023438e+00,1.141216802597045898e+01
-1.126214303076267242e-02,-8.927817642688751221e-02,-2.676493167877197266e+00,1.141724395751953125e+01
-1.082355529069900513e-02,-8.934028446674346924e-02,-2.677907228469848633e+00,1.142231512069702148e+01
-1.115376502275466919e-02,-8.953220397233963013e-02,-2.680187702178955078e+00,1.142749810218811035e+01
-1.092890650033950806e-02,-8.961824327707290649e-02,-2.681927680969238281e+00,1.143215107917785645e+01
-1.070653181523084641e-02,-8.962091058492660522e-02,-2.683754205703735352e+00,1.143723297119140625e+01
-1.072081644088029861e-02,-8.956680446863174438e-02,-2.685619592666625977e+00,1.144218993186950684e+01
-1.263183541595935822e-02,-8.979918062686920166e-02,-2.687531232833862305e+00,1.144727015495300293e+01
-1.292881648987531662e-02,-8.997771888971328735e-02,-2.689491271972656250e+00,1.145230603218078613e+01
-1.306034252047538757e-02,-9.008362889289855957e-02,-2.690966129302978516e+00,1.145757913589477539e+01
-1.334467902779579163e-02,-9.022237360477447510e-02,-2.692635536193847656e+00,1.146239614486694336e+01
-1.366151683032512665e-02,-9.037659317255020142e-02,-2.694250583648681641e+00,1.146737599372863770e+01
-1.401262730360031128e-02,-9.057633578777313232e-02,-2.695808887481689453e+00,1.147214603424072266e+01
-1.540749706327915192e-02,-9.039641916751861572e-02,-2.697360277175903320e+00,1.147733592987060547e+01
-1.615577936172485352e-02,-9.064041823148727417e-02,-2.698847532272338867e+00,1.148230314254760742e+01
-1.698274165391921997e-02,-9.087669104337692261e-02,-2.700246572494506836e+00,1.148729896545410156e+01
-1.677344739437103271e-02,-9.095290303230285645e-02,-2.702219724655151367e+00,1.149229907989501953e+01
-1.710220798850059509e-02,-9.118205308914184570e-02,-2.703816175460815430e+00,1.149736905097961426e+01
-1.733466982841491699e-02,-9.143661707639694214e-02,-2.705437660217285156e+00,1.150214004516601562e+01
-1.789481751620769501e-02,-9.167594462633132935e-02,-2.707185506820678711e+00,1.150739192962646484e+01
-1.606783829629421234e-02,-8.950128406286239624e-02,-2.707143068313598633e+00,1.151214504241943359e+01
-1.636807806789875031e-02,-8.941598981618881226e-02,-2.708789587020874023e+00,1.151731801033020020e+01
-1.616992056369781494e-02,-8.958988636732101440e-02,-2.710631370544433594e+00,1.152246499061584473e+01
-1.617629267275333405e-02,-8.965729922056198120e-02,-2.712456941604614258e+00,1.152761006355285645e+01
-1.611660420894622803e-02,-8.970267325639724731e-02,-2.714368581771850586e+00,1.153257393836975098e+01
-1.616351120173931122e-02,-8.947821706533432007e-02,-2.716139793395996094e+00,1.153734111785888672e+01
-1.610426791012287140e-02,-8.934752643108367920e-02,-2.718001127243041992e+00,1.154244613647460938e+01
-1.514140516519546509e-02,-8.914779126644134521e-02,-2.717695951461791992e+00,1.154752707481384277e+01
-1.500059198588132858e-02,-8.910528570413589478e-02,-2.719385385513305664e+00,1.155228304862976074e+01
-1.492140442132949829e-02,-8.944811671972274780e-02,-2.720756769180297852e+00,1.155753111839294434e+01
-1.477881241589784622e-02,-8.955188095569610596e-02,-2.722259283065795898e+00,1.156269598007202148e+01
-1.462741382420063019e-02,-8.967158943414688110e-02,-2.723723649978637695e+00,1.156752705574035645e+01
-1.459503266960382462e-02,-8.963057398796081543e-02,-2.725155591964721680e+00,1.157244014739990234e+01
-1.579256355762481689e-02,-9.062942117452621460e-02,-2.727396488189697266e+00,1.157754611968994141e+01
-1.590156182646751404e-02,-9.071495383977890015e-02,-2.728739261627197266e+00,1.158246612548828125e+01
-1.568348333239555359e-02,-9.098982810974121094e-02,-2.730317831039428711e+00,1.158755993843078613e+01
-1.562141627073287964e-02,-9.118189662694931030e-02,-2.731739997863769531e+00,1.159255194664001465e+01
-1.552350912243127823e-02,-9.137947112321853638e-02,-2.733161449432373047e+00,1.159767293930053711e+01
-1.584828644990921021e-02,-9.151084721088409424e-02,-2.734839677810668945e+00,1.160257506370544434e+01
-1.608087122440338135e-02,-9.165448695421218872e-02,-2.736478567123413086e+00,1.160762715339660645e+01
-1.748003624379634857e-02,-9.041207283735275269e-02,-2.738164663314819336e+00,1.161243510246276855e+01
-1.776942797005176544e-02,-9.048721194267272949e-02,-2.739619493484497070e+00,1.161759495735168457e+01
-1.828089170157909393e-02,-9.055189043283462524e-02,-2.741257429122924805e+00,1.162256813049316406e+01
-1.882839016616344452e-02,-9.063614904880523682e-02,-2.742912530899047852e+00,1.162781405448913574e+01
-1.940823905169963837e-02,-9.074026346206665039e-02,-2.744570255279541016e+00,1.163269901275634766e+01
-1.977279968559741974e-02,-9.057833999395370483e-02,-2.745792150497436523e+00,1.163760399818420410e+01
-2.023970521986484528e-02,-9.050647169351577759e-02,-2.747161865234375000e+00,1.164258193969726562e+01
-1.629236713051795959e-02,-9.009225666522979736e-02,-2.747134685516357422e+00,1.164763712882995605e+01
-1.675492897629737854e-02,-9.031343460083007812e-02,-2.748872518539428711e+00,1.165269708633422852e+01
-1.704716123640537262e-02,-9.029044210910797119e-02,-2.750261545181274414e+00,1.165771913528442383e+01
-1.737614348530769348e-02,-9.028694033622741699e-02,-2.751702785491943359e+00,1.166282415390014648e+01
-1.762767881155014038e-02,-9.022311121225357056e-02,-2.753364801406860352e+00,1.166772294044494629e+01
-1.793829724192619324e-02,-9.013859927654266357e-02,-2.755036830902099609e+00,1.167268610000610352e+01
-1.802043803036212921e-02,-9.131437540054321289e-02,-2.758591175079345703e+00,1.167794203758239746e+01
-1.780709624290466309e-02,-9.151926636695861816e-02,-2.760264158248901367e+00,1.168275213241577148e+01
-1.776569895446300507e-02,-9.162896126508712769e-02,-2.762097597122192383e+00,1.168771195411682129e+01
-1.764592714607715607e-02,-9.175802022218704224e-02,-2.763942003250122070e+00,1.169276213645935059e+01
-1.753610372543334961e-02,-9.171351045370101929e-02,-2.765394449234008789e+00,1.169780802726745605e+01
-1.732966490089893341e-02,-9.176652878522872925e-02,-2.766928434371948242e+00,1.170269298553466797e+01
-1.706607639789581299e-02,-9.178906679153442383e-02,-2.768365859985351562e+00,1.170770812034606934e+01
-1.736835949122905731e-02,-9.207883477210998535e-02,-2.768529891967773438e+00,1.171269011497497559e+01
-1.720719039440155029e-02,-9.211704134941101074e-02,-2.769784212112426758e+00,1.171776294708251953e+01
-1.704927347600460052e-02,-9.210393577814102173e-02,-2.771006345748901367e+00,1.172281503677368164e+01
-1.685937494039535522e-02,-9.213011711835861206e-02,-2.772100210189819336e+00,1.172793912887573242e+01
-1.697691902518272400e-02,-9.226463735103607178e-02,-2.773672342300415039e+00,1.173281812667846680e+01
-1.698070764541625977e-02,-9.239766001701354980e-02,-2.774992465972900391e+00,1.173781609535217285e+01
-1.842805929481983185e-02,-9.387014806270599365e-02,-2.777854204177856445e+00,1.174266505241394043e+01
-1.864152029156684875e-02,-9.405378997325897217e-02,-2.779573917388916016e+00,1.174783015251159668e+01
-1.893699727952480316e-02,-9.432576596736907959e-02,-2.781215906143188477e+00,1.175271296501159668e+01
-1.927717961370944977e-02,-9.461408853530883789e-02,-2.782918691635131836e+00,1.175782513618469238e+01
-1.953048631548881531e-02,-9.491148591041564941e-02,-2.784588813781738281e+00,1.176310515403747559e+01
-1.984126493334770203e-02,-9.519932419061660767e-02,-2.786317586898803711e+00,1.176786494255065918e+01
-2.015181258320808411e-02,-9.548675268888473511e-02,-2.788060665130615234e+00,1.177281904220581055e+01
-1.831224374473094940e-02,-9.273725748062133789e-02,-2.788375139236450195e+00,1.177816605567932129e+01
-1.843054592609405518e-02,-9.275752305984497070e-02,-2.789964199066162109e+00,1.178296709060668945e+01
-1.853288151323795319e-02,-9.274536371231079102e-02,-2.791525363922119141e+00,1.178800702095031738e+01
-1.866560801863670349e-02,-9.285684674978256226e-02,-2.793095588684082031e+00,1.179288411140441895e+01
-1.877835765480995178e-02,-9.289894998073577881e-02,-2.794629812240600586e+00,1.179801392555236816e+01
-1.889729872345924377e-02,-9.296632558107376099e-02,-2.796153783798217773e+00,1.180479097366333008e+01
-1.902514882385730743e-02,-9.305385500192642212e-02,-2.797670602798461914e+00,1.180833101272583008e+01
-1.836795918643474579e-02,-9.302230179309844971e-02,-2.799159765243530273e+00,1.181287598609924316e+01
-1.824600063264369965e-02,-9.294280409812927246e-02,-2.800677537918090820e+00,1.181806397438049316e+01
-1.808280497789382935e-02,-9.286551177501678467e-02,-2.802192687988281250e+00,1.182310295104980469e+01
-1.813826151192188263e-02,-9.304542839527130127e-02,-2.803846120834350586e+00,1.182803702354431152e+01
-1.806747354567050934e-02,-9.311055392026901245e-02,-2.805449008941650391e+00,1.183306312561035156e+01
-1.799557730555534363e-02,-9.320896863937377930e-02,-2.807053565979003906e+00,1.183795499801635742e+01
-1.783057861030101776e-02,-9.319666028022766113e-02,-2.808495283126831055e+00,1.184289097785949707e+01
-1.787094026803970337e-02,-9.358586370944976807e-02,-2.810237407684326172e+00,1.184821605682373047e+01
-1.769178546965122223e-02,-9.356379508972167969e-02,-2.811757802963256836e+00,1.185311508178710938e+01
-1.750930957496166229e-02,-9.361656755208969116e-02,-2.813148021697998047e+00,1.185808610916137695e+01
-1.729411445558071136e-02,-9.360608458518981934e-02,-2.814540863037109375e+00,1.186330509185791016e+01
-1.705759763717651367e-02,-9.357329457998275757e-02,-2.815888881683349609e+00,1.186806297302246094e+01
-1.688396744430065155e-02,-9.351758658885955811e-02,-2.817368507385253906e+00,1.187303209304809570e+01
-1.846568286418914795e-02,-9.508473426103591919e-02,-2.820265293121337891e+00,1.187807393074035645e+01
-1.846663467586040497e-02,-9.526884555816650391e-02,-2.821944713592529297e+00,1.188311815261840820e+01
-1.888756081461906433e-02,-9.539142251014709473e-02,-2.823803424835205078e+00,1.188808894157409668e+01
-1.916047185659408569e-02,-9.551787376403808594e-02,-2.825655460357666016e+00,1.189304614067077637e+01
-1.952478289604187012e-02,-9.564175456762313843e-02,-2.827566862106323242e+00,1.189836192131042480e+01
-1.997097767889499664e-02,-9.574037790298461914e-02,-2.829530954360961914e+00,1.190316605567932129e+01
-2.012706361711025238e-02,-9.582825750112533569e-02,-2.831354618072509766e+00,1.190806913375854492e+01
-1.647242903709411621e-02,-9.406609833240509033e-02,-2.828697681427001953e+00,1.191306710243225098e+01
-1.634785346686840057e-02,-9.394154697656631470e-02,-2.830178737640380859e+00,1.191811203956604004e+01
-1.607143878936767578e-02,-9.409870952367782593e-02,-2.831525564193725586e+00,1.192323398590087891e+01
-1.586326025426387787e-02,-9.413190931081771851e-02,-2.832944154739379883e+00,1.192828011512756348e+01
-1.565384492278099060e-02,-9.421017020940780640e-02,-2.834368944168090820e+00,1.193318510055541992e+01
-1.514624245464801788e-02,-9.400674700736999512e-02,-2.835535764694213867e+00,1.193851804733276367e+01
-1.744398660957813263e-02,-9.517467767000198364e-02,-2.839434862136840820e+00,1.194329309463500977e+01
-1.699244230985641479e-02,-9.505357593297958374e-02,-2.840725421905517578e+00,1.194819092750549316e+01
-1.701751910150051117e-02,-9.549342095851898193e-02,-2.841953754425048828e+00,1.195322203636169434e+01
-1.674531213939189911e-02,-9.562994539737701416e-02,-2.843120336532592773e+00,1.195818495750427246e+01
-1.648050732910633087e-02,-9.582471847534179688e-02,-2.844228267669677734e+00,1.196335315704345703e+01
-1.615782640874385834e-02,-9.582695364952087402e-02,-2.845549345016479492e+00,1.196818804740905762e+01
-1.585298590362071991e-02,-9.586570411920547485e-02,-2.846753835678100586e+00,1.197318410873413086e+01
-1.731372252106666565e-02,-9.606482833623886108e-02,-2.849622964859008789e+00,1.197824001312255859e+01
-1.707170717418193817e-02,-9.599665552377700806e-02,-2.850939273834228516e+00,1.198324513435363770e+01
-1.718634553253650665e-02,-9.647697210311889648e-02,-2.852550506591796875e+00,1.198838305473327637e+01
-1.712653599679470062e-02,-9.664653241634368896e-02,-2.854030370712280273e+00,1.199334096908569336e+01
-1.709779165685176849e-02,-9.683261066675186157e-02,-2.855550050735473633e+00,1.199836492538452148e+01
-1.702198944985866547e-02,-9.674747288227081299e-02,-2.857070207595825195e+00,1.200336098670959473e+01
-1.701710373163223267e-02,-9.675891697406768799e-02,-2.858673572540283203e+00,1.200833606719970703e+01
-1.764606870710849762e-02,-9.606846421957015991e-02,-2.859423637390136719e+00,1.201316905021667480e+01
-1.774363033473491669e-02,-9.619174152612686157e-02,-2.860962152481079102e+00,1.201832103729248047e+01
-1.782122813165187836e-02,-9.623244404792785645e-02,-2.862554550170898438e+00,1.202338695526123047e+01
-1.793448999524116516e-02,-9.626654535531997681e-02,-2.864163160324096680e+00,1.202868700027465820e+01
-1.803552545607089996e-02,-9.626302868127822876e-02,-2.865608930587768555e+00,1.203336715698242188e+01
-1.816699095070362091e-02,-9.626456350088119507e-02,-2.867119312286376953e+00,1.203836297988891602e+01
-1.847204566001892090e-02,-9.668688476085662842e-02,-2.868991613388061523e+00,1.204342699050903320e+01
-1.808094605803489685e-02,-9.677840024232864380e-02,-2.870486021041870117e+00,1.204841494560241699e+01
-1.789399981498718262e-02,-9.685906767845153809e-02,-2.871953964233398438e+00,1.205336499214172363e+01
-1.760895177721977234e-02,-9.691528230905532837e-02,-2.873419284820556641e+00,1.205836009979248047e+01
-1.770651526749134064e-02,-9.691178053617477417e-02,-2.874982118606567383e+00,1.206362700462341309e+01
-1.765191927552223206e-02,-9.694137424230575562e-02,-2.876505374908447266e+00,1.206854200363159180e+01
-1.764381676912307739e-02,-9.697456657886505127e-02,-2.878037691116333008e+00,1.207349896430969238e+01
-1.807928644120693207e-02,-9.726228564977645874e-02,-2.880217313766479492e+00,1.207854199409484863e+01
-1.741016842424869537e-02,-9.706278145313262939e-02,-2.881411790847778320e+00,1.208350515365600586e+01
-1.713021472096443176e-02,-9.693252295255661011e-02,-2.882793903350830078e+00,1.208851695060729980e+01
-1.677687838673591614e-02,-9.679503738880157471e-02,-2.884133338928222656e+00,1.209363698959350586e+01
-1.651360280811786652e-02,-9.689394384622573853e-02,-2.885557413101196289e+00,1.209854412078857422e+01
-1.616775244474411011e-02,-9.690914303064346313e-02,-2.886930465698242188e+00,1.210351204872131348e+01
-1.578514650464057922e-02,-9.695279598236083984e-02,-2.888294458389282227e+00,1.210851693153381348e+01
-1.656019687652587891e-02,-9.860927611589431763e-02,-2.890420436859130859e+00,1.211350107192993164e+01
-1.645250990986824036e-02,-9.872594475746154785e-02,-2.891930103302001953e+00,1.211861205101013184e+01
-1.639562472701072693e-02,-9.886813163757324219e-02,-2.893463611602783203e+00,1.212359905242919922e+01
-1.646122895181179047e-02,-9.902963042259216309e-02,-2.895016431808471680e+00,1.212873911857604980e+01
-1.657203584909439087e-02,-9.919004887342453003e-02,-2.896595478057861328e+00,1.213362002372741699e+01
-1.675469800829887390e-02,-9.936007112264633179e-02,-2.898183584213256836e+00,1.213865709304809570e+01
-1.651340723037719727e-02,-9.865149110555648804e-02,-2.898493528366088867e+00,1.214365005493164062e+01
-1.666957698762416840e-02,-9.871843457221984863e-02,-2.899965047836303711e+00,1.214868807792663574e+01
-1.686405390501022339e-02,-9.875293076038360596e-02,-2.901448011398315430e+00,1.215359807014465332e+01
-1.709180511534214020e-02,-9.874711185693740845e-02,-2.902942895889282227e+00,1.215865206718444824e+01
-1.676138117909431458e-02,-9.884871542453765869e-02,-2.904335260391235352e+00,1.216375899314880371e+01
-1.664024405181407928e-02,-9.895186871290206909e-02,-2.905735492706298828e+00,1.216867804527282715e+01
-1.644193008542060852e-02,-9.902435541152954102e-02,-2.907136917114257812e+00,1.217359995841979980e+01
-1.861243508756160736e-02,-9.941621869802474976e-02,-2.910345315933227539e+00,1.217866396903991699e+01
-1.891991123557090759e-02,-9.946326166391372681e-02,-2.912071466445922852e+00,1.218360805511474609e+01
-1.924644783139228821e-02,-9.950411319732666016e-02,-2.913786172866821289e+00,1.218862509727478027e+01
-1.887693256139755249e-02,-9.934735298156738281e-02,-2.915185689926147461e+00,1.219369697570800781e+01
-1.905660331249237061e-02,-9.930028766393661499e-02,-2.916849136352539062e+00,1.219878792762756348e+01
-1.919030025601387024e-02,-9.929793328046798706e-02,-2.918478250503540039e+00,1.220746111869812012e+01
-1.923357509076595306e-02,-9.941077232360839844e-02,-2.920068740844726562e+00,1.220878911018371582e+01
-1.634534075856208801e-02,-1.001030355691909790e-01,-2.919799327850341797e+00,1.221376895904541016e+01
-1.609881781041622162e-02,-1.002195253968238831e-01,-2.921291589736938477e+00,1.221879315376281738e+01
-1.567282900214195251e-02,-1.001567766070365906e-01,-2.922689914703369141e+00,1.222389912605285645e+01
-1.525013893842697144e-02,-1.001955792307853699e-01,-2.924103498458862305e+00,1.222903108596801758e+01
-1.476982235908508301e-02,-1.001885011792182922e-01,-2.925512313842773438e+00,1.223368597030639648e+01
-1.467977557331323624e-02,-1.002095192670822144e-01,-2.927150487899780273e+00,1.223923206329345703e+01
-1.570099592208862305e-02,-1.006474345922470093e-01,-2.929346323013305664e+00,1.224400115013122559e+01
-1.569324918091297150e-02,-1.006619781255722046e-01,-2.931061983108520508e+00,1.224882507324218750e+01
-1.575296372175216675e-02,-1.006830707192420959e-01,-2.932840108871459961e+00,1.225374412536621094e+01
-1.566294208168983459e-02,-1.006979495286941528e-01,-2.934524297714233398e+00,1.225894904136657715e+01
-1.572779379785060883e-02,-1.007083356380462646e-01,-2.936320543289184570e+00,1.226386213302612305e+01
-1.582292281091213226e-02,-1.007281765341758728e-01,-2.938127279281616211e+00,1.226895403861999512e+01
-1.606859266757965088e-02,-1.007216721773147583e-01,-2.939584493637084961e+00,1.227385711669921875e+01
-1.581188477575778961e-02,-1.007938310503959656e-01,-2.938693284988403320e+00,1.227899599075317383e+01
-1.612626761198043823e-02,-1.007410734891891479e-01,-2.939958572387695312e+00,1.228379392623901367e+01
-1.612349040806293488e-02,-1.009841561317443848e-01,-2.941054582595825195e+00,1.228887701034545898e+01
-1.631823740899562836e-02,-1.010836064815521240e-01,-2.942115783691406250e+00,1.229402995109558105e+01
-1.651315204799175262e-02,-1.012448742985725403e-01,-2.943089723587036133e+00,1.229906892776489258e+01
-1.646852493286132812e-02,-1.013878956437110901e-01,-2.944241046905517578e+00,1.230387210845947266e+01
-1.646111905574798584e-02,-1.015489101409912109e-01,-2.945280790328979492e+00,1.230890202522277832e+01
-1.597579009830951691e-02,-1.018402650952339172e-01,-2.950853586196899414e+00,1.231375813484191895e+01
-1.571946777403354645e-02,-1.017853841185569763e-01,-2.952462911605834961e+00,1.231898403167724609e+01
-1.539236679673194885e-02,-1.016253009438514709e-01,-2.954079866409301758e+00,1.232386898994445801e+01
-1.494481693953275681e-02,-1.013654172420501709e-01,-2.955694913864135742e+00,1.232919812202453613e+01
-1.442464534193277359e-02,-1.010657474398612976e-01,-2.957316160202026367e+00,1.233394193649291992e+01
-1.461834460496902466e-02,-1.011595427989959717e-01,-2.959238529205322266e+00,1.233905696868896484e+01
-1.649657450616359711e-02,-1.030102148652076721e-01,-2.957280635833740234e+00,1.234407711029052734e+01
-1.682771556079387665e-02,-1.031702384352684021e-01,-2.958927154541015625e+00,1.234909701347351074e+01
-1.670618355274200439e-02,-1.028930395841598511e-01,-2.960166692733764648e+00,1.235399603843688965e+01
-1.688013784587383270e-02,-1.028340086340904236e-01,-2.961673974990844727e+00,1.235907006263732910e+01
-1.704165339469909668e-02,-1.027245298027992249e-01,-2.963162660598754883e+00,1.236412596702575684e+01
-1.719802245497703552e-02,-1.028545647859573364e-01,-2.964694023132324219e+00,1.236893510818481445e+01
-1.734961755573749542e-02,-1.028546541929244995e-01,-2.966223001480102539e+00,1.237399697303771973e+01
-1.470784563571214676e-02,-1.033109650015830994e-01,-2.968811035156250000e+00,1.237904095649719238e+01
-1.499031204730272293e-02,-1.035147905349731445e-01,-2.970344066619873047e+00,1.238396501541137695e+01
-1.513239555060863495e-02,-1.036712899804115295e-01,-2.971944570541381836e+00,1.238893795013427734e+01
-1.533416006714105606e-02,-1.038630157709121704e-01,-2.973534822463989258e+00,1.239424204826354980e+01
-1.523496955633163452e-02,-1.036757752299308777e-01,-2.974580287933349609e+00,1.239911007881164551e+01
-1.525286398828029633e-02,-1.036573871970176697e-01,-2.975700139999389648e+00,1.240411710739135742e+01
-1.522980630397796631e-02,-1.035781726241111755e-01,-2.976667165756225586e+00,1.240906596183776855e+01
-1.558011118322610855e-02,-1.051963940262794495e-01,-2.977931737899780273e+00,1.241424298286437988e+01
-1.583727635443210602e-02,-1.053929403424263000e-01,-2.979111671447753906e+00,1.241915607452392578e+01
-1.614507660269737244e-02,-1.057078316807746887e-01,-2.980277061462402344e+00,1.242411899566650391e+01
-1.653041690587997437e-02,-1.061123907566070557e-01,-2.981463193893432617e+00,1.242935800552368164e+01
-1.633741147816181183e-02,-1.060670241713523865e-01,-2.982899904251098633e+00,1.243411111831665039e+01
-1.644048094749450684e-02,-1.060327962040901184e-01,-2.984315633773803711e+00,1.243913912773132324e+01
-1.465334370732307434e-02,-1.044482365250587463e-01,-2.985029697418212891e+00,1.244412302970886230e+01
-1.454572286456823349e-02,-1.044626906514167786e-01,-2.986457586288452148e+00,1.244911193847656250e+01
-1.431867014616727829e-02,-1.044191792607307434e-01,-2.987967014312744141e+00,1.245408415794372559e+01
-1.406268589198589325e-02,-1.043921709060668945e-01,-2.989528179168701172e+00,1.245916795730590820e+01
-1.385036576539278030e-02,-1.043834611773490906e-01,-2.991047143936157227e+00,1.246422410011291504e+01
-1.359710749238729477e-02,-1.043644323945045471e-01,-2.992629289627075195e+00,1.246911597251892090e+01
-1.333850063383579254e-02,-1.043528988957405090e-01,-2.994237422943115234e+00,1.247412109375000000e+01
-1.483555510640144348e-02,-1.042930707335472107e-01,-2.995352029800415039e+00,1.247928214073181152e+01
-1.468242146074771881e-02,-1.042359322309494019e-01,-2.996919870376586914e+00,1.248418402671813965e+01
-1.451689098030328751e-02,-1.041527464985847473e-01,-2.998505353927612305e+00,1.248923206329345703e+01
-1.446609664708375931e-02,-1.041026636958122253e-01,-2.999975681304931641e+00,1.249433207511901855e+01
-1.437475532293319702e-02,-1.040683314204216003e-01,-3.001471042633056641e+00,1.249928307533264160e+01
-1.431784778833389282e-02,-1.040227189660072327e-01,-3.002959728240966797e+00,1.250410699844360352e+01
-1.428533531725406647e-02,-1.039896160364151001e-01,-3.004420757293701172e+00,1.250924611091613770e+01
-1.577275432646274567e-02,-1.069920063018798828e-01,-3.006345272064208984e+00,1.251420211791992188e+01
-1.589908078312873840e-02,-1.072908416390419006e-01,-3.007739305496215820e+00,1.251931905746459961e+01
-1.603219471871852875e-02,-1.075809821486473083e-01,-3.009109735488891602e+00,1.252420401573181152e+01
-1.607195660471916199e-02,-1.079246476292610168e-01,-3.010826349258422852e+00,1.252955603599548340e+01
-1.624652370810508728e-02,-1.084353551268577576e-01,-3.012284755706787109e+00,1.253437209129333496e+01
-1.644303835928440094e-02,-1.090485677123069763e-01,-3.013717174530029297e+00,1.253943204879760742e+01
-1.524687651544809341e-02,-1.061724647879600525e-01,-3.014922857284545898e+00,1.254435706138610840e+01
-1.529709435999393463e-02,-1.061316728591918945e-01,-3.016413211822509766e+00,1.254939413070678711e+01
-1.536477077752351761e-02,-1.060813441872596741e-01,-3.017915248870849609e+00,1.255433607101440430e+01
-1.540868822485208511e-02,-1.058891937136650085e-01,-3.019177436828613281e+00,1.255942606925964355e+01
-1.549422182142734528e-02,-1.058055609464645386e-01,-3.020614862442016602e+00,1.256450605392456055e+01
-1.559453364461660385e-02,-1.057299599051475525e-01,-3.022025585174560547e+00,1.256938314437866211e+01
-1.569097116589546204e-02,-1.057155057787895203e-01,-3.023481130599975586e+00,1.257436609268188477e+01
-1.583792082965373993e-02,-1.066704094409942627e-01,-3.024661302566528320e+00,1.257943892478942871e+01
-1.592476852238178253e-02,-1.066650226712226868e-01,-3.026195287704467773e+00,1.258437395095825195e+01
-1.586423441767692566e-02,-1.068393662571907043e-01,-3.027685403823852539e+00,1.258983206748962402e+01
-1.585308089852333069e-02,-1.070087924599647522e-01,-3.029185056686401367e+00,1.259465813636779785e+01
-1.582990214228630066e-02,-1.071702763438224792e-01,-3.030710220336914062e+00,1.259961199760437012e+01
-1.579489000141620636e-02,-1.072845607995986938e-01,-3.032289743423461914e+00,1.260773301124572754e+01
-1.583681255578994751e-02,-1.071684136986732483e-01,-3.033604383468627930e+00,1.260948896408081055e+01
-1.711401343345642090e-02,-1.063464954495429993e-01,-3.036136627197265625e+00,1.261450314521789551e+01
-1.727999374270439148e-02,-1.059753149747848511e-01,-3.037714004516601562e+00,1.261948895454406738e+01
-1.741132512688636780e-02,-1.062729805707931519e-01,-3.039397954940795898e+00,1.262462711334228516e+01
-1.756132580339908600e-02,-1.061802878975868225e-01,-3.041005134582519531e+00,1.262960410118103027e+01
-1.771777309477329254e-02,-1.061184108257293701e-01,-3.042623043060302734e+00,1.263449096679687500e+01
-1.752520911395549774e-02,-1.058986634016036987e-01,-3.044097423553466797e+00,1.263949704170227051e+01
-1.506956852972507477e-02,-1.084074378013610840e-01,-3.042773723602294922e+00,1.264448595046997070e+01
-1.453966088593006134e-02,-1.086433604359626770e-01,-3.043929100036621094e+00,1.264950013160705566e+01
-1.473028026521205902e-02,-1.087630987167358398e-01,-3.045262098312377930e+00,1.265463995933532715e+01
-1.453999709337949753e-02,-1.089242398738861084e-01,-3.046483993530273438e+00,1.265960597991943359e+01
-1.440206542611122131e-02,-1.090903282165527344e-01,-3.047689676284790039e+00,1.266464209556579590e+01
-1.429440081119537354e-02,-1.092609092593193054e-01,-3.049039125442504883e+00,1.266949701309204102e+01
-1.423882599920034409e-02,-1.094330251216888428e-01,-3.050376415252685547e+00,1.267463707923889160e+01
-1.537753548473119736e-02,-1.085792258381843567e-01,-3.053138971328735352e+00,1.267962098121643066e+01
-1.552539598196744919e-02,-1.086819097399711609e-01,-3.054715394973754883e+00,1.268463492393493652e+01
-1.540963351726531982e-02,-1.087608784437179565e-01,-3.056388854980468750e+00,1.268961215019226074e+01
-1.546199154108762741e-02,-1.088439822196960449e-01,-3.058086633682250977e+00,1.269469404220581055e+01
-1.552127301692962646e-02,-1.089437678456306458e-01,-3.059836387634277344e+00,1.269960212707519531e+01
-1.574500836431980133e-02,-1.090999320149421692e-01,-3.061579942703247070e+00,1.270462799072265625e+01
-1.639206893742084503e-02,-1.091337576508522034e-01,-3.063597917556762695e+00,1.270966196060180664e+01
-1.672744750976562500e-02,-1.092956811189651489e-01,-3.065440654754638672e+00,1.271464395523071289e+01
-1.674609445035457611e-02,-1.091989800333976746e-01,-3.066691637039184570e+00,1.271958708763122559e+01
-1.693937927484512329e-02,-1.092352345585823059e-01,-3.068204402923583984e+00,1.272462892532348633e+01
-1.712149009108543396e-02,-1.092450097203254700e-01,-3.069636344909667969e+00,1.272989010810852051e+01
-1.713573373854160309e-02,-1.094000115990638733e-01,-3.071027755737304688e+00,1.273462605476379395e+01
-1.715809479355812073e-02,-1.094902157783508301e-01,-3.072342395782470703e+00,1.273971915245056152e+01
-1.587128452956676483e-02,-1.107344925403594971e-01,-3.074200630187988281e+00,1.274469614028930664e+01
-1.616225391626358032e-02,-1.108906343579292297e-01,-3.076017141342163086e+00,1.274970698356628418e+01
-1.621682383120059967e-02,-1.111448630690574646e-01,-3.077587366104125977e+00,1.275480508804321289e+01
-1.631950587034225464e-02,-1.114230379462242126e-01,-3.079172611236572266e+00,1.275980806350708008e+01
-1.626233011484146118e-02,-1.117427274584770203e-01,-3.080703973770141602e+00,1.276512098312377930e+01
-1.626830361783504486e-02,-1.120178773999214172e-01,-3.082286357879638672e+00,1.276970314979553223e+01
-1.625646650791168213e-02,-1.123012974858283997e-01,-3.083867788314819336e+00,1.277474093437194824e+01
-1.431340817362070084e-02,-1.094791442155838013e-01,-3.081894159317016602e+00,1.277969598770141602e+01
-1.397010590881109238e-02,-1.094942092895507812e-01,-3.083315372467041016e+00,1.278474092483520508e+01
-1.363218948245048523e-02,-1.095022633671760559e-01,-3.084712028503417969e+00,1.278970408439636230e+01
-1.327334344387054443e-02,-1.095216125249862671e-01,-3.086141109466552734e+00,1.279502892494201660e+01
-1.289621088653802872e-02,-1.095686256885528564e-01,-3.087762594223022461e+00,1.279988908767700195e+01
-1.249158382415771484e-02,-1.096083223819732666e-01,-3.089385747909545898e+00,1.280473113059997559e+01
-1.604052819311618805e-02,-1.100090071558952332e-01,-3.093943357467651367e+00,1.280988311767578125e+01
-1.657749898731708527e-02,-1.101322323083877563e-01,-3.095734596252441406e+00,1.281487107276916504e+01
-1.685042306780815125e-02,-1.102057620882987976e-01,-3.097721099853515625e+00,1.281987905502319336e+01
-1.723047159612178802e-02,-1.102820858359336853e-01,-3.099771738052368164e+00,1.282486701011657715e+01
-1.740635558962821960e-02,-1.101475283503532410e-01,-3.101494073867797852e+00,1.283001995086669922e+01
-1.772537454962730408e-02,-1.101077273488044739e-01,-3.103287220001220703e+00,1.283488702774047852e+01
-1.805812120437622070e-02,-1.100141778588294983e-01,-3.105012893676757812e+00,1.283989596366882324e+01
-1.703006774187088013e-02,-1.108005717396736145e-01,-3.104180335998535156e+00,1.284486603736877441e+01
-1.692393235862255096e-02,-1.108431667089462280e-01,-3.105072259902954102e+00,1.284988498687744141e+01
-1.673754118382930756e-02,-1.108772754669189453e-01,-3.105816602706909180e+00,1.285487198829650879e+01
-1.646840199828147888e-02,-1.108891144394874573e-01,-3.106392383575439453e+00,1.286016297340393066e+01
-1.661050133407115936e-02,-1.111060380935668945e-01,-3.107626199722290039e+00,1.286495614051818848e+01
-1.650329492986202240e-02,-1.112547740340232849e-01,-3.108349084854125977e+00,1.286986494064331055e+01
-1.640182919800281525e-02,-1.114786341786384583e-01,-3.108989953994750977e+00,1.287484192848205566e+01
-1.869943924248218536e-02,-1.143553256988525391e-01,-3.116153955459594727e+00,1.288000392913818359e+01
-1.902883686125278473e-02,-1.147145107388496399e-01,-3.117850780487060547e+00,1.288498401641845703e+01
-1.943314261734485626e-02,-1.150585487484931946e-01,-3.119682073593139648e+00,1.289000415802001953e+01
-1.972631551325321198e-02,-1.151324287056922913e-01,-3.121747016906738281e+00,1.289513206481933594e+01
-2.009617350995540619e-02,-1.152111887931823730e-01,-3.123866796493530273e+00,1.289998698234558105e+01
-2.047375030815601349e-02,-1.152220740914344788e-01,-3.126068830490112305e+00,1.290501093864440918e+01
-1.818164065480232239e-02,-1.107280403375625610e-01,-3.123706340789794922e+00,1.291000509262084961e+01
-1.811873540282249451e-02,-1.108119785785675049e-01,-3.125701189041137695e+00,1.291503715515136719e+01
-1.798051409423351288e-02,-1.109011843800544739e-01,-3.127760171890258789e+00,1.292000603675842285e+01
-1.811685413122177124e-02,-1.103835329413414001e-01,-3.129270553588867188e+00,1.292495894432067871e+01
-1.814980804920196533e-02,-1.101932600140571594e-01,-3.130893230438232422e+00,1.293028593063354492e+01
-1.821441203355789185e-02,-1.099169403314590454e-01,-3.132400512695312500e+00,1.293502902984619141e+01
-1.830912567675113678e-02,-1.095498129725456238e-01,-3.133790969848632812e+00,1.294017505645751953e+01
-1.940420828759670258e-02,-1.131290122866630554e-01,-3.135428667068481445e+00,1.294501614570617676e+01
-1.945472881197929382e-02,-1.134151890873908997e-01,-3.136699199676513672e+00,1.295015096664428711e+01
-1.948516443371772766e-02,-1.137759685516357422e-01,-3.137915372848510742e+00,1.295511913299560547e+01
-1.990411989390850067e-02,-1.137551739811897278e-01,-3.139655828475952148e+00,1.296029305458068848e+01
-2.012740634381771088e-02,-1.138919666409492493e-01,-3.141087770462036133e+00,1.296512508392333984e+01
-2.039598301053047180e-02,-1.139795407652854919e-01,-3.142539262771606445e+00,1.297014999389648438e+01
-2.048609592020511627e-02,-1.140852347016334534e-01,-3.144148111343383789e+00,1.297516512870788574e+01
-2.070090919733047485e-02,-1.156047657132148743e-01,-3.147895574569702148e+00,1.298013710975646973e+01
-2.081127464771270752e-02,-1.159579232335090637e-01,-3.149800300598144531e+00,1.298511910438537598e+01
-2.118977904319763184e-02,-1.160311326384544373e-01,-3.151321649551391602e+00,1.299015402793884277e+01
-2.144872955977916718e-02,-1.162488833069801331e-01,-3.153084516525268555e+00,1.299538707733154297e+01
-2.173652499914169312e-02,-1.164448782801628113e-01,-3.154821872711181641e+00,1.300018501281738281e+01
-2.182845585048198700e-02,-1.165872290730476379e-01,-3.156276464462280273e+00,1.300724101066589355e+01
-1.962984725832939148e-02,-1.137049272656440735e-01,-3.155360698699951172e+00,1.301027107238769531e+01
-1.954228803515434265e-02,-1.136446297168731689e-01,-3.156718730926513672e+00,1.301515197753906250e+01
-1.974401623010635376e-02,-1.139017045497894287e-01,-3.158823728561401367e+00,1.302027297019958496e+01
-1.979255303740501404e-02,-1.139875426888465881e-01,-3.160588741302490234e+00,1.302549195289611816e+01
-1.987812481820583344e-02,-1.141270026564598083e-01,-3.162421941757202148e+00,1.303047704696655273e+01
-2.000799402594566345e-02,-1.143458187580108643e-01,-3.164325714111328125e+00,1.303533506393432617e+01
-1.990392990410327911e-02,-1.142466068267822266e-01,-3.166273593902587891e+00,1.304032206535339355e+01
-2.023634314537048340e-02,-1.135708540678024292e-01,-3.164630651473999023e+00,1.304527497291564941e+01
-2.011955156922340393e-02,-1.134185194969177246e-01,-3.166257858276367188e+00,1.305019402503967285e+01
-2.015605010092258453e-02,-1.134648397564888000e-01,-3.167749643325805664e+00,1.305531501770019531e+01
-2.011648006737232208e-02,-1.134405136108398438e-01,-3.169389486312866211e+00,1.306055998802185059e+01
-2.008116804063320160e-02,-1.134073585271835327e-01,-3.171049356460571289e+00,1.306527805328369141e+01
-1.985324919223785400e-02,-1.131407171487808228e-01,-3.172217130661010742e+00,1.307029104232788086e+01
-1.966079883277416229e-02,-1.129754632711410522e-01,-3.173494815826416016e+00,1.307521009445190430e+01
-2.129700593650341034e-02,-1.158202141523361206e-01,-3.177301168441772461e+00,1.308026695251464844e+01
-2.187279053032398224e-02,-1.160680800676345825e-01,-3.178898572921752930e+00,1.308524894714355469e+01
-2.214420214295387268e-02,-1.161654815077781677e-01,-3.180255651473999023e+00,1.309038209915161133e+01
-2.249101921916007996e-02,-1.162538081407546997e-01,-3.181570053100585938e+00,1.309550809860229492e+01
-2.272259071469306946e-02,-1.162263453006744385e-01,-3.182884693145751953e+00,1.310037112236022949e+01
-2.306219376623630524e-02,-1.162291541695594788e-01,-3.184162378311157227e+00,1.310537505149841309e+01
-2.270141057670116425e-02,-1.167120188474655151e-01,-3.186890363693237305e+00,1.311040711402893066e+01
-2.305765822529792786e-02,-1.166937574744224548e-01,-3.188288688659667969e+00,1.311541295051574707e+01
-2.314840443432331085e-02,-1.167088747024536133e-01,-3.190021514892578125e+00,1.312036204338073730e+01
-2.339099347591400146e-02,-1.166952028870582581e-01,-3.191580533981323242e+00,1.312540793418884277e+01
-2.361574023962020874e-02,-1.166631579399108887e-01,-3.193156957626342773e+00,1.313063693046569824e+01
-2.366450242698192596e-02,-1.167141422629356384e-01,-3.194839239120483398e+00,1.313554310798645020e+01
-2.372698113322257996e-02,-1.167692989110946655e-01,-3.196549415588378906e+00,1.314036107063293457e+01
-2.234939299523830414e-02,-1.172391027212142944e-01,-3.198157548904418945e+00,1.314530110359191895e+01
-2.206845395267009735e-02,-1.171185597777366638e-01,-3.199548244476318359e+00,1.315036797523498535e+01
-2.175588719546794891e-02,-1.171991154551506042e-01,-3.201208829879760742e+00,1.315536999702453613e+01
-2.136874757707118988e-02,-1.172186434268951416e-01,-3.202861547470092773e+00,1.316053915023803711e+01
-2.179250493645668030e-02,-1.173963770270347595e-01,-3.204613685607910156e+00,1.316550397872924805e+01
-2.201006747782230377e-02,-1.175188794732093811e-01,-3.206300973892211914e+00,1.317055702209472656e+01
-2.240446209907531738e-02,-1.176781579852104187e-01,-3.207977771759033203e+00,1.317553901672363281e+01
-2.437096461653709412e-02,-1.187860667705535889e-01,-3.208282470703125000e+00,1.318056392669677734e+01
-2.461890131235122681e-02,-1.189531236886978149e-01,-3.209588289260864258e+00,1.318554592132568359e+01
-2.479051426053047180e-02,-1.190592497587203979e-01,-3.210851192474365234e+00,1.319053196907043457e+01
-2.462868206202983856e-02,-1.190919727087020874e-01,-3.212317943572998047e+00,1.319591212272644043e+01
-2.444216422736644745e-02,-1.191948875784873962e-01,-3.213678598403930664e+00,1.320068907737731934e+01
-2.413333393633365631e-02,-1.193625405430793762e-01,-3.215042829513549805e+00,1.320550799369812012e+01
-2.136144414544105530e-02,-1.173517778515815735e-01,-3.217552185058593750e+00,1.321049904823303223e+01
-2.130588516592979431e-02,-1.169994100928306580e-01,-3.218456029891967773e+00,1.321547698974609375e+01
-2.077621221542358398e-02,-1.167482137680053711e-01,-3.219706535339355469e+00,1.322053313255310059e+01
-2.024321444332599640e-02,-1.164877265691757202e-01,-3.220911979675292969e+00,1.322563409805297852e+01
-1.996236480772495270e-02,-1.164814010262489319e-01,-3.222222328186035156e+00,1.323076605796813965e+01
-1.962515525519847870e-02,-1.163418591022491455e-01,-3.223451852798461914e+00,1.323565101623535156e+01
-1.935015618801116943e-02,-1.162285879254341125e-01,-3.224688529968261719e+00,1.324070000648498535e+01
-2.307182922959327698e-02,-1.199333742260932922e-01,-3.227217435836791992e+00,1.324561715126037598e+01
-2.334455214440822601e-02,-1.201299875974655151e-01,-3.228893518447875977e+00,1.325068902969360352e+01
-2.369550801813602448e-02,-1.203242167830467224e-01,-3.230703592300415039e+00,1.325553894042968750e+01
-2.385944128036499023e-02,-1.205575689673423767e-01,-3.232542514801025391e+00,1.326081609725952148e+01
-2.412828616797924042e-02,-1.207886710762977600e-01,-3.234467029571533203e+00,1.326578211784362793e+01
-2.440189383924007416e-02,-1.210043504834175110e-01,-3.236458301544189453e+00,1.327066397666931152e+01
-2.460596710443496704e-02,-1.211128309369087219e-01,-3.238214254379272461e+00,1.327558207511901855e+01
-2.260734699666500092e-02,-1.196769699454307556e-01,-3.237309455871582031e+00,1.328081011772155762e+01
-2.258042991161346436e-02,-1.198573261499404907e-01,-3.238925695419311523e+00,1.328635215759277344e+01
-2.255303412675857544e-02,-1.200704574584960938e-01,-3.240560770034790039e+00,1.329073596000671387e+01
-2.255785092711448669e-02,-1.204281747341156006e-01,-3.241728544235229492e+00,1.329656505584716797e+01
-2.251287549734115601e-02,-1.207044050097465515e-01,-3.243092536926269531e+00,1.330071711540222168e+01
-2.245378121733665466e-02,-1.209953352808952332e-01,-3.244395256042480469e+00,1.330640506744384766e+01
-2.393859624862670898e-02,-1.207844242453575134e-01,-3.247851610183715820e+00,1.331079411506652832e+01
-2.415059879422187805e-02,-1.209361627697944641e-01,-3.249413967132568359e+00,1.331642293930053711e+01
-2.438049390912055969e-02,-1.211058273911476135e-01,-3.250927448272705078e+00,1.332080006599426270e+01
-2.456062100827693939e-02,-1.213080212473869324e-01,-3.252684116363525391e+00,1.332565593719482422e+01
-2.478768303990364075e-02,-1.215156838297843933e-01,-3.254322528839111328e+00,1.333076500892639160e+01
-2.502054162323474884e-02,-1.217323541641235352e-01,-3.255981683731079102e+00,1.333651208877563477e+01
-2.501915022730827332e-02,-1.218283027410507202e-01,-3.257614850997924805e+00,1.334080815315246582e+01
-2.218451350927352905e-02,-1.206793934106826782e-01,-3.256447553634643555e+00,1.334642004966735840e+01
-2.186111919581890106e-02,-1.206944361329078674e-01,-3.257873773574829102e+00,1.335064411163330078e+01
-2.195242792367935181e-02,-1.208899393677711487e-01,-3.259421825408935547e+00,1.335593295097351074e+01
-2.182450518012046814e-02,-1.209812909364700317e-01,-3.260929346084594727e+00,1.336108398437500000e+01
-2.172330021858215332e-02,-1.210894659161567688e-01,-3.262481689453125000e+00,1.336642003059387207e+01
-2.136823721230030060e-02,-1.211355775594711304e-01,-3.264053821563720703e+00,1.337112212181091309e+01
-2.199183404445648193e-02,-1.211045458912849426e-01,-3.265202760696411133e+00,1.337601113319396973e+01
-2.167444676160812378e-02,-1.211769059300422668e-01,-3.266734600067138672e+00,1.338092207908630371e+01
-2.131790108978748322e-02,-1.212257891893386841e-01,-3.268294572830200195e+00,1.338588595390319824e+01
-2.211897447705268860e-02,-1.212362945079803467e-01,-3.270382881164550781e+00,1.339099001884460449e+01
-2.234469912946224213e-02,-1.212748810648918152e-01,-3.272287607192993164e+00,1.339645695686340332e+01
-2.270596660673618317e-02,-1.213496252894401550e-01,-3.274296522140502930e+00,1.340092897415161133e+01
-2.262282185256481171e-02,-1.214102879166603088e-01,-3.276092290878295898e+00,1.340730214118957520e+01
-2.224381454288959503e-02,-1.212112084031105042e-01,-3.277009487152099609e+00,1.341111898422241211e+01
-2.215356938540935516e-02,-1.210446208715438843e-01,-3.278694391250610352e+00,1.341600799560546875e+01
-2.248895913362503052e-02,-1.212601214647293091e-01,-3.279792308807373047e+00,1.342108011245727539e+01
-2.261095307767391205e-02,-1.212006956338882446e-01,-3.281108140945434570e+00,1.342681002616882324e+01
-2.277357131242752075e-02,-1.211220473051071167e-01,-3.282311439514160156e+00,1.343101215362548828e+01
-2.265590429306030273e-02,-1.209644302725791931e-01,-3.283290624618530273e+00,1.343640613555908203e+01
-2.263193018734455109e-02,-1.208823025226593018e-01,-3.284183502197265625e+00,1.344099497795104980e+01
-2.161114849150180817e-02,-1.230388656258583069e-01,-3.286398410797119141e+00,1.344617414474487305e+01
-2.130680717527866364e-02,-1.232003644108772278e-01,-3.287803411483764648e+00,1.345100212097167969e+01
-2.093398012220859528e-02,-1.233886107802391052e-01,-3.288844823837280273e+00,1.345645403861999512e+01
-2.054086700081825256e-02,-1.236104592680931091e-01,-3.289895296096801758e+00,1.346128106117248535e+01
-2.011894062161445618e-02,-1.238396763801574707e-01,-3.290965795516967773e+00,1.346627902984619141e+01
-1.979251578450202942e-02,-1.241352185606956482e-01,-3.292469263076782227e+00,1.347088813781738281e+01
-2.359119057655334473e-02,-1.227354928851127625e-01,-3.294788837432861328e+00,1.347644615173339844e+01
-2.356580644845962524e-02,-1.228426545858383179e-01,-3.296448469161987305e+00,1.348104095458984375e+01
-2.346054837107658386e-02,-1.227983906865119934e-01,-3.298063516616821289e+00,1.348657894134521484e+01
-2.339511550962924957e-02,-1.228020042181015015e-01,-3.299814462661743164e+00,1.349120092391967773e+01
-2.330801822245121002e-02,-1.227717772126197815e-01,-3.301624774932861328e+00,1.349697303771972656e+01
-2.309204079210758209e-02,-1.228310242295265198e-01,-3.303225755691528320e+00,1.350096011161804199e+01
-2.287940308451652527e-02,-1.228229478001594543e-01,-3.304947137832641602e+00,1.350657200813293457e+01
-2.206161431968212128e-02,-1.232121661305427551e-01,-3.303595542907714844e+00,1.351105904579162598e+01
-2.177680656313896179e-02,-1.231783330440521240e-01,-3.304915666580200195e+00,1.351601910591125488e+01
-2.141193114221096039e-02,-1.232304871082305908e-01,-3.306250095367431641e+00,1.352113509178161621e+01
-2.101881429553031921e-02,-1.232867836952209473e-01,-3.307570457458496094e+00,1.352653598785400391e+01
-2.088058739900588989e-02,-1.235095411539077759e-01,-3.308933258056640625e+00,1.353117799758911133e+01
-2.066810056567192078e-02,-1.236923709511756897e-01,-3.310266733169555664e+00,1.353653192520141602e+01
-2.050295099616050720e-02,-1.239167302846908569e-01,-3.311591148376464844e+00,1.354113411903381348e+01
-2.188376151025295258e-02,-1.243686974048614502e-01,-3.313978672027587891e+00,1.354667115211486816e+01
-2.201388962566852570e-02,-1.243833601474761963e-01,-3.315306663513183594e+00,1.355124497413635254e+01
-2.218332514166831970e-02,-1.244027689099311829e-01,-3.316567659378051758e+00,1.355652308464050293e+01
-2.240847237408161163e-02,-1.243882551789283752e-01,-3.317811250686645508e+00,1.356124615669250488e+01
-2.262355387210845947e-02,-1.244638636708259583e-01,-3.319265604019165039e+00,1.356696701049804688e+01
-2.291577309370040894e-02,-1.244081184267997742e-01,-3.320613622665405273e+00,1.357137703895568848e+01
-2.168919332325458527e-02,-1.249264627695083618e-01,-3.322500944137573242e+00,1.357688307762145996e+01
-2.133116684854030609e-02,-1.247897595167160034e-01,-3.324078798294067383e+00,1.358119392395019531e+01
-2.124464511871337891e-02,-1.247404664754867554e-01,-3.325643539428710938e+00,1.358689093589782715e+01
-2.109594270586967468e-02,-1.246635690331459045e-01,-3.327242136001586914e+00,1.359138202667236328e+01
-2.115789428353309631e-02,-1.247264295816421509e-01,-3.328970432281494141e+00,1.359663009643554688e+01
-2.112697623670101166e-02,-1.247471347451210022e-01,-3.330717563629150391e+00,1.360125899314880371e+01
-2.111570350825786591e-02,-1.247957870364189148e-01,-3.332526922225952148e+00,1.360644412040710449e+01
-2.150811254978179932e-02,-1.250799298286437988e-01,-3.332981824874877930e+00,1.361113595962524414e+01
-2.136487141251564026e-02,-1.252069175243377686e-01,-3.334468603134155273e+00,1.361674308776855469e+01
-2.117300219833850861e-02,-1.253357827663421631e-01,-3.335903644561767578e+00,1.362137794494628906e+01
-2.098380401730537415e-02,-1.253460645675659180e-01,-3.337183713912963867e+00,1.362665414810180664e+01
-2.073525823652744293e-02,-1.254079937934875488e-01,-3.338419914245605469e+00,1.363145613670349121e+01
-2.047016657888889313e-02,-1.254844963550567627e-01,-3.339603424072265625e+00,1.363652801513671875e+01
-2.017811313271522522e-02,-1.255495846271514893e-01,-3.340738296508789062e+00,1.364141798019409180e+01
-2.138906717300415039e-02,-1.261627823114395142e-01,-3.343331813812255859e+00,1.364651894569396973e+01
-2.170409634709358215e-02,-1.262623667716979980e-01,-3.344878435134887695e+00,1.365151715278625488e+01
-2.212408743798732758e-02,-1.263628154993057251e-01,-3.346454381942749023e+00,1.365668702125549316e+01
-2.161124907433986664e-02,-1.260789036750793457e-01,-3.347552537918090820e+00,1.366158795356750488e+01
-2.161669358611106873e-02,-1.259726881980895996e-01,-3.348904848098754883e+00,1.366664814949035645e+01
-2.156919054687023163e-02,-1.258376836776733398e-01,-3.350217103958129883e+00,1.367147302627563477e+01
-2.095885947346687317e-02,-1.268400549888610840e-01,-3.351155757904052734e+00,1.367676305770874023e+01
-2.081138268113136292e-02,-1.269408613443374634e-01,-3.352557659149169922e+00,1.368144893646240234e+01
-2.063835784792900085e-02,-1.270585507154464722e-01,-3.353977441787719727e+00,1.368672895431518555e+01
-2.019077725708484650e-02,-1.270774155855178833e-01,-3.355586528778076172e+00,1.369154095649719238e+01
-1.981357485055923462e-02,-1.271755248308181763e-01,-3.357181072235107422e+00,1.369675493240356445e+01
-1.936808228492736816e-02,-1.272923499345779419e-01,-3.358857393264770508e+00,1.370149397850036621e+01
-1.928786560893058777e-02,-1.275124847888946533e-01,-3.360734701156616211e+00,1.370668601989746094e+01
-2.174500748515129089e-02,-1.270889639854431152e-01,-3.362344264984130859e+00,1.371154499053955078e+01
-2.206972986459732056e-02,-1.272447258234024048e-01,-3.364361763000488281e+00,1.371670508384704590e+01
-2.260850928723812103e-02,-1.272462159395217896e-01,-3.365863800048828125e+00,1.372195506095886230e+01
-2.311155200004577637e-02,-1.272275149822235107e-01,-3.367617368698120117e+00,1.372677493095397949e+01
-2.375976927578449249e-02,-1.272708028554916382e-01,-3.369377136230468750e+00,1.373168802261352539e+01
-2.452748082578182220e-02,-1.273538917303085327e-01,-3.371135234832763672e+00,1.373670601844787598e+01
-2.473567426204681396e-02,-1.273082047700881958e-01,-3.371928691864013672e+00,1.374155807495117188e+01
-1.968106627464294434e-02,-1.284586787223815918e-01,-3.371082544326782227e+00,1.374678397178649902e+01
-1.952691376209259033e-02,-1.286790370941162109e-01,-3.371694326400756836e+00,1.375170898437500000e+01
-1.925762742757797241e-02,-1.293552368879318237e-01,-3.373044967651367188e+00,1.375675201416015625e+01
-1.899120025336742401e-02,-1.297349780797958374e-01,-3.373829126358032227e+00,1.376177406311035156e+01
-1.868178509175777435e-02,-1.301599293947219849e-01,-3.374554395675659180e+00,1.376697897911071777e+01
-1.836976408958435059e-02,-1.305442452430725098e-01,-3.375583887100219727e+00,1.377168607711791992e+01
-2.123564481735229492e-02,-1.289347857236862183e-01,-3.380822658538818359e+00,1.377677798271179199e+01
-2.110976539552211761e-02,-1.290436834096908569e-01,-3.382362127304077148e+00,1.378146600723266602e+01
-2.113800123333930969e-02,-1.292665004730224609e-01,-3.383931398391723633e+00,1.378668498992919922e+01
-2.107565477490425110e-02,-1.294413954019546509e-01,-3.385578632354736328e+00,1.379148912429809570e+01
-2.101824246346950531e-02,-1.296517401933670044e-01,-3.387276887893676758e+00,1.379684400558471680e+01
-2.096372470259666443e-02,-1.297497153282165527e-01,-3.388899326324462891e+00,1.380666494369506836e+01
-2.091942541301250458e-02,-1.298933029174804688e-01,-3.390607118606567383e+00,1.380726504325866699e+01
-2.049373649060726166e-02,-1.275428831577301025e-01,-3.388865947723388672e+00,1.381163215637207031e+01
-2.042255364358425140e-02,-1.274752318859100342e-01,-3.390325546264648438e+00,1.381672215461730957e+01
-2.024312689900398254e-02,-1.274207234382629395e-01,-3.391530275344848633e+00,1.382175111770629883e+01
-2.014461904764175415e-02,-1.273500174283981323e-01,-3.392912387847900391e+00,1.382711815834045410e+01
-2.003407478332519531e-02,-1.272831261157989502e-01,-3.394266366958618164e+00,1.383177399635314941e+01
-1.988994330167770386e-02,-1.273452490568161011e-01,-3.395661354064941406e+00,1.383692002296447754e+01
-1.973010040819644928e-02,-1.273742318153381348e-01,-3.397015810012817383e+00,1.384180498123168945e+01
-2.161380089819431305e-02,-1.293575465679168701e-01,-3.401246070861816406e+00,1.384681296348571777e+01
-2.195021882653236389e-02,-1.293509006500244141e-01,-3.403032779693603516e+00,1.385176515579223633e+01
-2.213745564222335815e-02,-1.293818950653076172e-01,-3.404750347137451172e+00,1.385692310333251953e+01
-2.237491123378276825e-02,-1.294211000204086304e-01,-3.406475543975830078e+00,1.386194205284118652e+01
-2.233129367232322693e-02,-1.295275390148162842e-01,-3.408078193664550781e+00,1.386697411537170410e+01
-2.238564193248748779e-02,-1.296265274286270142e-01,-3.409717082977294922e+00,1.387182903289794922e+01
-2.034507691860198975e-02,-1.306131035089492798e-01,-3.409149646759033203e+00,1.387692713737487793e+01
-1.999773830175399780e-02,-1.306769400835037231e-01,-3.410359144210815430e+00,1.388177609443664551e+01
-1.961819082498550415e-02,-1.308681964874267578e-01,-3.411710023880004883e+00,1.388670110702514648e+01
-1.921541243791580200e-02,-1.311233937740325928e-01,-3.413013219833374023e+00,1.389174604415893555e+01
-1.876268163323402405e-02,-1.313512027263641357e-01,-3.414269447326660156e+00,1.389702010154724121e+01
-1.823746785521507263e-02,-1.314171254634857178e-01,-3.415462017059326172e+00,1.390185713768005371e+01
-1.768397539854049683e-02,-1.315349787473678589e-01,-3.416617870330810547e+00,1.390684509277343750e+01
-2.079525776207447052e-02,-1.300645172595977783e-01,-3.419088363647460938e+00,1.391186094284057617e+01
-2.118470892310142517e-02,-1.301294714212417603e-01,-3.420613527297973633e+00,1.391684508323669434e+01
-2.123376354575157166e-02,-1.300687491893768311e-01,-3.422006130218505859e+00,1.392171907424926758e+01
-2.136247977614402771e-02,-1.300266385078430176e-01,-3.423423767089843750e+00,1.392705297470092773e+01
-2.135438285768032074e-02,-1.299507319927215576e-01,-3.424789905548095703e+00,1.393198108673095703e+01
-2.144923619925975800e-02,-1.298842877149581909e-01,-3.426160097122192383e+00,1.393693113327026367e+01
-2.127102203667163849e-02,-1.313725113868713379e-01,-3.426325559616088867e+00,1.394195699691772461e+01
-2.109300158917903900e-02,-1.314177066087722778e-01,-3.427550315856933594e+00,1.394695711135864258e+01
-2.101049199700355530e-02,-1.315036714076995850e-01,-3.428757667541503906e+00,1.395200514793395996e+01
-2.090400271117687225e-02,-1.315954625606536865e-01,-3.429963827133178711e+00,1.395697212219238281e+01
-2.085152640938758850e-02,-1.317033767700195312e-01,-3.431352138519287109e+00,1.396216201782226562e+01
-2.075919508934020996e-02,-1.318156123161315918e-01,-3.432699203491210938e+00,1.396709394454956055e+01
-2.065194956958293915e-02,-1.319427043199539185e-01,-3.434073209762573242e+00,1.397189998626708984e+01
-2.086121588945388794e-02,-1.312607079744338989e-01,-3.436370372772216797e+00,1.397703194618225098e+01
-2.071721479296684265e-02,-1.311763823032379150e-01,-3.437902450561523438e+00,1.398190307617187500e+01
-2.053892798721790314e-02,-1.310729533433914185e-01,-3.439459085464477539e+00,1.398703813552856445e+01
-2.031523361802101135e-02,-1.310185194015502930e-01,-3.441070318222045898e+00,1.399193406105041504e+01
-2.089728042483329773e-02,-1.309336423873901367e-01,-3.442878723144531250e+00,1.399714493751525879e+01
-2.118904143571853638e-02,-1.308092176914215088e-01,-3.444763422012329102e+00,1.400227403640747070e+01
-2.161019295454025269e-02,-1.307007670402526855e-01,-3.446716308593750000e+00,1.400704407691955566e+01
-2.218618243932723999e-02,-1.322165429592132568e-01,-3.447329044342041016e+00,1.401192212104797363e+01
-2.298515103757381439e-02,-1.325355768203735352e-01,-3.449365377426147461e+00,1.401699900627136230e+01
-2.393196523189544678e-02,-1.328789889812469482e-01,-3.451494455337524414e+00,1.402203202247619629e+01
-2.242755331099033356e-02,-1.328554600477218628e-01,-3.450397253036499023e+00,1.402737212181091309e+01
-2.263647504150867462e-02,-1.330043524503707886e-01,-3.451400756835937500e+00,1.403211307525634766e+01
-2.279111370444297791e-02,-1.331119537353515625e-01,-3.452264308929443359e+00,1.403717803955078125e+01
-2.245507016777992249e-02,-1.342842876911163330e-01,-3.454950809478759766e+00,1.404216408729553223e+01
-2.226555533707141876e-02,-1.345308572053909302e-01,-3.456193685531616211e+00,1.404719114303588867e+01
-2.195200696587562561e-02,-1.348066926002502441e-01,-3.457413196563720703e+00,1.405212092399597168e+01
-2.232209965586662292e-02,-1.349410712718963623e-01,-3.459329128265380859e+00,1.405719208717346191e+01
-2.235534787178039551e-02,-1.350940763950347900e-01,-3.461043834686279297e+00,1.406235194206237793e+01
-2.244881726801395416e-02,-1.352268904447555542e-01,-3.462909460067749023e+00,1.406719112396240234e+01
-2.260211855173110962e-02,-1.353322416543960571e-01,-3.464914560317993164e+00,1.407216596603393555e+01
-2.220946364104747772e-02,-1.326333880424499512e-01,-3.462861537933349609e+00,1.407717108726501465e+01
-2.230357564985752106e-02,-1.326539367437362671e-01,-3.464510440826416016e+00,1.408214402198791504e+01
-2.241836301982402802e-02,-1.326445490121841431e-01,-3.466218471527099609e+00,1.408715105056762695e+01
-2.258570306003093719e-02,-1.324838846921920776e-01,-3.467635869979858398e+00,1.409230113029479980e+01
-2.274697460234165192e-02,-1.323499381542205811e-01,-3.469311237335205078e+00,1.409739303588867188e+01
-2.293644100427627563e-02,-1.321858912706375122e-01,-3.471019268035888672e+00,1.410222005844116211e+01
-2.299911528825759888e-02,-1.322281062602996826e-01,-3.472584009170532227e+00,1.410737395286560059e+01
-2.312480099499225616e-02,-1.338853985071182251e-01,-3.474268913269042969e+00,1.411227011680603027e+01
-2.319363690912723541e-02,-1.340908557176589966e-01,-3.475763320922851562e+00,1.411739206314086914e+01
-2.336283586919307709e-02,-1.341563910245895386e-01,-3.476824760437011719e+00,1.412227511405944824e+01
-2.346305362880229950e-02,-1.343267709016799927e-01,-3.477981567382812500e+00,1.412747192382812500e+01
-2.356747537851333618e-02,-1.345087587833404541e-01,-3.479034900665283203e+00,1.413223600387573242e+01
-2.375178225338459015e-02,-1.347753703594207764e-01,-3.480162143707275391e+00,1.413733506202697754e+01
-2.419220842421054840e-02,-1.346926987171173096e-01,-3.484395265579223633e+00,1.414228296279907227e+01
-2.455590106546878815e-02,-1.348535418510437012e-01,-3.485921382904052734e+00,1.414736509323120117e+01
-2.473749779164791107e-02,-1.347882896661758423e-01,-3.487758636474609375e+00,1.415240502357482910e+01
-2.500181458890438080e-02,-1.348259747028350830e-01,-3.489425897598266602e+00,1.415732598304748535e+01
-2.525970898568630219e-02,-1.348507851362228394e-01,-3.491103172302246094e+00,1.416252899169921875e+01
-2.548794075846672058e-02,-1.348184049129486084e-01,-3.492797374725341797e+00,1.416738009452819824e+01
-2.558950521051883698e-02,-1.348463147878646851e-01,-3.494852781295776367e+00,1.417240214347839355e+01
-2.369214035570621490e-02,-1.336347460746765137e-01,-3.492288827896118164e+00,1.417738795280456543e+01
-2.362891286611557007e-02,-1.335973441600799561e-01,-3.494055747985839844e+00,1.418240499496459961e+01
-2.352114021778106689e-02,-1.335463821887969971e-01,-3.495651006698608398e+00,1.418758797645568848e+01
-2.338610030710697174e-02,-1.334993094205856323e-01,-3.497470855712890625e+00,1.419243597984313965e+01
-2.322486229240894318e-02,-1.334470957517623901e-01,-3.499355554580688477e+00,1.419773197174072266e+01
-2.349368669092655182e-02,-1.333594620227813721e-01,-3.501127719879150391e+00,1.420676612854003906e+01
-2.366185933351516724e-02,-1.332768052816390991e-01,-3.502996683120727539e+00,1.420745611190795898e+01
-2.536744810640811920e-02,-1.337393373250961304e-01,-3.503544569015502930e+00,1.421240806579589844e+01
-2.564127743244171143e-02,-1.337502896785736084e-01,-3.505096197128295898e+00,1.421754503250122070e+01
-2.613246999680995941e-02,-1.337916105985641479e-01,-3.506713390350341797e+00,1.422262406349182129e+01
-2.666392177343368530e-02,-1.338550746440887451e-01,-3.508320808410644531e+00,1.422766709327697754e+01
-2.722350507974624634e-02,-1.339532732963562012e-01,-3.510002613067626953e+00,1.423252892494201660e+01
-2.782556042075157166e-02,-1.340496540069580078e-01,-3.511639833450317383e+00,1.423762893676757812e+01
-2.846587635576725006e-02,-1.341615170240402222e-01,-3.513278484344482422e+00,1.424253392219543457e+01
-2.697915397584438324e-02,-1.348293274641036987e-01,-3.515958547592163086e+00,1.424786615371704102e+01
-2.705007977783679962e-02,-1.348938345909118652e-01,-3.517609357833862305e+00,1.425257396697998047e+01
-2.738962881267070770e-02,-1.349893361330032349e-01,-3.519313573837280273e+00,1.425756907463073730e+01
-2.768128179013729095e-02,-1.351172775030136108e-01,-3.521013498306274414e+00,1.426264214515686035e+01
-2.769097499549388885e-02,-1.352029442787170410e-01,-3.522388219833374023e+00,1.426756596565246582e+01
-2.769413404166698456e-02,-1.353074312210083008e-01,-3.523766279220581055e+00,1.427252197265625000e+01
-2.692253701388835907e-02,-1.361587345600128174e-01,-3.523787736892700195e+00,1.427755594253540039e+01
-2.734493836760520935e-02,-1.364160925149917603e-01,-3.525094509124755859e+00,1.428252196311950684e+01
-2.735285833477973938e-02,-1.365383267402648926e-01,-3.526049137115478516e+00,1.428767514228820801e+01
-2.739153243601322174e-02,-1.366915702819824219e-01,-3.526927709579467773e+00,1.429248404502868652e+01
-2.756337076425552368e-02,-1.368502974510192871e-01,-3.528077840805053711e+00,1.429767298698425293e+01
-2.774962037801742554e-02,-1.370057761669158936e-01,-3.529163122177124023e+00,1.430266404151916504e+01
-2.799601294100284576e-02,-1.371711194515228271e-01,-3.530312776565551758e+00,1.430771207809448242e+01
-2.814654074609279633e-02,-1.366616040468215942e-01,-3.535141468048095703e+00,1.431265592575073242e+01
-2.836274169385433197e-02,-1.365825831890106201e-01,-3.536888122558593750e+00,1.431760692596435547e+01
-2.856099419295787811e-02,-1.364521980285644531e-01,-3.538658142089843750e+00,1.432265806198120117e+01
-2.878448367118835449e-02,-1.364890784025192261e-01,-3.540536880493164062e+00,1.432805395126342773e+01
-2.899034880101680756e-02,-1.364570558071136475e-01,-3.542439222335815430e+00,1.433279204368591309e+01
-2.919909358024597168e-02,-1.364427506923675537e-01,-3.544411182403564453e+00,1.433797407150268555e+01
-2.910358831286430359e-02,-1.362135708332061768e-01,-3.544658660888671875e+00,1.434265708923339844e+01
-2.895070426166057587e-02,-1.359689086675643921e-01,-3.546002864837646484e+00,1.434770202636718750e+01
-2.892388962209224701e-02,-1.359092295169830322e-01,-3.547661066055297852e+00,1.435276007652282715e+01
-2.884764783084392548e-02,-1.358336061239242554e-01,-3.549299478530883789e+00,1.435793495178222656e+01
-2.870165184140205383e-02,-1.360681802034378052e-01,-3.550768136978149414e+00,1.436300611495971680e+01
-2.852598577737808228e-02,-1.361764222383499146e-01,-3.552243471145629883e+00,1.436781811714172363e+01
-2.827786840498447418e-02,-1.363300085067749023e-01,-3.553630828857421875e+00,1.437275815010070801e+01
-2.875835634768009186e-02,-1.377399861812591553e-01,-3.555681467056274414e+00,1.437810397148132324e+01
-2.884483337402343750e-02,-1.379244774580001831e-01,-3.556967020034790039e+00,1.438277292251586914e+01
-2.898550592362880707e-02,-1.381343156099319458e-01,-3.558158159255981445e+00,1.438796401023864746e+01
-2.894714660942554474e-02,-1.382045149803161621e-01,-3.559442758560180664e+00,1.439278602600097656e+01
-2.901539392769336700e-02,-1.383348405361175537e-01,-3.560628175735473633e+00,1.439792203903198242e+01
-2.908445335924625397e-02,-1.384675800800323486e-01,-3.561784029006958008e+00,1.440276908874511719e+01
-2.917850762605667114e-02,-1.387321949005126953e-01,-3.563672065734863281e+00,1.440809011459350586e+01
-2.930178493261337280e-02,-1.389454752206802368e-01,-3.565151214599609375e+00,1.441278314590454102e+01
-2.943309023976325989e-02,-1.391314119100570679e-01,-3.566741943359375000e+00,1.441778492927551270e+01
-2.957686781883239746e-02,-1.392942070960998535e-01,-3.568451642990112305e+00,1.442277908325195312e+01
-2.992043830454349518e-02,-1.394449025392532349e-01,-3.570232629776000977e+00,1.442802596092224121e+01
-3.022204712033271790e-02,-1.395686119794845581e-01,-3.572128772735595703e+00,1.443286895751953125e+01
-3.057451359927654266e-02,-1.396739184856414795e-01,-3.574111700057983398e+00,1.443800401687622070e+01
-3.003148920834064484e-02,-1.376598924398422241e-01,-3.575025081634521484e+00,1.444289207458496094e+01
-3.006855770945549011e-02,-1.376797109842300415e-01,-3.576824188232421875e+00,1.444789910316467285e+01
-3.008948080241680145e-02,-1.377139538526535034e-01,-3.578659296035766602e+00,1.445271611213684082e+01
-3.035007417201995850e-02,-1.378664076328277588e-01,-3.580279827117919922e+00,1.445796704292297363e+01
-3.047802299261093140e-02,-1.379551887512207031e-01,-3.582010030746459961e+00,1.446303606033325195e+01
-3.061019815504550934e-02,-1.380868256092071533e-01,-3.583711385726928711e+00,1.446787905693054199e+01
-3.055465593934059143e-02,-1.382987797260284424e-01,-3.585199594497680664e+00,1.447283601760864258e+01
-3.108331374824047089e-02,-1.386836022138595581e-01,-3.586482763290405273e+00,1.447789692878723145e+01
-3.105570748448371887e-02,-1.387698054313659668e-01,-3.587852478027343750e+00,1.448286008834838867e+01
-3.125054761767387390e-02,-1.387702822685241699e-01,-3.589267969131469727e+00,1.448790597915649414e+01
-3.132932260632514954e-02,-1.387612670660018921e-01,-3.590650081634521484e+00,1.449294805526733398e+01
-3.142165765166282654e-02,-1.386673748493194580e-01,-3.592019557952880859e+00,1.449798893928527832e+01
-3.128083050251007080e-02,-1.384866088628768921e-01,-3.593354225158691406e+00,1.450322699546813965e+01
-3.118259645998477936e-02,-1.383168101310729980e-01,-3.594623088836669922e+00,1.450798797607421875e+01
-3.059492819011211395e-02,-1.396151632070541382e-01,-3.596490144729614258e+00,1.451297807693481445e+01
-3.029753081500530243e-02,-1.396261304616928101e-01,-3.597528934478759766e+00,1.451798510551452637e+01
-2.986632846295833588e-02,-1.396605819463729858e-01,-3.598989248275756836e+00,1.452302408218383789e+01
-2.940511330962181091e-02,-1.396843045949935913e-01,-3.600186109542846680e+00,1.452810311317443848e+01
-2.886974066495895386e-02,-1.397207677364349365e-01,-3.601379156112670898e+00,1.453297805786132812e+01
-2.876243554055690765e-02,-1.398528963327407837e-01,-3.602848529815673828e+00,1.453842496871948242e+01
-3.136447072029113770e-02,-1.395939141511917114e-01,-3.606039047241210938e+00,1.454315805435180664e+01
-3.154623880982398987e-02,-1.395780295133590698e-01,-3.607879877090454102e+00,1.454810309410095215e+01
-3.127907216548919678e-02,-1.395591646432876587e-01,-3.609588146209716797e+00,1.455305695533752441e+01
-3.127802535891532898e-02,-1.395729780197143555e-01,-3.611469030380249023e+00,1.455800104141235352e+01
-3.125473111867904663e-02,-1.396042406558990479e-01,-3.613416433334350586e+00,1.456329798698425293e+01
-3.149581328034400940e-02,-1.396967917680740356e-01,-3.615252494812011719e+00,1.456814002990722656e+01
-3.167472779750823975e-02,-1.397678405046463013e-01,-3.617145776748657227e+00,1.457320713996887207e+01
-3.299010917544364929e-02,-1.401006281375885010e-01,-3.616880655288696289e+00,1.457804512977600098e+01
-3.311674669384956360e-02,-1.399397104978561401e-01,-3.618019342422485352e+00,1.458325815200805664e+01
-3.344488888978958130e-02,-1.398748159408569336e-01,-3.619332551956176758e+00,1.458818912506103516e+01
-3.375281020998954773e-02,-1.397510617971420288e-01,-3.620546340942382812e+00,1.459320402145385742e+01
-3.403732553124427795e-02,-1.395343542098999023e-01,-3.621672630310058594e+00,1.459825611114501953e+01
-3.431191295385360718e-02,-1.398186087608337402e-01,-3.623125791549682617e+00,1.460674214363098145e+01
-3.458422049880027771e-02,-1.399611085653305054e-01,-3.624299764633178711e+00,1.460848593711853027e+01
-3.245786204934120178e-02,-1.418129354715347290e-01,-3.630127906799316406e+00,1.461324000358581543e+01
-3.293316066265106201e-02,-1.421578526496887207e-01,-3.631537199020385742e+00,1.461818695068359375e+01
-3.324716165661811829e-02,-1.424709260463714600e-01,-3.633139133453369141e+00,1.462335395812988281e+01
-3.360199555754661560e-02,-1.427962779998779297e-01,-3.634689331054687500e+00,1.462840914726257324e+01
-3.381423652172088623e-02,-1.430056542158126831e-01,-3.636311769485473633e+00,1.463330197334289551e+01
-3.410270437598228455e-02,-1.432865858078002930e-01,-3.637859106063842773e+00,1.463814806938171387e+01
-3.183991834521293640e-02,-1.413456648588180542e-01,-3.634954690933227539e+00,1.464329814910888672e+01
-3.129399195313453674e-02,-1.414242088794708252e-01,-3.636680603027343750e+00,1.464873194694519043e+01
-3.093468584120273590e-02,-1.415996700525283813e-01,-3.638188838958740234e+00,1.465321612358093262e+01
-3.047493845224380493e-02,-1.417534053325653076e-01,-3.639822483062744141e+00,1.465824699401855469e+01
-3.035397268831729889e-02,-1.418401747941970825e-01,-3.641554355621337891e+00,1.466339206695556641e+01
-3.005071543157100677e-02,-1.419446617364883423e-01,-3.643337488174438477e+00,1.466823410987854004e+01
-2.976122125983238220e-02,-1.420361548662185669e-01,-3.645181179046630859e+00,1.467321205139160156e+01
-3.179331496357917786e-02,-1.404473632574081421e-01,-3.646226167678833008e+00,1.467849898338317871e+01
-3.162762150168418884e-02,-1.403551548719406128e-01,-3.647778987884521484e+00,1.468325304985046387e+01
-3.141774609684944153e-02,-1.402499973773956299e-01,-3.649267911911010742e+00,1.468815112113952637e+01
-3.117302618920803070e-02,-1.400821655988693237e-01,-3.650707244873046875e+00,1.469335198402404785e+01
-3.144491463899612427e-02,-1.400674730539321899e-01,-3.652192831039428711e+00,1.469846606254577637e+01
-3.148867189884185791e-02,-1.399511843919754028e-01,-3.653571605682373047e+00,1.470329999923706055e+01
-3.159391507506370544e-02,-1.398978084325790405e-01,-3.654883146286010742e+00,1.470823812484741211e+01
-3.109282068908214569e-02,-1.409804672002792358e-01,-3.656105756759643555e+00,1.471336412429809570e+01
-3.124154731631278992e-02,-1.409547328948974609e-01,-3.657506704330444336e+00,1.471835398674011230e+01
-3.141978755593299866e-02,-1.409397721290588379e-01,-3.658900022506713867e+00,1.472340893745422363e+01
-3.153008222579956055e-02,-1.409069746732711792e-01,-3.660553693771362305e+00,1.472867012023925781e+01
-3.168036788702011108e-02,-1.408678591251373291e-01,-3.662162542343139648e+00,1.473337006568908691e+01
-3.183375298976898193e-02,-1.408264636993408203e-01,-3.663839817047119141e+00,1.473862600326538086e+01
-3.033867850899696350e-02,-1.420507580041885376e-01,-3.666032552719116211e+00,1.474330711364746094e+01
-3.019552491605281830e-02,-1.421996802091598511e-01,-3.667860031127929688e+00,1.474854207038879395e+01
-2.998985350131988525e-02,-1.423479169607162476e-01,-3.669691085815429688e+00,1.475337600708007812e+01
-3.022520244121551514e-02,-1.423176079988479614e-01,-3.671308040618896484e+00,1.475848007202148438e+01
-3.033726662397384644e-02,-1.423542946577072144e-01,-3.673011541366577148e+00,1.476362299919128418e+01
-3.052687644958496094e-02,-1.423518210649490356e-01,-3.674698591232299805e+00,1.476847410202026367e+01
-3.080706298351287842e-02,-1.423399448394775391e-01,-3.676375150680541992e+00,1.477355003356933594e+01
-3.066410683095455170e-02,-1.425269544124603271e-01,-3.676052808761596680e+00,1.477879500389099121e+01
-3.080028854310512543e-02,-1.426178365945816040e-01,-3.677023172378540039e+00,1.478354096412658691e+01
-3.093925490975379944e-02,-1.427171528339385986e-01,-3.677852153778076172e+00,1.478855109214782715e+01
-3.075757808983325958e-02,-1.426332443952560425e-01,-3.678887844085693359e+00,1.479365205764770508e+01
-3.070751391351222992e-02,-1.427041292190551758e-01,-3.679623842239379883e+00,1.479864501953125000e+01
-3.061077184975147247e-02,-1.427920758724212646e-01,-3.680265426635742188e+00,1.480353498458862305e+01
-3.044008463621139526e-02,-1.429354399442672729e-01,-3.681417465209960938e+00,1.480855298042297363e+01
-3.053513169288635254e-02,-1.455659121274948120e-01,-3.687617778778076172e+00,1.481354308128356934e+01
-3.027308173477649689e-02,-1.457206457853317261e-01,-3.689237117767333984e+00,1.481854295730590820e+01
-3.050093539059162140e-02,-1.458043009042739868e-01,-3.691253423690795898e+00,1.482355308532714844e+01
-3.048976883292198181e-02,-1.458994746208190918e-01,-3.693255424499511719e+00,1.482910299301147461e+01
-3.052294068038463593e-02,-1.459559053182601929e-01,-3.695419788360595703e+00,1.483370113372802734e+01
-3.045427240431308746e-02,-1.459818482398986816e-01,-3.697409868240356445e+00,1.483873915672302246e+01
-2.881901152431964874e-02,-1.426903158426284790e-01,-3.692244291305541992e+00,1.484366703033447266e+01
-2.850475907325744629e-02,-1.425848901271820068e-01,-3.693581104278564453e+00,1.484889793395996094e+01
-2.820273302495479584e-02,-1.424646377563476562e-01,-3.694922208786010742e+00,1.485371899604797363e+01
-2.778322622179985046e-02,-1.422148644924163818e-01,-3.695775270462036133e+00,1.485866999626159668e+01
-2.742948383092880249e-02,-1.420278698205947876e-01,-3.696898698806762695e+00,1.486376905441284180e+01
-2.703131735324859619e-02,-1.418354958295822144e-01,-3.697955846786499023e+00,1.486867094039916992e+01
-2.672515623271465302e-02,-1.420274674892425537e-01,-3.698998212814331055e+00,1.487364506721496582e+01
-3.146035596728324890e-02,-1.448071897029876709e-01,-3.706466913223266602e+00,1.487895703315734863e+01
-3.167165070772171021e-02,-1.449697017669677734e-01,-3.707995891571044922e+00,1.488372206687927246e+01
-3.198048844933509827e-02,-1.450313627719879150e-01,-3.709303379058837891e+00,1.488865995407104492e+01
-3.226636722683906555e-02,-1.451599597930908203e-01,-3.710662364959716797e+00,1.489393305778503418e+01
-3.257745504379272461e-02,-1.452850550413131714e-01,-3.711960077285766602e+00,1.489907693862915039e+01
-3.281303495168685913e-02,-1.454265862703323364e-01,-3.713366270065307617e+00,1.490378403663635254e+01
-3.309044986963272095e-02,-1.455681622028350830e-01,-3.714670419692993164e+00,1.490876913070678711e+01
-3.090916201472282410e-02,-1.459273099899291992e-01,-3.715204954147338867e+00,1.491376805305480957e+01
-3.085126914083957672e-02,-1.459438055753707886e-01,-3.716729402542114258e+00,1.491884493827819824e+01
-3.083187714219093323e-02,-1.460302621126174927e-01,-3.718153953552246094e+00,1.492379593849182129e+01
-3.079333715140819550e-02,-1.460773944854736328e-01,-3.719624757766723633e+00,1.492912292480468750e+01
-3.074156120419502258e-02,-1.461863815784454346e-01,-3.721311330795288086e+00,1.493371200561523438e+01
-3.065752424299716949e-02,-1.462935656309127808e-01,-3.722983598709106445e+00,1.493877911567687988e+01
-3.004302829504013062e-02,-1.446053683757781982e-01,-3.723330497741699219e+00,1.494376993179321289e+01
-2.987641282379627228e-02,-1.446981579065322876e-01,-3.725121498107910156e+00,1.494909310340881348e+01
-3.002681769430637360e-02,-1.446946561336517334e-01,-3.726826667785644531e+00,1.495382809638977051e+01
-3.000091016292572021e-02,-1.447748839855194092e-01,-3.728663682937622070e+00,1.495886898040771484e+01
-2.999822050333023071e-02,-1.448588222265243530e-01,-3.730549097061157227e+00,1.496384310722351074e+01
-2.994748763740062714e-02,-1.449251025915145874e-01,-3.732277870178222656e+00,1.496885108947753906e+01
-2.993052266538143158e-02,-1.449935883283615112e-01,-3.734084606170654297e+00,1.497379708290100098e+01
-2.993361651897430420e-02,-1.450901776552200317e-01,-3.733566999435424805e+00,1.497914910316467285e+01
-3.054334782063961029e-02,-1.453103721141815186e-01,-3.735069990158081055e+00,1.498391604423522949e+01
-3.091695159673690796e-02,-1.454466432332992554e-01,-3.736548662185668945e+00,1.498913002014160156e+01
-3.139904141426086426e-02,-1.455593258142471313e-01,-3.738005399703979492e+00,1.499408698081970215e+01
-3.148405998945236206e-02,-1.453780680894851685e-01,-3.738890171051025391e+00,1.499901795387268066e+01
-3.176604956388473511e-02,-1.453097760677337646e-01,-3.739861726760864258e+00,1.500731492042541504e+01
-3.201523795723915100e-02,-1.451885253190994263e-01,-3.740704298019409180e+00,1.500900912284851074e+01
-2.743999287486076355e-02,-1.455909609794616699e-01,-3.739416837692260742e+00,1.501392102241516113e+01
-2.673982270061969757e-02,-1.456416994333267212e-01,-3.739910125732421875e+00,1.501894998550415039e+01
-2.592760697007179260e-02,-1.457102298736572266e-01,-3.740388393402099609e+00,1.502404093742370605e+01
-2.502137608826160431e-02,-1.458401083946228027e-01,-3.740831851959228516e+00,1.502929997444152832e+01
-2.462792210280895233e-02,-1.460287868976593018e-01,-3.742140054702758789e+00,1.503392410278320312e+01
-2.393722347915172577e-02,-1.462239474058151245e-01,-3.743102073669433594e+00,1.503909015655517578e+01
-3.035600855946540833e-02,-1.466005146503448486e-01,-3.750392198562622070e+00,1.504405808448791504e+01
-3.015706129372119904e-02,-1.464956253767013550e-01,-3.751694202423095703e+00,1.504910397529602051e+01
-3.002226911485195160e-02,-1.465154439210891724e-01,-3.753214359283447266e+00,1.505396795272827148e+01
-2.988724224269390106e-02,-1.465047448873519897e-01,-3.754785776138305664e+00,1.505915904045104980e+01
-2.976705878973007202e-02,-1.466860920190811157e-01,-3.756270170211791992e+00,1.506421303749084473e+01
-2.963462471961975098e-02,-1.467618197202682495e-01,-3.757810115814208984e+00,1.506900811195373535e+01
-2.950694970786571503e-02,-1.468546539545059204e-01,-3.759359121322631836e+00,1.507398104667663574e+01
-2.911293879151344299e-02,-1.469708383083343506e-01,-3.759976148605346680e+00,1.507935094833374023e+01
-2.896092087030410767e-02,-1.470401138067245483e-01,-3.761358022689819336e+00,1.508409595489501953e+01
-2.879854477941989899e-02,-1.471084654331207275e-01,-3.762704849243164062e+00,1.508907794952392578e+01
-2.863006666302680969e-02,-1.473400443792343140e-01,-3.764054775238037109e+00,1.509433794021606445e+01
-2.846896462142467499e-02,-1.475037634372711182e-01,-3.765386343002319336e+00,1.509923100471496582e+01
-2.830419503152370453e-02,-1.477109938859939575e-01,-3.766697883605957031e+00,1.510401892662048340e+01
-2.896560542285442352e-02,-1.473337262868881226e-01,-3.769047975540161133e+00,1.510907006263732910e+01
-2.887589670717716217e-02,-1.473691910505294800e-01,-3.770388126373291016e+00,1.511418795585632324e+01
-2.883673645555973053e-02,-1.473445892333984375e-01,-3.771750211715698242e+00,1.511926102638244629e+01
-2.881894260644912720e-02,-1.472640186548233032e-01,-3.773123979568481445e+00,1.512416696548461914e+01
-2.900180220603942871e-02,-1.473918408155441284e-01,-3.774718523025512695e+00,1.512931013107299805e+01
-2.911303564906120300e-02,-1.474481523036956787e-01,-3.776174783706665039e+00,1.513417196273803711e+01
-2.927204035222530365e-02,-1.475271433591842651e-01,-3.777658462524414062e+00,1.513919115066528320e+01
-3.005593642592430115e-02,-1.475568413734436035e-01,-3.779387950897216797e+00,1.514417600631713867e+01
-3.045437298715114594e-02,-1.476321965456008911e-01,-3.781115055084228516e+00,1.514911603927612305e+01
-3.092926181852817535e-02,-1.477381438016891479e-01,-3.782899856567382812e+00,1.515415000915527344e+01
-3.087186440825462341e-02,-1.476410031318664551e-01,-3.784156084060668945e+00,1.515919494628906250e+01
-3.108230419456958771e-02,-1.476365625858306885e-01,-3.785687923431396484e+00,1.516435313224792480e+01
-3.125007823109626770e-02,-1.476312130689620972e-01,-3.787175416946411133e+00,1.516908407211303711e+01
-3.155099973082542419e-02,-1.478106975555419922e-01,-3.788856506347656250e+00,1.517418503761291504e+01
-3.032282181084156036e-02,-1.472561955451965332e-01,-3.789258241653442383e+00,1.517938113212585449e+01
-3.048521839082241058e-02,-1.471453011035919189e-01,-3.790867328643798828e+00,1.518426513671875000e+01
-3.056607767939567566e-02,-1.470314115285873413e-01,-3.792581319808959961e+00,1.518933010101318359e+01
-3.068211302161216736e-02,-1.469087898731231689e-01,-3.794261455535888672e+00,1.519433808326721191e+01
-3.079205751419067383e-02,-1.467739045619964600e-01,-3.795962810516357422e+00,1.519947409629821777e+01
-3.089516796171665192e-02,-1.466238051652908325e-01,-3.797698259353637695e+00,1.520422410964965820e+01
-3.066752478480339050e-02,-1.476162374019622803e-01,-3.798593044281005859e+00,1.520935606956481934e+01
-3.052709624171257019e-02,-1.475476026535034180e-01,-3.800168752670288086e+00,1.521430492401123047e+01
-3.030936606228351593e-02,-1.474853605031967163e-01,-3.801713466644287109e+00,1.521928501129150391e+01
-2.968908287584781647e-02,-1.475046128034591675e-01,-3.802942514419555664e+00,1.522422409057617188e+01
-2.916219457983970642e-02,-1.474610567092895508e-01,-3.804310560226440430e+00,1.522960805892944336e+01
-2.852922864258289337e-02,-1.474161148071289062e-01,-3.805602073669433594e+00,1.523422813415527344e+01
-2.845951355993747711e-02,-1.473365575075149536e-01,-3.807074785232543945e+00,1.523936200141906738e+01
-3.051253035664558411e-02,-1.489232331514358521e-01,-3.810531139373779297e+00,1.524440312385559082e+01
-3.066635504364967346e-02,-1.489376276731491089e-01,-3.812308788299560547e+00,1.524927401542663574e+01
-3.037977218627929688e-02,-1.489480584859848022e-01,-3.813445806503295898e+00,1.525437498092651367e+01
-3.036836534738540649e-02,-1.490328758955001831e-01,-3.814878225326538086e+00,1.525947713851928711e+01
-3.033669851720333099e-02,-1.491471081972122192e-01,-3.816233873367309570e+00,1.526442003250122070e+01
-3.035326860845088959e-02,-1.492654979228973389e-01,-3.817458152770996094e+00,1.526943898200988770e+01
-3.034396469593048096e-02,-1.493824869394302368e-01,-3.818601369857788086e+00,1.527442693710327148e+01
-3.167163580656051636e-02,-1.496983468532562256e-01,-3.821143388748168945e+00,1.527949309349060059e+01
-3.187581151723861694e-02,-1.499872952699661255e-01,-3.822955846786499023e+00,1.528454995155334473e+01
-3.208511322736740112e-02,-1.500610262155532837e-01,-3.824414014816284180e+00,1.528943014144897461e+01
-3.230329602956771851e-02,-1.501876711845397949e-01,-3.825905561447143555e+00,1.529463005065917969e+01
-3.253458812832832336e-02,-1.503919512033462524e-01,-3.827404022216796875e+00,1.529960203170776367e+01
-3.278985619544982910e-02,-1.504002660512924194e-01,-3.829184055328369141e+00,1.530435895919799805e+01
-2.961896359920501709e-02,-1.493058353662490845e-01,-3.826457500457763672e+00,1.530980515480041504e+01
-2.957774698734283447e-02,-1.493090391159057617e-01,-3.827768564224243164e+00,1.531445813179016113e+01
-2.965163253247737885e-02,-1.492375582456588745e-01,-3.829136610031127930e+00,1.531957507133483887e+01
-2.969329804182052612e-02,-1.492016315460205078e-01,-3.830555200576782227e+00,1.532443213462829590e+01
-2.975779399275779724e-02,-1.491557657718658447e-01,-3.832024097442626953e+00,1.532970714569091797e+01
-2.980505116283893585e-02,-1.491508334875106812e-01,-3.833368062973022461e+00,1.533454704284667969e+01
-2.987606078386306763e-02,-1.491098403930664062e-01,-3.834776163101196289e+00,1.533960413932800293e+01
-2.914636954665184021e-02,-1.494145393371582031e-01,-3.837026834487915039e+00,1.534451699256896973e+01
-2.915043942630290985e-02,-1.492587029933929443e-01,-3.838461875915527344e+00,1.534953999519348145e+01
-2.917470410466194153e-02,-1.491383463144302368e-01,-3.839897632598876953e+00,1.535445308685302734e+01
-2.919940650463104248e-02,-1.490117609500885010e-01,-3.841317176818847656e+00,1.535978507995605469e+01
-2.931681834161281586e-02,-1.490419656038284302e-01,-3.842853546142578125e+00,1.536466908454895020e+01
-2.943202108144760132e-02,-1.490150541067123413e-01,-3.844376325607299805e+00,1.536954712867736816e+01
-2.958434075117111206e-02,-1.490115374326705933e-01,-3.845938205718994141e+00,1.537448596954345703e+01
-2.966387569904327393e-02,-1.500082910060882568e-01,-3.847840070724487305e+00,1.537970614433288574e+01
-2.991524152457714081e-02,-1.498366594314575195e-01,-3.849714994430541992e+00,1.538463592529296875e+01
-3.017502091825008392e-02,-1.497924029827117920e-01,-3.851537227630615234e+00,1.538970398902893066e+01
-3.047174587845802307e-02,-1.497262269258499146e-01,-3.853426933288574219e+00,1.539476203918457031e+01
-3.068186715245246887e-02,-1.497442871332168579e-01,-3.855309009552001953e+00,1.539970302581787109e+01
-3.093733638525009155e-02,-1.497177183628082275e-01,-3.857248306274414062e+00,1.540653395652770996e+01
-3.022740967571735382e-02,-1.501493901014328003e-01,-3.858036994934082031e+00,1.540981793403625488e+01
-3.037239611148834229e-02,-1.502390056848526001e-01,-3.859579563140869141e+00,1.541470003128051758e+01
-3.051154874265193939e-02,-1.503262966871261597e-01,-3.861288309097290039e+00,1.541973710060119629e+01
-3.064524568617343903e-02,-1.504175364971160889e-01,-3.862995147705078125e+00,1.542484998703002930e+01
-3.059331513941287994e-02,-1.503492146730422974e-01,-3.864437818527221680e+00,1.542984700202941895e+01
-3.056809306144714355e-02,-1.503519415855407715e-01,-3.865893840789794922e+00,1.543452000617980957e+01
-3.049160912632942200e-02,-1.503351777791976929e-01,-3.867258787155151367e+00,1.543972206115722656e+01
-3.110882826149463654e-02,-1.511919349431991577e-01,-3.869127988815307617e+00,1.544478011131286621e+01
-3.106092102825641632e-02,-1.512469053268432617e-01,-3.870339870452880859e+00,1.544985103607177734e+01
-3.102193586528301239e-02,-1.513739973306655884e-01,-3.871515512466430664e+00,1.545476007461547852e+01
-3.088458627462387085e-02,-1.514653563499450684e-01,-3.872810602188110352e+00,1.546013593673706055e+01
-3.075325116515159607e-02,-1.515651494264602661e-01,-3.874017953872680664e+00,1.546477794647216797e+01
-3.058098442852497101e-02,-1.516439318656921387e-01,-3.875208616256713867e+00,1.546977305412292480e+01
-3.065917640924453735e-02,-1.525879949331283569e-01,-3.877763509750366211e+00,1.547474312782287598e+01
-3.089449368417263031e-02,-1.527215838432312012e-01,-3.879654169082641602e+00,1.547977995872497559e+01
-3.090499155223369598e-02,-1.528695374727249146e-01,-3.881266593933105469e+00,1.548473215103149414e+01
-3.094669058918952942e-02,-1.530101448297500610e-01,-3.882950544357299805e+00,1.548975300788879395e+01
-3.104104660451412201e-02,-1.531308442354202271e-01,-3.884706020355224609e+00,1.549499106407165527e+01
-3.115539439022541046e-02,-1.532525420188903809e-01,-3.886518478393554688e+00,1.549988698959350586e+01
-3.130477666854858398e-02,-1.533725708723068237e-01,-3.888395309448242188e+00,1.550481510162353516e+01
-3.074764460325241089e-02,-1.509691327810287476e-01,-3.887563943862915039e+00,1.550971698760986328e+01
-3.082205168902873993e-02,-1.509048044681549072e-01,-3.889109611511230469e+00,1.551475906372070312e+01
-3.088181279599666595e-02,-1.508339047431945801e-01,-3.890627384185791016e+00,1.551995301246643066e+01
-3.103924728929996490e-02,-1.509197056293487549e-01,-3.892119407653808594e+00,1.552496600151062012e+01
-3.118393942713737488e-02,-1.509337723255157471e-01,-3.893599033355712891e+00,1.553011202812194824e+01
-3.135182708501815796e-02,-1.509899646043777466e-01,-3.895052194595336914e+00,1.553489303588867188e+01
-3.157649934291839600e-02,-1.510138511657714844e-01,-3.896476507186889648e+00,1.553996706008911133e+01
-3.176429495215415955e-02,-1.516115963459014893e-01,-3.899265050888061523e+00,1.554481911659240723e+01
-3.208125755190849304e-02,-1.515109241008758545e-01,-3.900847673416137695e+00,1.554995608329772949e+01
-3.242907300591468811e-02,-1.513892561197280884e-01,-3.902415275573730469e+00,1.555482792854309082e+01
-3.252264857292175293e-02,-1.514664888381958008e-01,-3.904055595397949219e+00,1.556011700630187988e+01
-3.276073187589645386e-02,-1.514056622982025146e-01,-3.905611515045166016e+00,1.556496310234069824e+01
-3.299840167164802551e-02,-1.513545960187911987e-01,-3.907171010971069336e+00,1.556996798515319824e+01
-3.163131326436996460e-02,-1.521973758935928345e-01,-3.907792806625366211e+00,1.557482695579528809e+01
-3.159994632005691528e-02,-1.522098928689956665e-01,-3.909379482269287109e+00,1.557989215850830078e+01
-3.152296319603919983e-02,-1.521987617015838623e-01,-3.910983562469482422e+00,1.558494496345520020e+01
-3.163289278745651245e-02,-1.521173566579818726e-01,-3.912743568420410156e+00,1.559007906913757324e+01
-3.164615109562873840e-02,-1.520789414644241333e-01,-3.914519071578979492e+00,1.559527611732482910e+01
-3.166948258876800537e-02,-1.520176827907562256e-01,-3.916358470916748047e+00,1.560006904602050781e+01
-3.179241344332695007e-02,-1.519967615604400635e-01,-3.918102264404296875e+00,1.560496115684509277e+01
-3.304946422576904297e-02,-1.527107059955596924e-01,-3.918942928314208984e+00,1.561006402969360352e+01
-3.332562372088432312e-02,-1.528604030609130859e-01,-3.920618534088134766e+00,1.561508798599243164e+01
-3.324993699789047241e-02,-1.528712660074234009e-01,-3.921925067901611328e+00,1.562004208564758301e+01
-3.333672881126403809e-02,-1.529622077941894531e-01,-3.923346042633056641e+00,1.562504792213439941e+01
-3.338744863867759705e-02,-1.530193686485290527e-01,-3.924694061279296875e+00,1.563018298149108887e+01
-3.356999158859252930e-02,-1.531674265861511230e-01,-3.926125049591064453e+00,1.563537311553955078e+01
-3.368565440177917480e-02,-1.533032804727554321e-01,-3.927466392517089844e+00,1.563999295234680176e+01
-3.404777124524116516e-02,-1.539866775274276733e-01,-3.930446147918701172e+00,1.564501595497131348e+01
-3.424425795674324036e-02,-1.542045772075653076e-01,-3.931946516036987305e+00,1.564998793601989746e+01
-3.445385023951530457e-02,-1.540580540895462036e-01,-3.933649539947509766e+00,1.565523314476013184e+01
-3.465841710567474365e-02,-1.540926247835159302e-01,-3.935226917266845703e+00,1.566029810905456543e+01
-3.487668186426162720e-02,-1.540880948305130005e-01,-3.936825037002563477e+00,1.566512799263000488e+01
-3.516181185841560364e-02,-1.542091965675354004e-01,-3.938502550125122070e+00,1.567017197608947754e+01
-3.545276448130607605e-02,-1.543011814355850220e-01,-3.940183639526367188e+00,1.567518115043640137e+01
-3.458935767412185669e-02,-1.536503285169601440e-01,-3.940247297286987305e+00,1.568017101287841797e+01
-3.461489826440811157e-02,-1.535975784063339233e-01,-3.941661119461059570e+00,1.568516111373901367e+01
-3.475324437022209167e-02,-1.536688506603240967e-01,-3.943165779113769531e+00,1.569021296501159668e+01
-3.487541899085044861e-02,-1.537235528230667114e-01,-3.944661140441894531e+00,1.569545006752014160e+01
-3.493717685341835022e-02,-1.538934111595153809e-01,-3.946256637573242188e+00,1.570022201538085938e+01
-3.498944267630577087e-02,-1.540270149707794189e-01,-3.947824954986572266e+00,1.570509409904479980e+01
-3.459461778402328491e-02,-1.538172364234924316e-01,-3.950140476226806641e+00,1.571021413803100586e+01
-3.494231402873992920e-02,-1.538116782903671265e-01,-3.952190637588500977e+00,1.571520495414733887e+01
-3.513562306761741638e-02,-1.538473665714263916e-01,-3.954128980636596680e+00,1.572034502029418945e+01
-3.537870571017265320e-02,-1.538727730512619019e-01,-3.956089735031127930e+00,1.572535014152526855e+01
-3.566014021635055542e-02,-1.538448333740234375e-01,-3.958081960678100586e+00,1.573051595687866211e+01
-3.564500808715820312e-02,-1.540487408638000488e-01,-3.960005044937133789e+00,1.573535799980163574e+01
-3.579263389110565186e-02,-1.542124003171920776e-01,-3.962007522583007812e+00,1.574036097526550293e+01
-3.442741930484771729e-02,-1.537327021360397339e-01,-3.961127758026123047e+00,1.574530696868896484e+01
-3.427452594041824341e-02,-1.536880284547805786e-01,-3.962270975112915039e+00,1.575036001205444336e+01
-3.408122435212135315e-02,-1.537092328071594238e-01,-3.963604211807250977e+00,1.575521111488342285e+01
-3.387336432933807373e-02,-1.537327766418457031e-01,-3.964883804321289062e+00,1.576061892509460449e+01
-3.380228951573371887e-02,-1.538332253694534302e-01,-3.966068983078002930e+00,1.576522707939147949e+01
-3.368691354990005493e-02,-1.539148688316345215e-01,-3.967180013656616211e+00,1.577035713195800781e+01
-3.521073609590530396e-02,-1.547865867614746094e-01,-3.970737457275390625e+00,1.577522110939025879e+01
-3.544556349515914917e-02,-1.550462990999221802e-01,-3.972233057022094727e+00,1.578055214881896973e+01
-3.563957661390304565e-02,-1.552086174488067627e-01,-3.973496437072753906e+00,1.578539204597473145e+01
-3.587258979678153992e-02,-1.553982645273208618e-01,-3.974735736846923828e+00,1.579047203063964844e+01
-3.578830510377883911e-02,-1.555227935314178467e-01,-3.976173639297485352e+00,1.579548692703247070e+01
-3.579208999872207642e-02,-1.556551903486251831e-01,-3.977552890777587891e+00,1.580048394203186035e+01
-3.572790697216987610e-02,-1.557741016149520874e-01,-3.978964805603027344e+00,1.580686402320861816e+01
-3.535978496074676514e-02,-1.549299359321594238e-01,-3.980944871902465820e+00,1.581085801124572754e+01
-3.530659899115562439e-02,-1.549933999776840210e-01,-3.982645273208618164e+00,1.581537413597106934e+01
-3.526492044329643250e-02,-1.550883501768112183e-01,-3.984405279159545898e+00,1.582062196731567383e+01
-3.522920608520507812e-02,-1.552679091691970825e-01,-3.986229419708251953e+00,1.582543611526489258e+01
-3.516484051942825317e-02,-1.552312374114990234e-01,-3.987795829772949219e+00,1.583080601692199707e+01
-3.515312075614929199e-02,-1.552405059337615967e-01,-3.989634275436401367e+00,1.583539295196533203e+01
-3.515189513564109802e-02,-1.552195698022842407e-01,-3.991513252258300781e+00,1.584049892425537109e+01
-3.653195872902870178e-02,-1.553288251161575317e-01,-3.991868734359741211e+00,1.584543299674987793e+01
-3.664544597268104553e-02,-1.554137617349624634e-01,-3.993340730667114258e+00,1.585061812400817871e+01
-3.677436336874961853e-02,-1.554787307977676392e-01,-3.994792699813842773e+00,1.585548615455627441e+01
-3.669855743646621704e-02,-1.557286530733108521e-01,-3.996236801147460938e+00,1.586070299148559570e+01
-3.666501119732856750e-02,-1.559163331985473633e-01,-3.997658491134643555e+00,1.586548995971679688e+01
-3.658017143607139587e-02,-1.561349183320999146e-01,-3.999070167541503906e+00,1.587061309814453125e+01
-3.665171563625335693e-02,-1.562263816595077515e-01,-4.000554084777832031e+00,1.587547993659973145e+01
-3.652819246053695679e-02,-1.567464619874954224e-01,-4.003990650177001953e+00,1.588061213493347168e+01
-3.654071316123008728e-02,-1.569074094295501709e-01,-4.005612373352050781e+00,1.588548398017883301e+01
-3.661309927701950073e-02,-1.571347266435623169e-01,-4.007190704345703125e+00,1.589062094688415527e+01
-3.666532039642333984e-02,-1.573670953512191772e-01,-4.008792877197265625e+00,1.589570999145507812e+01
-3.672551736235618591e-02,-1.576589941978454590e-01,-4.010372161865234375e+00,1.590053415298461914e+01
-3.681014105677604675e-02,-1.579722911119461060e-01,-4.011954307556152344e+00,1.590550303459167480e+01
-3.574305400252342224e-02,-1.559336036443710327e-01,-4.012070655822753906e+00,1.591061496734619141e+01
-3.558271005749702454e-02,-1.559213697910308838e-01,-4.013478279113769531e+00,1.591566896438598633e+01
-3.539275750517845154e-02,-1.558853238821029663e-01,-4.014875888824462891e+00,1.592063307762145996e+01
-3.546080365777015686e-02,-1.560532599687576294e-01,-4.016436576843261719e+00,1.592560315132141113e+01
-3.537641093134880066e-02,-1.560842543840408325e-01,-4.017888069152832031e+00,1.593082809448242188e+01
-3.530623018741607666e-02,-1.561133712530136108e-01,-4.019343852996826172e+00,1.593560814857482910e+01
-3.523829579353332520e-02,-1.560985296964645386e-01,-4.020753860473632812e+00,1.594067597389221191e+01
-3.627775609493255615e-02,-1.570459604263305664e-01,-4.023707866668701172e+00,1.594561314582824707e+01
-3.633969277143478394e-02,-1.571506857872009277e-01,-4.025265693664550781e+00,1.595069003105163574e+01
-3.640176728367805481e-02,-1.572676301002502441e-01,-4.026796817779541016e+00,1.595557904243469238e+01
-3.647496178746223450e-02,-1.573941856622695923e-01,-4.028347969055175781e+00,1.596072006225585938e+01
-3.654927015304565430e-02,-1.575817465782165527e-01,-4.029876232147216797e+00,1.596570801734924316e+01
-3.652162849903106689e-02,-1.578622162342071533e-01,-4.031386852264404297e+00,1.597069215774536133e+01
-3.513754159212112427e-02,-1.565480828285217285e-01,-4.032501220703125000e+00,1.597558712959289551e+01
-3.492265567183494568e-02,-1.564434915781021118e-01,-4.033986568450927734e+00,1.598070001602172852e+01
-3.471509367227554321e-02,-1.563488394021987915e-01,-4.035497188568115234e+00,1.598576092720031738e+01
-3.472102805972099304e-02,-1.564007401466369629e-01,-4.036877632141113281e+00,1.599114394187927246e+01
-3.459744900465011597e-02,-1.563634872436523438e-01,-4.038316726684570312e+00,1.599654912948608398e+01
-3.447334095835685730e-02,-1.563312858343124390e-01,-4.039725303649902344e+00,1.600083208084106445e+01
-3.429283201694488525e-02,-1.563248932361602783e-01,-4.041026592254638672e+00,1.600579714775085449e+01
-3.446735069155693054e-02,-1.572384238243103027e-01,-4.042093276977539062e+00,1.601073694229125977e+01
-3.430375456809997559e-02,-1.573256850242614746e-01,-4.043291091918945312e+00,1.601591300964355469e+01
-3.409126773476600647e-02,-1.573305279016494751e-01,-4.044579505920410156e+00,1.602084112167358398e+01
-3.387675806879997253e-02,-1.573798656463623047e-01,-4.045767784118652344e+00,1.602574610710144043e+01
-3.365261852741241455e-02,-1.574365943670272827e-01,-4.046944141387939453e+00,1.603099107742309570e+01
-3.342965617775917053e-02,-1.575399935245513916e-01,-4.048353195190429688e+00,1.603575897216796875e+01
-3.319212794303894043e-02,-1.576492488384246826e-01,-4.049702644348144531e+00,1.604077100753784180e+01
-3.429811820387840271e-02,-1.573089361190795898e-01,-4.053050518035888672e+00,1.604650402069091797e+01
-3.441132977604866028e-02,-1.571985185146331787e-01,-4.054711818695068359e+00,1.605084705352783203e+01
-3.442229330539703369e-02,-1.571401655673980713e-01,-4.056400299072265625e+00,1.605662798881530762e+01
-3.447140008211135864e-02,-1.570530533790588379e-01,-4.058134078979492188e+00,1.606108498573303223e+01
-3.440635651350021362e-02,-1.570632606744766235e-01,-4.059773921966552734e+00,1.606652092933654785e+01
-3.440438583493232727e-02,-1.570200771093368530e-01,-4.061487674713134766e+00,1.607085108757019043e+01
-3.452639654278755188e-02,-1.576391607522964478e-01,-4.061814308166503906e+00,1.607615208625793457e+01
-3.451620042324066162e-02,-1.577565371990203857e-01,-4.063432216644287109e+00,1.608090496063232422e+01
-3.462149575352668762e-02,-1.578296869993209839e-01,-4.064960956573486328e+00,1.608589196205139160e+01
-3.466420620679855347e-02,-1.579424142837524414e-01,-4.066530227661132812e+00,1.609083509445190430e+01
-3.472779691219329834e-02,-1.580717265605926514e-01,-4.068098068237304688e+00,1.609646797180175781e+01
-3.469428047537803650e-02,-1.582002788782119751e-01,-4.069438934326171875e+00,1.610088801383972168e+01
-3.468669950962066650e-02,-1.583299636840820312e-01,-4.070801258087158203e+00,1.610595798492431641e+01
-3.428488597273826599e-02,-1.581011116504669189e-01,-4.071597099304199219e+00,1.611099600791931152e+01
-3.397284448146820068e-02,-1.580847650766372681e-01,-4.073016166687011719e+00,1.611597895622253418e+01
-3.372355550527572632e-02,-1.580926179885864258e-01,-4.074250221252441406e+00,1.612105202674865723e+01
-3.341490030288696289e-02,-1.580499261617660522e-01,-4.075475692749023438e+00,1.612641215324401855e+01
-3.358906507492065430e-02,-1.580083668231964111e-01,-4.077038764953613281e+00,1.613111400604248047e+01
-3.363793343305587769e-02,-1.579861789941787720e-01,-4.078516483306884766e+00,1.613615894317626953e+01
-3.378786146640777588e-02,-1.579888612031936646e-01,-4.080056190490722656e+00,1.614105606079101562e+01
-3.557863458991050720e-02,-1.589444726705551147e-01,-4.084001064300537109e+00,1.614638614654541016e+01
-3.573996201157569885e-02,-1.589205712080001831e-01,-4.085799694061279297e+00,1.615113306045532227e+01
-3.587919101119041443e-02,-1.588304489850997925e-01,-4.087635517120361328e+00,1.615634393692016602e+01
-3.597888723015785217e-02,-1.587361991405487061e-01,-4.089493751525878906e+00,1.616118693351745605e+01
-3.638457134366035461e-02,-1.588146984577178955e-01,-4.091155052185058594e+00,1.616639304161071777e+01
-3.664249181747436523e-02,-1.588420569896697998e-01,-4.092904090881347656e+00,1.617113208770751953e+01
-3.483786061406135559e-02,-1.586633473634719849e-01,-4.091626167297363281e+00,1.617667913436889648e+01
-3.471720218658447266e-02,-1.588150858879089355e-01,-4.093317985534667969e+00,1.618099999427795410e+01
-3.476634621620178223e-02,-1.589792668819427490e-01,-4.094897747039794922e+00,1.618669104576110840e+01
-3.481920436024665833e-02,-1.591820418834686279e-01,-4.096505641937255859e+00,1.619104313850402832e+01
-3.472771868109703064e-02,-1.593046337366104126e-01,-4.097963809967041016e+00,1.619674897193908691e+01
-3.462758287787437439e-02,-1.594781875610351562e-01,-4.099453926086425781e+00,1.620615911483764648e+01
-3.446741029620170593e-02,-1.596420407295227051e-01,-4.100902080535888672e+00,1.620722603797912598e+01
-3.503270074725151062e-02,-1.597610414028167725e-01,-4.101720809936523438e+00,1.621127295494079590e+01
-3.501421958208084106e-02,-1.598607152700424194e-01,-4.102867126464843750e+00,1.621658492088317871e+01
-3.500777855515480042e-02,-1.599310785531997681e-01,-4.103942394256591797e+00,1.622119402885437012e+01
-3.503433614969253540e-02,-1.600093692541122437e-01,-4.105283260345458984e+00,1.622657203674316406e+01
-3.506418690085411072e-02,-1.601122915744781494e-01,-4.106497287750244141e+00,1.623120594024658203e+01
-3.510875627398490906e-02,-1.602142453193664551e-01,-4.107738494873046875e+00,1.623631501197814941e+01
-3.420594707131385803e-02,-1.589600145816802979e-01,-4.109839916229248047e+00,1.624124407768249512e+01
-3.432308882474899292e-02,-1.589252054691314697e-01,-4.111316680908203125e+00,1.624664711952209473e+01
-3.449812158942222595e-02,-1.588908433914184570e-01,-4.112902641296386719e+00,1.625112509727478027e+01
-3.473386168479919434e-02,-1.588336080312728882e-01,-4.114602088928222656e+00,1.625673913955688477e+01
-3.446073830127716064e-02,-1.587764769792556763e-01,-4.116329193115234375e+00,1.626132392883300781e+01
-3.439595550298690796e-02,-1.587842851877212524e-01,-4.118169784545898438e+00,1.626687407493591309e+01
-3.427242487668991089e-02,-1.588115543127059937e-01,-4.120093822479248047e+00,1.627146601676940918e+01
-3.416668996214866638e-02,-1.594086587429046631e-01,-4.121287822723388672e+00,1.627677893638610840e+01
-3.413803130388259888e-02,-1.593533903360366821e-01,-4.122925758361816406e+00,1.628136205673217773e+01
-3.410701081156730652e-02,-1.592825353145599365e-01,-4.124538898468017578e+00,1.628688001632690430e+01
-3.417523577809333801e-02,-1.593901962041854858e-01,-4.125552177429199219e+00,1.629141497611999512e+01
-3.420910239219665527e-02,-1.593878567218780518e-01,-4.126770019531250000e+00,1.629662799835205078e+01
-3.426028788089752197e-02,-1.594064235687255859e-01,-4.127873420715332031e+00,1.630133104324340820e+01
-3.422379866242408752e-02,-1.595612317323684692e-01,-4.129079818725585938e+00,1.630679297447204590e+01
-3.394970297813415527e-02,-1.618236005306243896e-01,-4.131763458251953125e+00,1.631129813194274902e+01
-3.391481563448905945e-02,-1.620613485574722290e-01,-4.132875919342041016e+00,1.631687498092651367e+01
-3.410121053457260132e-02,-1.620870083570480347e-01,-4.134194374084472656e+00,1.632149004936218262e+01
-3.419721499085426331e-02,-1.622406095266342163e-01,-4.135342597961425781e+00,1.632673096656799316e+01
-3.432794660329818726e-02,-1.623975485563278198e-01,-4.136476993560791016e+00,1.633143997192382812e+01
-3.449688106775283813e-02,-1.625093072652816772e-01,-4.137610435485839844e+00,1.633650112152099609e+01
-3.445417433977127075e-02,-1.611408740282058716e-01,-4.139834880828857422e+00,1.634146595001220703e+01
-3.457858040928840637e-02,-1.611539721488952637e-01,-4.141356468200683594e+00,1.634658813476562500e+01
-3.472073748707771301e-02,-1.611948609352111816e-01,-4.142930984497070312e+00,1.635149502754211426e+01
-3.498928993940353394e-02,-1.611168235540390015e-01,-4.144518852233886719e+00,1.635661101341247559e+01
-3.522571176290512085e-02,-1.610854417085647583e-01,-4.146224498748779297e+00,1.636174392700195312e+01
-3.548924624919891357e-02,-1.610272675752639771e-01,-4.148006439208984375e+00,1.636698007583618164e+01
-3.560380637645721436e-02,-1.610714048147201538e-01,-4.149720668792724609e+00,1.637144207954406738e+01
-3.500440344214439392e-02,-1.605106890201568604e-01,-4.149138927459716797e+00,1.637679600715637207e+01
-3.504927456378936768e-02,-1.605506390333175659e-01,-4.150618553161621094e+00,1.638138294219970703e+01
-3.496992215514183044e-02,-1.604055613279342651e-01,-4.151819705963134766e+00,1.638655400276184082e+01
-3.491253405809402466e-02,-1.603754609823226929e-01,-4.153149127960205078e+00,1.639134812355041504e+01
-3.481535613536834717e-02,-1.603377163410186768e-01,-4.154435157775878906e+00,1.639685606956481934e+01
-3.460684046149253845e-02,-1.605103760957717896e-01,-4.155583381652832031e+00,1.640153813362121582e+01
-3.436672315001487732e-02,-1.605932861566543579e-01,-4.156699657440185547e+00,1.640663409233093262e+01
-3.529718890786170959e-02,-1.623906493186950684e-01,-4.160315990447998047e+00,1.641158509254455566e+01
-3.520856425166130066e-02,-1.624868065118789673e-01,-4.161344528198242188e+00,1.641671395301818848e+01
-3.501573577523231506e-02,-1.626719683408737183e-01,-4.162365913391113281e+00,1.642153811454772949e+01
-3.480321168899536133e-02,-1.629078090190887451e-01,-4.163286685943603516e+00,1.642714309692382812e+01
-3.455905243754386902e-02,-1.631546169519424438e-01,-4.164130210876464844e+00,1.643174314498901367e+01
-3.423130139708518982e-02,-1.633497774600982666e-01,-4.165311336517333984e+00,1.643681907653808594e+01
-3.361447528004646301e-02,-1.624228805303573608e-01,-4.168406009674072266e+00,1.644155907630920410e+01
-3.320189937949180603e-02,-1.626241803169250488e-01,-4.169703006744384766e+00,1.644668197631835938e+01
-3.327307105064392090e-02,-1.626785248517990112e-01,-4.171626091003417969e+00,1.645170211791992188e+01
-3.310499340295791626e-02,-1.627869457006454468e-01,-4.173303127288818359e+00,1.645669603347778320e+01
-3.298461437225341797e-02,-1.628804951906204224e-01,-4.175079345703125000e+00,1.646171998977661133e+01
-3.285612538456916809e-02,-1.629609912633895874e-01,-4.177084445953369141e+00,1.646685004234313965e+01
-3.278108686208724976e-02,-1.630465984344482422e-01,-4.179171562194824219e+00,1.647170495986938477e+01
-3.341645374894142151e-02,-1.605081856250762939e-01,-4.177326679229736328e+00,1.647681808471679688e+01
-3.337850421667098999e-02,-1.604361534118652344e-01,-4.179253578186035156e+00,1.648167014122009277e+01
-3.339782729744911194e-02,-1.603327393531799316e-01,-4.181404590606689453e+00,1.648694205284118652e+01
-3.342940285801887512e-02,-1.602199375629425049e-01,-4.183649063110351562e+00,1.649175000190734863e+01
-3.330797702074050903e-02,-1.599522680044174194e-01,-4.185519695281982422e+00,1.649700307846069336e+01
-3.322674334049224854e-02,-1.597322076559066772e-01,-4.187562465667724609e+00,1.650180196762084961e+01
-3.310514613986015320e-02,-1.595008075237274170e-01,-4.189568519592285156e+00,1.650700902938842773e+01
-3.208606317639350891e-02,-1.600635945796966553e-01,-4.189874649047851562e+00,1.651165008544921875e+01
-3.208776190876960754e-02,-1.605534851551055908e-01,-4.189888954162597656e+00,1.651676106452941895e+01
-3.190930932760238647e-02,-1.604668498039245605e-01,-4.190644264221191406e+00,1.652183008193969727e+01
-3.174170106649398804e-02,-1.603878438472747803e-01,-4.191174030303955078e+00,1.652694797515869141e+01
-3.163133561611175537e-02,-1.603301316499710083e-01,-4.191968441009521484e+00,1.653176403045654297e+01
-3.152514994144439697e-02,-1.602657288312911987e-01,-4.192436218261718750e+00,1.653674101829528809e+01
-3.144076094031333923e-02,-1.602111607789993286e-01,-4.192800998687744141e+00,1.654161500930786133e+01
-3.250506147742271423e-02,-1.653071790933609009e-01,-4.198532104492187500e+00,1.654671192169189453e+01
-3.262325003743171692e-02,-1.656404137611389160e-01,-4.199593067169189453e+00,1.655164813995361328e+01
-3.279798477888107300e-02,-1.659928113222122192e-01,-4.200696468353271484e+00,1.655686807632446289e+01
-3.277932479977607727e-02,-1.662326753139495850e-01,-4.201976299285888672e+00,1.656212115287780762e+01
-3.283866867423057556e-02,-1.664020866155624390e-01,-4.203290462493896484e+00,1.656687211990356445e+01
-3.287346288561820984e-02,-1.665226668119430542e-01,-4.204693317413330078e+00,1.657186198234558105e+01
-3.281599655747413635e-02,-1.616021692752838135e-01,-4.205397129058837891e+00,1.657692694664001465e+01
-3.277551382780075073e-02,-1.614591181278228760e-01,-4.207108497619628906e+00,1.658186411857604980e+01
-3.272272273898124695e-02,-1.613208502531051636e-01,-4.208967685699462891e+00,1.658695411682128906e+01
-3.262629359960556030e-02,-1.610388159751892090e-01,-4.210605621337890625e+00,1.659211993217468262e+01
-3.252347931265830994e-02,-1.608233302831649780e-01,-4.212446212768554688e+00,1.659708595275878906e+01
-3.239896520972251892e-02,-1.605856418609619141e-01,-4.214331150054931641e+00,1.660661911964416504e+01
-3.225401416420936584e-02,-1.603284925222396851e-01,-4.216260910034179688e+00,1.660747599601745605e+01
-3.239714354276657104e-02,-1.614491939544677734e-01,-4.216873645782470703e+00,1.661198306083679199e+01
-3.227986767888069153e-02,-1.614279597997665405e-01,-4.218453884124755859e+00,1.661689901351928711e+01
-3.214712068438529968e-02,-1.614365130662918091e-01,-4.219996452331542969e+00,1.662210893630981445e+01
-3.201161324977874756e-02,-1.614439636468887329e-01,-4.221423625946044922e+00,1.662707495689392090e+01
-3.186604008078575134e-02,-1.614897400140762329e-01,-4.222850322723388672e+00,1.663211703300476074e+01
-3.170920535922050476e-02,-1.615457236766815186e-01,-4.224231243133544922e+00,1.663691401481628418e+01
-3.155953437089920044e-02,-1.615733355283737183e-01,-4.225532531738281250e+00,1.664181995391845703e+01
-3.214632347226142883e-02,-1.636255085468292236e-01,-4.228973865509033203e+00,1.664702415466308594e+01
-3.203064948320388794e-02,-1.637273132801055908e-01,-4.230295658111572266e+00,1.665202307701110840e+01
-3.207848966121673584e-02,-1.636983752250671387e-01,-4.231596946716308594e+00,1.665717792510986328e+01
-3.207059577107429504e-02,-1.637131869792938232e-01,-4.232828617095947266e+00,1.666206598281860352e+01
-3.208732232451438904e-02,-1.637170761823654175e-01,-4.234000682830810547e+00,1.666722607612609863e+01
-3.204281255602836609e-02,-1.637527346611022949e-01,-4.235375881195068359e+00,1.667193603515625000e+01
-3.160523623228073120e-02,-1.639045625925064087e-01,-4.236923694610595703e+00,1.667727208137512207e+01
-3.150137141346931458e-02,-1.640237420797348022e-01,-4.238380908966064453e+00,1.668193697929382324e+01
-3.141891956329345703e-02,-1.641800552606582642e-01,-4.239876270294189453e+00,1.668721103668212891e+01
-3.121802024543285370e-02,-1.642630100250244141e-01,-4.241776466369628906e+00,1.669193410873413086e+01
-3.106077760457992554e-02,-1.643787920475006104e-01,-4.243506431579589844e+00,1.669715809822082520e+01
-3.087041713297367096e-02,-1.645011901855468750e-01,-4.245290279388427734e+00,1.670191192626953125e+01
-3.072831965982913971e-02,-1.646610945463180542e-01,-4.247119903564453125e+00,1.670729708671569824e+01
-3.161418065428733826e-02,-1.629730910062789917e-01,-4.246417522430419922e+00,1.671204805374145508e+01
-3.160120919346809387e-02,-1.628744602203369141e-01,-4.248248577117919922e+00,1.671714997291564941e+01
-3.157040104269981384e-02,-1.628935188055038452e-01,-4.249737262725830078e+00,1.672202992439270020e+01
-3.154855966567993164e-02,-1.628391444683074951e-01,-4.251485824584960938e+00,1.672732305526733398e+01
-3.153479844331741333e-02,-1.627553403377532959e-01,-4.253263950347900391e+00,1.673214292526245117e+01
-3.178384527564048767e-02,-1.626769751310348511e-01,-4.254909038543701172e+00,1.673691606521606445e+01
-3.172935545444488525e-02,-1.649425327777862549e-01,-4.256985187530517578e+00,1.674214005470275879e+01
-3.205379471182823181e-02,-1.653023660182952881e-01,-4.258543968200683594e+00,1.674727892875671387e+01
-3.169931098818778992e-02,-1.652371585369110107e-01,-4.259670734405517578e+00,1.675214815139770508e+01
-3.167461976408958435e-02,-1.654226183891296387e-01,-4.260887145996093750e+00,1.675720500946044922e+01
-3.158238902688026428e-02,-1.655702292919158936e-01,-4.261999607086181641e+00,1.676226806640625000e+01
-3.171792998909950256e-02,-1.658001989126205444e-01,-4.263323783874511719e+00,1.676743698120117188e+01
-3.173618018627166748e-02,-1.660429686307907104e-01,-4.264464378356933594e+00,1.677214694023132324e+01
-3.171528130769729614e-02,-1.662582606077194214e-01,-4.268174171447753906e+00,1.677719593048095703e+01
-3.182300925254821777e-02,-1.665089875459671021e-01,-4.269529819488525391e+00,1.678213810920715332e+01
-3.204221650958061218e-02,-1.663285344839096069e-01,-4.271481037139892578e+00,1.678730297088623047e+01
-3.223542124032974243e-02,-1.663818657398223877e-01,-4.273141860961914062e+00,1.679213404655456543e+01
-3.244028240442276001e-02,-1.663984805345535278e-01,-4.274838447570800781e+00,1.679743313789367676e+01
-3.249740228056907654e-02,-1.664825081825256348e-01,-4.276562213897705078e+00,1.680206012725830078e+01
-3.260770812630653381e-02,-1.665516793727874756e-01,-4.278351306915283203e+00,1.680730795860290527e+01
-3.071307577192783356e-02,-1.648565679788589478e-01,-4.277451992034912109e+00,1.681226801872253418e+01
-3.079955652356147766e-02,-1.647717058658599854e-01,-4.279098033905029297e+00,1.681731414794921875e+01
-3.078818693757057190e-02,-1.648101508617401123e-01,-4.280835628509521484e+00,1.682231402397155762e+01
-3.079170361161231995e-02,-1.648136675357818604e-01,-4.282605171203613281e+00,1.682749509811401367e+01
-3.080555237829685211e-02,-1.649339795112609863e-01,-4.284344196319580078e+00,1.683232808113098145e+01
-3.083691000938415527e-02,-1.649986207485198975e-01,-4.286130428314208984e+00,1.683736300468444824e+01
-3.055807575583457947e-02,-1.655091196298599243e-01,-4.287443637847900391e+00,1.684234595298767090e+01
-3.039715439081192017e-02,-1.657002270221710205e-01,-4.289189338684082031e+00,1.684736013412475586e+01
-3.034454025328159332e-02,-1.659871041774749756e-01,-4.290972232818603516e+00,1.685249209403991699e+01
-3.027957677841186523e-02,-1.663232743740081787e-01,-4.292803764343261719e+00,1.685731792449951172e+01
-3.018145449459552765e-02,-1.666586548089981079e-01,-4.294668197631835938e+00,1.686261510848999023e+01
-3.022164106369018555e-02,-1.668604612350463867e-01,-4.296069145202636719e+00,1.686757302284240723e+01
-3.020497597754001617e-02,-1.672062277793884277e-01,-4.297662734985351562e+00,1.687247705459594727e+01
-3.106337040662765503e-02,-1.656268090009689331e-01,-4.299393177032470703e+00,1.687747001647949219e+01
-3.135925903916358948e-02,-1.659069657325744629e-01,-4.300772666931152344e+00,1.688248896598815918e+01
-3.159495815634727478e-02,-1.660034805536270142e-01,-4.302135467529296875e+00,1.688752698898315430e+01
-3.186837211251258850e-02,-1.661050617694854736e-01,-4.303407192230224609e+00,1.689249205589294434e+01
-3.174348175525665283e-02,-1.661207675933837891e-01,-4.304755210876464844e+00,1.689768910408020020e+01
-3.172765299677848816e-02,-1.661578565835952759e-01,-4.306026458740234375e+00,1.690249013900756836e+01
-3.163459524512290955e-02,-1.661736518144607544e-01,-4.307292461395263672e+00,1.690754699707031250e+01
-3.028067201375961304e-02,-1.659424304962158203e-01,-4.308778762817382812e+00,1.691246414184570312e+01
-3.014769591391086578e-02,-1.659776121377944946e-01,-4.310470581054687500e+00,1.691746592521667480e+01
-3.002719208598136902e-02,-1.660262793302536011e-01,-4.312272548675537109e+00,1.692238497734069824e+01
-2.969779819250106812e-02,-1.661524474620819092e-01,-4.314056396484375000e+00,1.692765712738037109e+01
-2.941972017288208008e-02,-1.662765890359878540e-01,-4.315963745117187500e+00,1.693257403373718262e+01
-2.909796684980392456e-02,-1.664152741432189941e-01,-4.317933082580566406e+00,1.693748211860656738e+01
-2.974013052880764008e-02,-1.654093861579895020e-01,-4.317448139190673828e+00,1.694275498390197754e+01
-2.984728850424289703e-02,-1.654196083545684814e-01,-4.319218158721923828e+00,1.694759893417358398e+01
-3.003413602709770203e-02,-1.654263585805892944e-01,-4.320950031280517578e+00,1.695257210731506348e+01
-3.032658994197845459e-02,-1.653904318809509277e-01,-4.322688102722167969e+00,1.695763492584228516e+01
-3.003593161702156067e-02,-1.654460877180099487e-01,-4.323763370513916016e+00,1.696282601356506348e+01
-3.006304986774921417e-02,-1.654073148965835571e-01,-4.325032234191894531e+00,1.696763515472412109e+01
-3.006259165704250336e-02,-1.653203815221786499e-01,-4.326191902160644531e+00,1.697256612777709961e+01
-3.080570325255393982e-02,-1.671063154935836792e-01,-4.329555988311767578e+00,1.697751808166503906e+01
-3.074737265706062317e-02,-1.669507920742034912e-01,-4.330662727355957031e+00,1.698247003555297852e+01
-3.065329231321811676e-02,-1.667533069849014282e-01,-4.331642150878906250e+00,1.698753213882446289e+01
-3.059296123683452606e-02,-1.671379506587982178e-01,-4.334283351898193359e+00,1.699260210990905762e+01
-3.045584261417388916e-02,-1.671133488416671753e-01,-4.335717201232910156e+00,1.699767208099365234e+01
-3.029915504157543182e-02,-1.670767068862915039e-01,-4.337191581726074219e+00,1.700663208961486816e+01
-3.020127303898334503e-02,-1.669848859310150146e-01,-4.338810920715332031e+00,1.700773501396179199e+01
-3.041080012917518616e-02,-1.671990603208541870e-01,-4.339293003082275391e+00,1.701263308525085449e+01
-3.034708090126514435e-02,-1.672178953886032104e-01,-4.340906620025634766e+00,1.701807308197021484e+01
-3.039121814072132111e-02,-1.672427505254745483e-01,-4.342628002166748047e+00,1.702249407768249512e+01
-3.039543703198432922e-02,-1.672754138708114624e-01,-4.344361305236816406e+00,1.702780199050903320e+01
-3.042736835777759552e-02,-1.672844737768173218e-01,-4.346163749694824219e+00,1.703275203704833984e+01
-3.048246540129184723e-02,-1.672707051038742065e-01,-4.348037242889404297e+00,1.703780508041381836e+01
-2.994060330092906952e-02,-1.662403345108032227e-01,-4.348393440246582031e+00,1.704264211654663086e+01
-2.987923286855220795e-02,-1.661909967660903931e-01,-4.350127220153808594e+00,1.704769015312194824e+01
-2.979598380625247955e-02,-1.661191135644912720e-01,-4.351863384246826172e+00,1.705263996124267578e+01
-2.988887019455432892e-02,-1.660127043724060059e-01,-4.353150844573974609e+00,1.705765604972839355e+01
-2.988865785300731659e-02,-1.659570485353469849e-01,-4.354629993438720703e+00,1.706289315223693848e+01
-2.991744689643383026e-02,-1.658840924501419067e-01,-4.356076717376708984e+00,1.706778812408447266e+01
-3.013465553522109985e-02,-1.658892929553985596e-01,-4.357584953308105469e+00,1.707263612747192383e+01
-3.205356001853942871e-02,-1.688014119863510132e-01,-4.360607624053955078e+00,1.707776403427124023e+01
-3.252977877855300903e-02,-1.689737737178802490e-01,-4.362086772918701172e+00,1.708261013031005859e+01
-3.239778429269790649e-02,-1.690455079078674316e-01,-4.363467216491699219e+00,1.708776211738586426e+01
-3.256827592849731445e-02,-1.691811233758926392e-01,-4.364843845367431641e+00,1.709261202812194824e+01
-3.268453106284141541e-02,-1.693162173032760620e-01,-4.366185188293457031e+00,1.709776496887207031e+01
-3.296088799834251404e-02,-1.693554669618606567e-01,-4.367711544036865234e+00,1.710259604454040527e+01
-3.315753489732742310e-02,-1.694464385509490967e-01,-4.369151115417480469e+00,1.710776710510253906e+01
-3.254271671175956726e-02,-1.681838482618331909e-01,-4.370034217834472656e+00,1.711261296272277832e+01
-3.280062228441238403e-02,-1.681237667798995972e-01,-4.371512889862060547e+00,1.711792707443237305e+01
-3.277178481221199036e-02,-1.681034415960311890e-01,-4.373497009277343750e+00,1.712260603904724121e+01
-3.289111331105232239e-02,-1.680990755558013916e-01,-4.375274181365966797e+00,1.712809705734252930e+01
-3.302375972270965576e-02,-1.681008338928222656e-01,-4.377172470092773438e+00,1.713293695449829102e+01
-3.330888226628303528e-02,-1.679828763008117676e-01,-4.379099369049072266e+00,1.713783907890319824e+01
-3.186583518981933594e-02,-1.680331826210021973e-01,-4.377571582794189453e+00,1.714300704002380371e+01
-3.206471726298332214e-02,-1.680967062711715698e-01,-4.379237174987792969e+00,1.714793801307678223e+01
-3.215507790446281433e-02,-1.680707335472106934e-01,-4.380566120147705078e+00,1.715293693542480469e+01
-3.231374919414520264e-02,-1.680814474821090698e-01,-4.382080554962158203e+00,1.715798497200012207e+01
-3.247809410095214844e-02,-1.680806279182434082e-01,-4.383586406707763672e+00,1.716316294670104980e+01
-3.271003812551498413e-02,-1.681190133094787598e-01,-4.384944915771484375e+00,1.716800212860107422e+01
-3.292683139443397522e-02,-1.681229323148727417e-01,-4.386308670043945312e+00,1.717292308807373047e+01
-3.183611109852790833e-02,-1.690747290849685669e-01,-4.390338420867919922e+00,1.717794108390808105e+01
-3.162724152207374573e-02,-1.690769642591476440e-01,-4.391824245452880859e+00,1.718298411369323730e+01
-3.157409653067588806e-02,-1.691339313983917236e-01,-4.393252372741699219e+00,1.718796515464782715e+01
-3.148753568530082703e-02,-1.691420525312423706e-01,-4.394687652587890625e+00,1.719300413131713867e+01
-3.174353390932083130e-02,-1.690932214260101318e-01,-4.396175861358642578e+00,1.719809699058532715e+01
-3.188328444957733154e-02,-1.690901815891265869e-01,-4.397593021392822266e+00,1.720299315452575684e+01
-3.208056464791297913e-02,-1.690897494554519653e-01,-4.399004459381103516e+00,1.720810914039611816e+01
-3.311427310109138489e-02,-1.702298671007156372e-01,-4.401182651519775391e+00,1.721307492256164551e+01
-3.324822708964347839e-02,-1.700915843248367310e-01,-4.402755737304687500e+00,1.721810197830200195e+01
-3.358112275600433350e-02,-1.701027899980545044e-01,-4.404227733612060547e+00,1.722312211990356445e+01
-3.391192480921745300e-02,-1.700862199068069458e-01,-4.405673027038574219e+00,1.722822809219360352e+01
-3.412990644574165344e-02,-1.700742542743682861e-01,-4.407283782958984375e+00,1.723308992385864258e+01
-3.438004478812217712e-02,-1.700582653284072876e-01,-4.408874511718750000e+00,1.723810911178588867e+01
-3.212965652346611023e-02,-1.696290522813796997e-01,-4.410080909729003906e+00,1.724312400817871094e+01
-3.212294727563858032e-02,-1.695964634418487549e-01,-4.411834716796875000e+00,1.724810600280761719e+01
-3.209372982382774353e-02,-1.696078032255172729e-01,-4.413672447204589844e+00,1.725306797027587891e+01
-3.204039856791496277e-02,-1.695972979068756104e-01,-4.415546894073486328e+00,1.725832509994506836e+01
-3.194984793663024902e-02,-1.695807725191116333e-01,-4.417405128479003906e+00,1.726340198516845703e+01
-3.184248507022857666e-02,-1.695706844329833984e-01,-4.419318199157714844e+00,1.726823711395263672e+01
-3.171657025814056396e-02,-1.695598512887954712e-01,-4.421259880065917969e+00,1.727307915687561035e+01
-3.165297955274581909e-02,-1.686957329511642456e-01,-4.420652389526367188e+00,1.727810811996459961e+01
-3.154692053794860840e-02,-1.686475425958633423e-01,-4.422236442565917969e+00,1.728324413299560547e+01
-3.141005337238311768e-02,-1.684878021478652954e-01,-4.423747539520263672e+00,1.728826594352722168e+01
-3.127711638808250427e-02,-1.683136969804763794e-01,-4.425255775451660156e+00,1.729333996772766113e+01
-3.135382384061813354e-02,-1.686037629842758179e-01,-4.426626682281494141e+00,1.729821014404296875e+01
-3.136767819523811340e-02,-1.687483489513397217e-01,-4.427996158599853516e+00,1.730322194099426270e+01
-3.213445469737052917e-02,-1.716306507587432861e-01,-4.430674552917480469e+00,1.730823898315429688e+01
-3.221909701824188232e-02,-1.716715693473815918e-01,-4.432453632354736328e+00,1.731308293342590332e+01
-3.235897794365882874e-02,-1.718823015689849854e-01,-4.434019565582275391e+00,1.731820392608642578e+01
-3.251181915402412415e-02,-1.720855087041854858e-01,-4.435558795928955078e+00,1.732324814796447754e+01
-3.293213993310928345e-02,-1.724111586809158325e-01,-4.436993598937988281e+00,1.732856106758117676e+01
-3.333223983645439148e-02,-1.726945042610168457e-01,-4.438459873199462891e+00,1.733339095115661621e+01
-3.381757065653800964e-02,-1.729862838983535767e-01,-4.439910411834716797e+00,1.733822703361511230e+01
-3.282688930630683899e-02,-1.700456291437149048e-01,-4.439628124237060547e+00,1.734326505661010742e+01
-3.303726762533187866e-02,-1.699529439210891724e-01,-4.441030025482177734e+00,1.734838104248046875e+01
-3.321464732289314270e-02,-1.698381155729293823e-01,-4.442430019378662109e+00,1.735323309898376465e+01
-3.320399299263954163e-02,-1.699952781200408936e-01,-4.444079399108886719e+00,1.735837292671203613e+01
-3.320183604955673218e-02,-1.700659543275833130e-01,-4.445678710937500000e+00,1.736347198486328125e+01
-3.312726691365242004e-02,-1.701803058385848999e-01,-4.447329044342041016e+00,1.736839413642883301e+01
-3.299312666058540344e-02,-1.700625270605087280e-01,-4.448877334594726562e+00,1.737326693534851074e+01
-3.363954648375511169e-02,-1.704217046499252319e-01,-4.450587272644042969e+00,1.737853908538818359e+01
-3.345200791954994202e-02,-1.702707260847091675e-01,-4.452240467071533203e+00,1.738337707519531250e+01
-3.322488069534301758e-02,-1.701335012912750244e-01,-4.453923702239990234e+00,1.738838505744934082e+01
-3.335060179233551025e-02,-1.705042868852615356e-01,-4.455099105834960938e+00,1.739358305931091309e+01
-3.317264840006828308e-02,-1.705684363842010498e-01,-4.456461906433105469e+00,1.739844608306884766e+01
-3.301634266972541809e-02,-1.706874668598175049e-01,-4.457782268524169922e+00,1.740666413307189941e+01
-3.305884450674057007e-02,-1.705595701932907104e-01,-4.458998680114746094e+00,1.740841507911682129e+01
-3.371331468224525452e-02,-1.721662580966949463e-01,-4.461394786834716797e+00,1.741341495513916016e+01
-3.390343487262725830e-02,-1.722646504640579224e-01,-4.462517738342285156e+00,1.741882896423339844e+01
-3.385252133011817932e-02,-1.721979081630706787e-01,-4.464060783386230469e+00,1.742344212532043457e+01
-3.395916521549224854e-02,-1.722253859043121338e-01,-4.465335369110107422e+00,1.742869710922241211e+01
-3.406429290771484375e-02,-1.722575724124908447e-01,-4.466604232788085938e+00,1.743340897560119629e+01
-3.429640084505081177e-02,-1.723697781562805176e-01,-4.468101024627685547e+00,1.743840003013610840e+01
-3.411336243152618408e-02,-1.721502393484115601e-01,-4.471129894256591797e+00,1.744344902038574219e+01
-3.437412530183792114e-02,-1.721795499324798584e-01,-4.472969055175781250e+00,1.744851493835449219e+01
-3.445667028427124023e-02,-1.720078438520431519e-01,-4.474644184112548828e+00,1.745338892936706543e+01
-3.464774414896965027e-02,-1.719179749488830566e-01,-4.476478576660156250e+00,1.745845603942871094e+01
-3.483526408672332764e-02,-1.718057543039321899e-01,-4.478342056274414062e+00,1.746360015869140625e+01
-3.501892462372779846e-02,-1.716614961624145508e-01,-4.480231285095214844e+00,1.746858501434326172e+01
-3.507323190569877625e-02,-1.718639880418777466e-01,-4.481985569000244141e+00,1.747357296943664551e+01
-3.390691056847572327e-02,-1.727171242237091064e-01,-4.481585502624511719e+00,1.747884607315063477e+01
-3.386231884360313416e-02,-1.729226857423782349e-01,-4.483202457427978516e+00,1.748351192474365234e+01
-3.409898653626441956e-02,-1.728385686874389648e-01,-4.484448432922363281e+00,1.748853802680969238e+01
-3.416217118501663208e-02,-1.729019731283187866e-01,-4.485846996307373047e+00,1.749363708496093750e+01
-3.427590802311897278e-02,-1.729581356048583984e-01,-4.487211227416992188e+00,1.749857902526855469e+01
-3.409023955464363098e-02,-1.731028258800506592e-01,-4.488380432128906250e+00,1.750360894203186035e+01
-3.398040309548377991e-02,-1.731747686862945557e-01,-4.489531993865966797e+00,1.750859212875366211e+01
-3.210536763072013855e-02,-1.729564666748046875e-01,-4.491282463073730469e+00,1.751357102394104004e+01
-3.190361335873603821e-02,-1.729567199945449829e-01,-4.492575168609619141e+00,1.751852297782897949e+01
-3.154645487666130066e-02,-1.729339510202407837e-01,-4.493721961975097656e+00,1.752354812622070312e+01
-3.116431087255477905e-02,-1.729075163602828979e-01,-4.494832038879394531e+00,1.752887892723083496e+01
-3.094987943768501282e-02,-1.729162782430648804e-01,-4.496137142181396484e+00,1.753369712829589844e+01
-3.068261034786701202e-02,-1.729030907154083252e-01,-4.497381210327148438e+00,1.753870892524719238e+01
-3.336216881871223450e-02,-1.734931021928787231e-01,-4.500589847564697266e+00,1.754370594024658203e+01
-3.333841636776924133e-02,-1.735155433416366577e-01,-4.502360343933105469e+00,1.754885196685791016e+01
-3.337699919939041138e-02,-1.735553890466690063e-01,-4.504076480865478516e+00,1.755364894866943359e+01
-3.344432637095451355e-02,-1.736454963684082031e-01,-4.505859851837158203e+00,1.755869007110595703e+01
-3.353127092123031616e-02,-1.737615615129470825e-01,-4.507716655731201172e+00,1.756384611129760742e+01
-3.355434164404869080e-02,-1.737270802259445190e-01,-4.509577274322509766e+00,1.756871414184570312e+01
-3.362365812063217163e-02,-1.737777739763259888e-01,-4.511548995971679688e+00,1.757369112968444824e+01
-3.361222520470619202e-02,-1.739497780799865723e-01,-4.512450695037841797e+00,1.757871103286743164e+01
-3.370249643921852112e-02,-1.740305274724960327e-01,-4.513782501220703125e+00,1.758371400833129883e+01
-3.381603956222534180e-02,-1.740369051694869995e-01,-4.515445232391357422e+00,1.758871197700500488e+01
-3.393741324543952942e-02,-1.740183681249618530e-01,-4.517055988311767578e+00,1.759396004676818848e+01
-3.400718420743942261e-02,-1.739665567874908447e-01,-4.518399715423583984e+00,1.759885215759277344e+01
-3.408750146627426147e-02,-1.739355176687240601e-01,-4.519723415374755859e+00,1.760367894172668457e+01
-3.416525200009346008e-02,-1.739051192998886108e-01,-4.520951747894287109e+00,1.760891103744506836e+01
-3.426378220319747925e-02,-1.764721572399139404e-01,-4.523250102996826172e+00,1.761377906799316406e+01
-3.431482613086700439e-02,-1.767628937959671021e-01,-4.524548530578613281e+00,1.761909008026123047e+01
-3.435937687754631042e-02,-1.770647019147872925e-01,-4.525827407836914062e+00,1.762381696701049805e+01
-3.454690799117088318e-02,-1.772933006286621094e-01,-4.527301788330078125e+00,1.762898707389831543e+01
-3.469320759177207947e-02,-1.775399595499038696e-01,-4.528710842132568359e+00,1.763381910324096680e+01
-3.487832471728324890e-02,-1.777570843696594238e-01,-4.530172824859619141e+00,1.763878202438354492e+01
-3.480367735028266907e-02,-1.754945665597915649e-01,-4.530918598175048828e+00,1.764384508132934570e+01
-3.477515280246734619e-02,-1.755520254373550415e-01,-4.532584190368652344e+00,1.764885115623474121e+01
-3.490852192044258118e-02,-1.756084114313125610e-01,-4.534214973449707031e+00,1.765382695198059082e+01
-3.503803908824920654e-02,-1.756416261196136475e-01,-4.535917758941650391e+00,1.765885806083679199e+01
-3.516345098614692688e-02,-1.755996793508529663e-01,-4.537702083587646484e+00,1.766395807266235352e+01
-3.528588265180587769e-02,-1.755609661340713501e-01,-4.539554119110107422e+00,1.766887402534484863e+01
-3.540122509002685547e-02,-1.754874289035797119e-01,-4.541479110717773438e+00,1.767380595207214355e+01
-3.373746573925018311e-02,-1.742288768291473389e-01,-4.541697978973388672e+00,1.767883110046386719e+01
-3.370726481080055237e-02,-1.741672903299331665e-01,-4.543514728546142578e+00,1.768393707275390625e+01
-3.364105895161628723e-02,-1.741062849760055542e-01,-4.545310020446777344e+00,1.768898701667785645e+01
-3.372741118073463440e-02,-1.738687902688980103e-01,-4.546791553497314453e+00,1.769405198097229004e+01
-3.376596793532371521e-02,-1.737228035926818848e-01,-4.548354625701904297e+00,1.769903302192687988e+01
-3.384412825107574463e-02,-1.735324859619140625e-01,-4.549873352050781250e+00,1.770397305488586426e+01
-3.456824272871017456e-02,-1.759142130613327026e-01,-4.551434040069580078e+00,1.770892810821533203e+01
-3.476382791996002197e-02,-1.758217513561248779e-01,-4.552814483642578125e+00,1.771394801139831543e+01
-3.497897833585739136e-02,-1.757067143917083740e-01,-4.554154396057128906e+00,1.771899104118347168e+01
-3.492582589387893677e-02,-1.755967736244201660e-01,-4.556063652038574219e+00,1.772422099113464355e+01
-3.513681143522262573e-02,-1.754910051822662354e-01,-4.557588577270507812e+00,1.772917294502258301e+01
-3.533908352255821228e-02,-1.753737032413482666e-01,-4.559107303619384766e+00,1.773416805267333984e+01
-3.554249182343482971e-02,-1.752420812845230103e-01,-4.560612201690673828e+00,1.773910713195800781e+01
-3.551227599382400513e-02,-1.771064847707748413e-01,-4.562366962432861328e+00,1.774398612976074219e+01
-3.565344214439392090e-02,-1.772598475217819214e-01,-4.563660144805908203e+00,1.774911212921142578e+01
-3.577993065118789673e-02,-1.773849576711654663e-01,-4.564892292022705078e+00,1.775408196449279785e+01
-3.586792945861816406e-02,-1.774430721998214722e-01,-4.566305160522460938e+00,1.775914192199707031e+01
-3.594689443707466125e-02,-1.775509864091873169e-01,-4.567598342895507812e+00,1.776422309875488281e+01
-3.600944578647613525e-02,-1.776655912399291992e-01,-4.568882942199707031e+00,1.776911997795104980e+01
-3.620228916406631470e-02,-1.778328865766525269e-01,-4.570303916931152344e+00,1.777409410476684570e+01
-3.497800976037979126e-02,-1.763760596513748169e-01,-4.572050571441650391e+00,1.777915596961975098e+01
-3.514361754059791565e-02,-1.764151901006698608e-01,-4.573593616485595703e+00,1.778401303291320801e+01
-3.518929332494735718e-02,-1.766735613346099854e-01,-4.575276374816894531e+00,1.778911995887756348e+01
-3.530275821685791016e-02,-1.768647432327270508e-01,-4.576939105987548828e+00,1.779431295394897461e+01
-3.541241213679313660e-02,-1.771194487810134888e-01,-4.578630447387695312e+00,1.779928803443908691e+01
-3.571798652410507202e-02,-1.772209703922271729e-01,-4.580301761627197266e+00,1.780717802047729492e+01
-3.599521517753601074e-02,-1.773803532123565674e-01,-4.582040786743164062e+00,1.780909609794616699e+01
-3.551961854100227356e-02,-1.750920861959457397e-01,-4.583129405975341797e+00,1.781409192085266113e+01
-3.602582961320877075e-02,-1.748877763748168945e-01,-4.585001468658447266e+00,1.781928110122680664e+01
-3.584400936961174011e-02,-1.751877069473266602e-01,-4.586395740509033203e+00,1.782417011260986328e+01
-3.600450232625007629e-02,-1.751762479543685913e-01,-4.588037014007568359e+00,1.782936000823974609e+01
-3.612583875656127930e-02,-1.752013266086578369e-01,-4.589648723602294922e+00,1.783422708511352539e+01
-3.625333309173583984e-02,-1.749346703290939331e-01,-4.591215610504150391e+00,1.783928608894348145e+01
-3.552628308534622192e-02,-1.761205941438674927e-01,-4.593122959136962891e+00,1.784413599967956543e+01
-3.557992726564407349e-02,-1.759851872920989990e-01,-4.594704151153564453e+00,1.784924912452697754e+01
-3.566149622201919556e-02,-1.761478334665298462e-01,-4.596368312835693359e+00,1.785411405563354492e+01
-3.568419814109802246e-02,-1.761677563190460205e-01,-4.597973823547363281e+00,1.785929203033447266e+01
-3.568241745233535767e-02,-1.762156337499618530e-01,-4.599580287933349609e+00,1.786417198181152344e+01
-3.590558096766471863e-02,-1.761581450700759888e-01,-4.601282596588134766e+00,1.786924195289611816e+01
-3.445419296622276306e-02,-1.768845468759536743e-01,-4.601882457733154297e+00,1.787410306930541992e+01
-3.460562601685523987e-02,-1.768529415130615234e-01,-4.603482723236083984e+00,1.787928700447082520e+01
-3.447927162051200867e-02,-1.769469529390335083e-01,-4.604982376098632812e+00,1.788416695594787598e+01
-3.450749069452285767e-02,-1.769489645957946777e-01,-4.606515884399414062e+00,1.788939213752746582e+01
-3.452315926551818848e-02,-1.769642680883407593e-01,-4.608020782470703125e+00,1.789445304870605469e+01
-3.458382561802864075e-02,-1.770400404930114746e-01,-4.609510898590087891e+00,1.789959597587585449e+01
-3.461991623044013977e-02,-1.770961284637451172e-01,-4.610997676849365234e+00,1.790428209304809570e+01
-3.408548235893249512e-02,-1.774482578039169312e-01,-4.612329959869384766e+00,1.790939998626708984e+01
-3.410356864333152771e-02,-1.775616109371185303e-01,-4.613833427429199219e+00,1.791427993774414062e+01
-3.411618247628211975e-02,-1.774633228778839111e-01,-4.615234851837158203e+00,1.791938710212707520e+01
-3.415083140134811401e-02,-1.774729937314987183e-01,-4.616685867309570312e+00,1.792429900169372559e+01
-3.419854491949081421e-02,-1.774843186140060425e-01,-4.618118762969970703e+00,1.792959499359130859e+01
-3.435378894209861755e-02,-1.777147650718688965e-01,-4.619510173797607422e+00,1.793430113792419434e+01
-3.449373692274093628e-02,-1.778743416070938110e-01,-4.620890140533447266e+00,1.793952608108520508e+01
-3.459342196583747864e-02,-1.776366978883743286e-01,-4.623002052307128906e+00,1.794428300857543945e+01
-3.492326661944389343e-02,-1.775712370872497559e-01,-4.624542713165283203e+00,1.794940900802612305e+01
-3.525485470890998840e-02,-1.775467097759246826e-01,-4.626072406768798828e+00,1.795443296432495117e+01
-3.563801571726799011e-02,-1.775152683258056641e-01,-4.627598285675048828e+00,1.795945215225219727e+01
-3.573060035705566406e-02,-1.775430589914321899e-01,-4.629080772399902344e+00,1.796443009376525879e+01
-3.591953217983245850e-02,-1.775263249874114990e-01,-4.630579471588134766e+00,1.796939992904663086e+01
-3.420870006084442139e-02,-1.784320026636123657e-01,-4.631011009216308594e+00,1.797442913055419922e+01
-3.418553620576858521e-02,-1.785931140184402466e-01,-4.632555961608886719e+00,1.797950601577758789e+01
-3.408163785934448242e-02,-1.787606030702590942e-01,-4.634007453918457031e+00,1.798446798324584961e+01
-3.395162522792816162e-02,-1.789046674966812134e-01,-4.635471820831298828e+00,1.798945808410644531e+01
-3.378853574395179749e-02,-1.790459901094436646e-01,-4.636961460113525391e+00,1.799469709396362305e+01
-3.352126106619834900e-02,-1.792515367269515991e-01,-4.638384819030761719e+00,1.799960398674011230e+01
-3.324148431420326233e-02,-1.794714182615280151e-01,-4.639858722686767578e+00,1.800444102287292480e+01
-3.370352461934089661e-02,-1.779598295688629150e-01,-4.641578674316406250e+00,1.800944304466247559e+01
-3.391639515757560730e-02,-1.777826249599456787e-01,-4.643317699432373047e+00,1.801451992988586426e+01
-3.387421742081642151e-02,-1.777116060256958008e-01,-4.644983291625976562e+00,1.801958513259887695e+01
-3.387688100337982178e-02,-1.776323765516281128e-01,-4.646727561950683594e+00,1.802456307411193848e+01
-3.372719883918762207e-02,-1.777419894933700562e-01,-4.648424148559570312e+00,1.802976107597351074e+01
-3.364649787545204163e-02,-1.778040379285812378e-01,-4.650156497955322266e+00,1.803459405899047852e+01
-3.356919437646865845e-02,-1.778852641582489014e-01,-4.651907920837402344e+00,1.803956794738769531e+01
-3.344231843948364258e-02,-1.788516342639923096e-01,-4.651263713836669922e+00,1.804458308219909668e+01
-3.342330083250999451e-02,-1.788894087076187134e-01,-4.652437686920166016e+00,1.804959797859191895e+01
-3.342607244849205017e-02,-1.788910627365112305e-01,-4.653531074523925781e+00,1.805460596084594727e+01
-3.333231806755065918e-02,-1.790705770254135132e-01,-4.654836654663085938e+00,1.805958795547485352e+01
-3.328098356723785400e-02,-1.791912764310836792e-01,-4.656003475189208984e+00,1.806470513343811035e+01
-3.321378305554389954e-02,-1.793301701545715332e-01,-4.657163619995117188e+00,1.806959414482116699e+01
-3.429806232452392578e-02,-1.784109324216842651e-01,-4.659529685974121094e+00,1.807455897331237793e+01
-3.480947762727737427e-02,-1.787611842155456543e-01,-4.662392616271972656e+00,1.807959413528442383e+01
-3.515518084168434143e-02,-1.785785108804702759e-01,-4.663925647735595703e+00,1.808466100692749023e+01
-3.555019199848175049e-02,-1.783677488565444946e-01,-4.665503978729248047e+00,1.808970499038696289e+01
-3.576469793915748596e-02,-1.782277673482894897e-01,-4.667066097259521484e+00,1.809480404853820801e+01
-3.604894876480102539e-02,-1.781074851751327515e-01,-4.668708801269531250e+00,1.809970808029174805e+01
-3.632260113954544067e-02,-1.779470890760421753e-01,-4.670418739318847656e+00,1.810469603538513184e+01
-3.382702916860580444e-02,-1.799558550119400024e-01,-4.671445369720458984e+00,1.810985398292541504e+01
-3.380726277828216553e-02,-1.799727082252502441e-01,-4.673106193542480469e+00,1.811469101905822754e+01
-3.376245498657226562e-02,-1.799710541963577271e-01,-4.674762725830078125e+00,1.811970305442810059e+01
-3.350500389933586121e-02,-1.801294237375259399e-01,-4.676098346710205078e+00,1.812469911575317383e+01
-3.329851105809211731e-02,-1.802182644605636597e-01,-4.677561759948730469e+00,1.812997508049011230e+01
-3.304590284824371338e-02,-1.803084611892700195e-01,-4.678999423980712891e+00,1.813469815254211426e+01
-3.297406435012817383e-02,-1.802949458360671997e-01,-4.680417537689208984e+00,1.813967895507812500e+01
-3.315680846571922302e-02,-1.810236424207687378e-01,-4.681754112243652344e+00,1.814471101760864258e+01
-3.307326138019561768e-02,-1.811113953590393066e-01,-4.682984828948974609e+00,1.814975309371948242e+01
-3.316422551870346069e-02,-1.812547445297241211e-01,-4.684458255767822266e+00,1.815481710433959961e+01
-3.322402015328407288e-02,-1.813430637121200562e-01,-4.685804367065429688e+00,1.815990900993347168e+01
-3.332502767443656921e-02,-1.814412623643875122e-01,-4.687143802642822266e+00,1.816496801376342773e+01
-3.346907347440719604e-02,-1.815430521965026855e-01,-4.688477993011474609e+00,1.816986608505249023e+01
-3.294331580400466919e-02,-1.811722517013549805e-01,-4.690095901489257812e+00,1.817484593391418457e+01
-3.285917639732360840e-02,-1.811945140361785889e-01,-4.691586017608642578e+00,1.817987012863159180e+01
-3.275713324546813965e-02,-1.812097281217575073e-01,-4.693110942840576172e+00,1.818478894233703613e+01
-3.260435909032821655e-02,-1.813470572233200073e-01,-4.694706439971923828e+00,1.818986606597900391e+01
-3.244331106543540955e-02,-1.814113706350326538e-01,-4.696322441101074219e+00,1.819514203071594238e+01
-3.225928172469139099e-02,-1.814730316400527954e-01,-4.697975635528564453e+00,1.820000195503234863e+01
-3.223754093050956726e-02,-1.815006136894226074e-01,-4.699630737304687500e+00,1.820656704902648926e+01
-3.275922313332557678e-02,-1.807174235582351685e-01,-4.700479507446289062e+00,1.820975995063781738e+01
-3.282523900270462036e-02,-1.807860136032104492e-01,-4.702155113220214844e+00,1.821466803550720215e+01
-3.281790018081665039e-02,-1.808264851570129395e-01,-4.703454971313476562e+00,1.821999812126159668e+01
-3.287700563669204712e-02,-1.809150576591491699e-01,-4.704951763153076172e+00,1.822497892379760742e+01
-3.294018656015396118e-02,-1.809963583946228027e-01,-4.706422328948974609e+00,1.823004293441772461e+01
-3.312136605381965637e-02,-1.810879111289978027e-01,-4.707845687866210938e+00,1.823496103286743164e+01
-3.329458087682723999e-02,-1.811741739511489868e-01,-4.709212779998779297e+00,1.823998403549194336e+01
-3.391645103693008423e-02,-1.819519400596618652e-01,-4.711677074432373047e+00,1.824491000175476074e+01
-3.429239988327026367e-02,-1.820734441280364990e-01,-4.712990760803222656e+00,1.824992609024047852e+01
-3.432011604309082031e-02,-1.822367012500762939e-01,-4.714734077453613281e+00,1.825497913360595703e+01
-3.455929458141326904e-02,-1.823947876691818237e-01,-4.716209888458251953e+00,1.826000595092773438e+01
-3.477545455098152161e-02,-1.825822591781616211e-01,-4.717692852020263672e+00,1.826503896713256836e+01
-3.484026342630386353e-02,-1.827683597803115845e-01,-4.719252586364746094e+00,1.826995205879211426e+01
-3.292718529701232910e-02,-1.809573918581008911e-01,-4.719396591186523438e+00,1.827496194839477539e+01
-3.271470218896865845e-02,-1.807969957590103149e-01,-4.720793247222900391e+00,1.827991914749145508e+01
-3.283062949776649475e-02,-1.808177828788757324e-01,-4.722244262695312500e+00,1.828490114212036133e+01
-3.275065124034881592e-02,-1.807359009981155396e-01,-4.723684310913085938e+00,1.829002594947814941e+01
-3.267699107527732849e-02,-1.806607395410537720e-01,-4.725128650665283203e+00,1.829517197608947754e+01
-3.262049332261085510e-02,-1.805074512958526611e-01,-4.726558685302734375e+00,1.830005311965942383e+01
-3.257289901375770569e-02,-1.803812086582183838e-01,-4.728012561798095703e+00,1.830502009391784668e+01
-3.224549070000648499e-02,-1.820154786109924316e-01,-4.730036735534667969e+00,1.831010794639587402e+01
-3.217126429080963135e-02,-1.821577548980712891e-01,-4.731638431549072266e+00,1.831507897377014160e+01
-3.211009129881858826e-02,-1.822619140148162842e-01,-4.733215808868408203e+00,1.832016611099243164e+01
-3.204954043030738831e-02,-1.824152618646621704e-01,-4.734808921813964844e+00,1.832498192787170410e+01
-3.186891973018646240e-02,-1.824621856212615967e-01,-4.736308097839355469e+00,1.833035898208618164e+01
-3.170900046825408936e-02,-1.825693100690841675e-01,-4.737845420837402344e+00,1.833515906333923340e+01
-3.150811418890953064e-02,-1.826812475919723511e-01,-4.739359378814697266e+00,1.834005403518676758e+01
-3.124719858169555664e-02,-1.822103112936019897e-01,-4.740806579589843750e+00,1.834499096870422363e+01
-3.136099874973297119e-02,-1.823379844427108765e-01,-4.742136478424072266e+00,1.835004711151123047e+01
-3.125377744436264038e-02,-1.823313534259796143e-01,-4.743533134460449219e+00,1.835507893562316895e+01
-3.117390908300876617e-02,-1.823390871286392212e-01,-4.744905948638916016e+00,1.836022806167602539e+01
-3.107810579240322113e-02,-1.823301166296005249e-01,-4.746315479278564453e+00,1.836524796485900879e+01
-3.100805170834064484e-02,-1.823206841945648193e-01,-4.747676849365234375e+00,1.837001705169677734e+01
-3.094616346061229706e-02,-1.823218762874603271e-01,-4.749018669128417969e+00,1.837518906593322754e+01
-3.189753741025924683e-02,-1.834253668785095215e-01,-4.751270294189453125e+00,1.838024592399597168e+01
-3.192360699176788330e-02,-1.834389567375183105e-01,-4.752664566040039062e+00,1.838501214981079102e+01
-3.195665031671524048e-02,-1.834516823291778564e-01,-4.754037380218505859e+00,1.839024901390075684e+01
-3.136914223432540894e-02,-1.832176893949508667e-01,-4.756035327911376953e+00,1.839532709121704102e+01
-3.117620013654232025e-02,-1.832019090652465820e-01,-4.757605075836181641e+00,1.840030503273010254e+01
-3.095360100269317627e-02,-1.830720603466033936e-01,-4.759269714355468750e+00,1.840520405769348145e+01
-3.186237439513206482e-02,-1.828777492046356201e-01,-4.760477066040039062e+00,1.841024208068847656e+01
-3.177217766642570496e-02,-1.827930808067321777e-01,-4.762071609497070312e+00,1.841527009010314941e+01
-3.170105442404747009e-02,-1.827325075864791870e-01,-4.763689517974853516e+00,1.842030906677246094e+01
-3.164723888039588928e-02,-1.827110946178436279e-01,-4.765326499938964844e+00,1.842531514167785645e+01
-3.147413581609725952e-02,-1.824815422296524048e-01,-4.766658782958984375e+00,1.843039107322692871e+01
-3.134891390800476074e-02,-1.823430508375167847e-01,-4.768135547637939453e+00,1.843531799316406250e+01
-3.121083229780197144e-02,-1.822026371955871582e-01,-4.769561767578125000e+00,1.844031000137329102e+01
-3.153102099895477295e-02,-1.845313459634780884e-01,-4.770606040954589844e+00,1.844534397125244141e+01
-3.138664737343788147e-02,-1.846352219581604004e-01,-4.771918773651123047e+00,1.845030403137207031e+01
-3.122313134372234344e-02,-1.847661882638931274e-01,-4.773211479187011719e+00,1.845529699325561523e+01
-3.119891509413719177e-02,-1.849398463964462280e-01,-4.774693489074707031e+00,1.846059608459472656e+01
-3.114306740462779999e-02,-1.851027309894561768e-01,-4.776126861572265625e+00,1.846543693542480469e+01
-3.111641854047775269e-02,-1.852760463953018188e-01,-4.777595043182373047e+00,1.847028708457946777e+01
-3.122932650148868561e-02,-1.841864138841629028e-01,-4.780127048492431641e+00,1.847536206245422363e+01
-3.118325397372245789e-02,-1.841640919446945190e-01,-4.781787395477294922e+00,1.848034214973449707e+01
-3.113211877644062042e-02,-1.841337680816650391e-01,-4.783476352691650391e+00,1.848525905609130859e+01
-3.126997128129005432e-02,-1.842916011810302734e-01,-4.785090446472167969e+00,1.849047398567199707e+01
-3.134645149111747742e-02,-1.843987852334976196e-01,-4.786769866943359375e+00,1.849556994438171387e+01
-3.145840018987655640e-02,-1.845676302909851074e-01,-4.788449764251708984e+00,1.850046706199645996e+01
-3.149723634123802185e-02,-1.845937967300415039e-01,-4.789945602416992188e+00,1.850532603263854980e+01
-3.153507411479949951e-02,-1.845131069421768188e-01,-4.791501522064208984e+00,1.851047801971435547e+01
-3.149453178048133850e-02,-1.843128055334091187e-01,-4.792952537536621094e+00,1.851543712615966797e+01
-3.152899444103240967e-02,-1.841557472944259644e-01,-4.794379711151123047e+00,1.852045607566833496e+01
-3.134597465395927429e-02,-1.842883229255676270e-01,-4.795460700988769531e+00,1.852546310424804688e+01
-3.122876212000846863e-02,-1.842200011014938354e-01,-4.796643733978271484e+00,1.853060603141784668e+01
-3.110140934586524963e-02,-1.841654479503631592e-01,-4.797749519348144531e+00,1.853547501564025879e+01
-3.101820871233940125e-02,-1.842083632946014404e-01,-4.798957824707031250e+00,1.854040503501892090e+01
-3.168261796236038208e-02,-1.855869591236114502e-01,-4.801100730895996094e+00,1.854556512832641602e+01
-3.162265196442604065e-02,-1.857360452413558960e-01,-4.802360057830810547e+00,1.855062103271484375e+01
-3.148448839783668518e-02,-1.856135576963424683e-01,-4.803933143615722656e+00,1.855552506446838379e+01
-3.136717155575752258e-02,-1.855910122394561768e-01,-4.805352210998535156e+00,1.856082892417907715e+01
-3.122417442500591278e-02,-1.855387389659881592e-01,-4.806799411773681641e+00,1.856559014320373535e+01
-3.111942671239376068e-02,-1.855679601430892944e-01,-4.808409214019775391e+00,1.857055592536926270e+01
-3.260445594787597656e-02,-1.860416531562805176e-01,-4.810144901275634766e+00,1.857556104660034180e+01
-3.259839862585067749e-02,-1.862208992242813110e-01,-4.811870098114013672e+00,1.858044695854187012e+01
-3.270036727190017700e-02,-1.861942857503890991e-01,-4.813761234283447266e+00,1.858552908897399902e+01
-3.276731073856353760e-02,-1.862597763538360596e-01,-4.815707683563232422e+00,1.859060311317443848e+01
-3.285302594304084778e-02,-1.862935870885848999e-01,-4.817740440368652344e+00,1.859565114974975586e+01
-3.295134752988815308e-02,-1.863179355859756470e-01,-4.819861412048339844e+00,1.860558509826660156e+01
-3.300872817635536194e-02,-1.865557134151458740e-01,-4.821646690368652344e+00,1.860686898231506348e+01
-3.181809559464454651e-02,-1.857199668884277344e-01,-4.821403026580810547e+00,1.861045598983764648e+01
-3.185484558343887329e-02,-1.859053075313568115e-01,-4.823259353637695312e+00,1.861550998687744141e+01
-3.177360445261001587e-02,-1.856556087732315063e-01,-4.824236392974853516e+00,1.862105202674865723e+01
-3.174090385437011719e-02,-1.856753379106521606e-01,-4.825596809387207031e+00,1.862557792663574219e+01
-3.169282898306846619e-02,-1.856462955474853516e-01,-4.826843738555908203e+00,1.863069009780883789e+01
-3.177995234727859497e-02,-1.857581883668899536e-01,-4.828203201293945312e+00,1.863562202453613281e+01
-3.183320909738540649e-02,-1.858008950948715210e-01,-4.829404354095458984e+00,1.864075994491577148e+01
-3.230107948184013367e-02,-1.876997351646423340e-01,-4.831289291381835938e+00,1.864567112922668457e+01
-3.265222534537315369e-02,-1.878953576087951660e-01,-4.832890510559082031e+00,1.865074706077575684e+01
-3.296757861971855164e-02,-1.880978792905807495e-01,-4.834243774414062500e+00,1.865572309494018555e+01
-3.334488719701766968e-02,-1.883115023374557495e-01,-4.835628509521484375e+00,1.866075110435485840e+01
-3.336585685610771179e-02,-1.884970068931579590e-01,-4.837095737457275391e+00,1.866555905342102051e+01
-3.350050374865531921e-02,-1.886882036924362183e-01,-4.838572025299072266e+00,1.867063093185424805e+01
-3.042419441044330597e-02,-1.862951666116714478e-01,-4.838225364685058594e+00,1.867572212219238281e+01
-3.043369576334953308e-02,-1.862829327583312988e-01,-4.839670181274414062e+00,1.868094205856323242e+01
-3.022783435881137848e-02,-1.862536221742630005e-01,-4.841171264648437500e+00,1.868566393852233887e+01
-3.005171008408069611e-02,-1.862335652112960815e-01,-4.842751026153564453e+00,1.869072103500366211e+01
-2.990690059959888458e-02,-1.862348914146423340e-01,-4.844393253326416016e+00,1.869599294662475586e+01
-2.952286787331104279e-02,-1.861778646707534790e-01,-4.845938205718994141e+00,1.870082998275756836e+01
-2.923300303518772125e-02,-1.861009746789932251e-01,-4.847593784332275391e+00,1.870583105087280273e+01
-3.220489993691444397e-02,-1.870044767856597900e-01,-4.850414276123046875e+00,1.871086001396179199e+01
-3.202861547470092773e-02,-1.871627420186996460e-01,-4.851935863494873047e+00,1.871580815315246582e+01
-3.183073550462722778e-02,-1.872739791870117188e-01,-4.853588104248046875e+00,1.872086000442504883e+01
-3.159398958086967468e-02,-1.874065548181533813e-01,-4.855215549468994141e+00,1.872584795951843262e+01
-3.142469376325607300e-02,-1.873819530010223389e-01,-4.856596469879150391e+00,1.873105597496032715e+01
-3.121646493673324585e-02,-1.874340027570724487e-01,-4.858012676239013672e+00,1.873574304580688477e+01
-3.184488788247108459e-02,-1.873611211776733398e-01,-4.859549522399902344e+00,1.874078106880187988e+01
-3.197504952549934387e-02,-1.875050514936447144e-01,-4.861096858978271484e+00,1.874577903747558594e+01
-3.201578930020332336e-02,-1.875165849924087524e-01,-4.862454891204833984e+00,1.875105810165405273e+01
-3.211216628551483154e-02,-1.875225752592086792e-01,-4.863809108734130859e+00,1.875570702552795410e+01
-3.211929649114608765e-02,-1.874411255121231079e-01,-4.865203380584716797e+00,1.876092004776000977e+01
-3.218616172671318054e-02,-1.873672008514404297e-01,-4.866588115692138672e+00,1.876599192619323730e+01
-3.226542100310325623e-02,-1.872503608465194702e-01,-4.867983818054199219e+00,1.877103710174560547e+01
-3.275399655103683472e-02,-1.884549856185913086e-01,-4.869686603546142578e+00,1.877600407600402832e+01
-3.296219184994697571e-02,-1.885571777820587158e-01,-4.871576309204101562e+00,1.878101897239685059e+01
-3.311950340867042542e-02,-1.886290460824966431e-01,-4.873263835906982422e+00,1.878588509559631348e+01
-3.330018743872642517e-02,-1.887007504701614380e-01,-4.875031948089599609e+00,1.879074692726135254e+01
-3.340911120176315308e-02,-1.887519657611846924e-01,-4.876785278320312500e+00,1.879635214805603027e+01
-3.355894982814788818e-02,-1.888016462326049805e-01,-4.878628730773925781e+00,1.880099701881408691e+01
-3.368699550628662109e-02,-1.888267248868942261e-01,-4.880501747131347656e+00,1.880584096908569336e+01
-3.232299908995628357e-02,-1.884385943412780762e-01,-4.880462169647216797e+00,1.881105613708496094e+01
-3.227486088871955872e-02,-1.884905993938446045e-01,-4.881986141204833984e+00,1.881584310531616211e+01
-3.221156820654869080e-02,-1.885657161474227905e-01,-4.883470058441162109e+00,1.882103705406188965e+01
-3.220068663358688354e-02,-1.886382848024368286e-01,-4.884834766387939453e+00,1.882638311386108398e+01
-3.215002268552780151e-02,-1.887208968400955200e-01,-4.886175155639648438e+00,1.883121204376220703e+01
-3.212642669677734375e-02,-1.888376176357269287e-01,-4.887481212615966797e+00,1.883644104003906250e+01
-3.244285658001899719e-02,-1.888313889503479004e-01,-4.889079093933105469e+00,1.884116315841674805e+01
-3.305131942033767700e-02,-1.892437338829040527e-01,-4.891631126403808594e+00,1.884594893455505371e+01
-3.356556594371795654e-02,-1.891740709543228149e-01,-4.893307685852050781e+00,1.885116815567016602e+01
-3.300141170620918274e-02,-1.894419938325881958e-01,-4.894762039184570312e+00,1.885655093193054199e+01
-3.288016468286514282e-02,-1.895718574523925781e-01,-4.896289825439453125e+00,1.886134815216064453e+01
-3.262053057551383972e-02,-1.897678077220916748e-01,-4.897773265838623047e+00,1.886634302139282227e+01
-3.223861008882522583e-02,-1.899825781583786011e-01,-4.899237155914306641e+00,1.887120199203491211e+01
-3.280271217226982117e-02,-1.896137744188308716e-01,-4.900190353393554688e+00,1.887644100189208984e+01
-3.258766233921051025e-02,-1.893938481807708740e-01,-4.901455402374267578e+00,1.888113713264465332e+01
-3.233529999852180481e-02,-1.891057342290878296e-01,-4.902650356292724609e+00,1.888636708259582520e+01
-3.242767602205276489e-02,-1.894550621509552002e-01,-4.904426097869873047e+00,1.889114999771118164e+01
-3.233734890818595886e-02,-1.894412636756896973e-01,-4.905861377716064453e+00,1.889662599563598633e+01
-3.227991610765457153e-02,-1.894661188125610352e-01,-4.907350063323974609e+00,1.890118908882141113e+01
-3.221181407570838928e-02,-1.894441694021224976e-01,-4.908939838409423828e+00,1.890642404556274414e+01
-3.232847154140472412e-02,-1.898397803306579590e-01,-4.911716461181640625e+00,1.891123509407043457e+01
-3.235040232539176941e-02,-1.898639351129531860e-01,-4.913519382476806641e+00,1.891654014587402344e+01
-3.255289420485496521e-02,-1.898637413978576660e-01,-4.915153980255126953e+00,1.892119598388671875e+01
-3.271828219294548035e-02,-1.898776739835739136e-01,-4.916959762573242188e+00,1.892652106285095215e+01
-3.293679282069206238e-02,-1.899207085371017456e-01,-4.918777465820312500e+00,1.893119907379150391e+01
-3.282471001148223877e-02,-1.901491284370422363e-01,-4.920369625091552734e+00,1.893627810478210449e+01
-3.193809464573860168e-02,-1.913664788007736206e-01,-4.921780109405517578e+00,1.894120812416076660e+01
-3.159356862306594849e-02,-1.914663463830947876e-01,-4.923192501068115234e+00,1.894643306732177734e+01
-3.122494369745254517e-02,-1.916193813085556030e-01,-4.924617290496826172e+00,1.895135903358459473e+01
-3.169512376189231873e-02,-1.916080415248870850e-01,-4.925477504730224609e+00,1.895644998550415039e+01
-3.171910345554351807e-02,-1.916898488998413086e-01,-4.926505565643310547e+00,1.896144104003906250e+01
-3.175939992070198059e-02,-1.917695999145507812e-01,-4.927350521087646484e+00,1.896673202514648438e+01
-3.131079301238059998e-02,-1.920716166496276855e-01,-4.928278923034667969e+00,1.897135710716247559e+01
-3.064056113362312317e-02,-1.919438689947128296e-01,-4.934195518493652344e+00,1.897665715217590332e+01
-2.993148192763328552e-02,-1.918964385986328125e-01,-4.935666561126708984e+00,1.898135399818420410e+01
-2.986178547143936157e-02,-1.918194591999053955e-01,-4.937447547912597656e+00,1.898645710945129395e+01
-2.943157590925693512e-02,-1.917312741279602051e-01,-4.939073085784912109e+00,1.899145197868347168e+01
-2.902872487902641296e-02,-1.916187703609466553e-01,-4.940705299377441406e+00,1.899668812751770020e+01
-2.862272411584854126e-02,-1.915850490331649780e-01,-4.942611217498779297e+00,1.900668692588806152e+01
-2.824259549379348755e-02,-1.915471553802490234e-01,-4.944497108459472656e+00,1.900734305381774902e+01
-3.262548893690109253e-02,-1.916360408067703247e-01,-4.942066669464111328e+00,1.901139402389526367e+01
-3.253381326794624329e-02,-1.915914714336395264e-01,-4.943965435028076172e+00,1.901687502861022949e+01
-3.253077715635299683e-02,-1.915543377399444580e-01,-4.946056365966796875e+00,1.902153396606445312e+01
-3.250765800476074219e-02,-1.914899647235870361e-01,-4.948238849639892578e+00,1.902682495117187500e+01
-3.232705593109130859e-02,-1.917112320661544800e-01,-4.950031757354736328e+00,1.903175306320190430e+01
-3.216386586427688599e-02,-1.917813420295715332e-01,-4.952010631561279297e+00,1.903680801391601562e+01
-3.196933120489120483e-02,-1.918624043464660645e-01,-4.953987121582031250e+00,1.904153704643249512e+01
-3.252811357378959656e-02,-1.925148516893386841e-01,-4.952614784240722656e+00,1.904661607742309570e+01
-3.295521065592765808e-02,-1.922478973865509033e-01,-4.953675270080566406e+00,1.905149412155151367e+01
-3.304059803485870361e-02,-1.923303455114364624e-01,-4.954875946044921875e+00,1.905654811859130859e+01
-3.320202603936195374e-02,-1.923972964286804199e-01,-4.955976009368896484e+00,1.906158304214477539e+01
-3.310331329703330994e-02,-1.927367150783538818e-01,-4.957169055938720703e+00,1.906666612625122070e+01
-3.309118375182151794e-02,-1.929907947778701782e-01,-4.958228588104248047e+00,1.907152700424194336e+01
-3.211940079927444458e-02,-1.934386342763900757e-01,-4.963156223297119141e+00,1.907662296295166016e+01
-3.248721361160278320e-02,-1.935768425464630127e-01,-4.964540481567382812e+00,1.908136606216430664e+01
-3.261874988675117493e-02,-1.936960667371749878e-01,-4.965943336486816406e+00,1.908681011199951172e+01
-3.281896188855171204e-02,-1.937941759824752808e-01,-4.967290878295898438e+00,1.909145402908325195e+01
-3.257858008146286011e-02,-1.938525438308715820e-01,-4.968588829040527344e+00,1.909700107574462891e+01
-3.248458355665206909e-02,-1.939449161291122437e-01,-4.969883441925048828e+00,1.910156702995300293e+01
-3.231458738446235657e-02,-1.940530091524124146e-01,-4.971163749694824219e+00,1.910672307014465332e+01
-3.342771530151367188e-02,-1.933294832706451416e-01,-4.972397804260253906e+00,1.911158394813537598e+01
-3.343439847230911255e-02,-1.934488862752914429e-01,-4.973900318145751953e+00,1.911671996116638184e+01
-3.344921022653579712e-02,-1.936023831367492676e-01,-4.975478172302246094e+00,1.912166213989257812e+01
-3.345686569809913635e-02,-1.937488168478012085e-01,-4.977125644683837891e+00,1.912696003913879395e+01
-3.377964720129966736e-02,-1.939030736684799194e-01,-4.978841781616210938e+00,1.913173198699951172e+01
-3.400168567895889282e-02,-1.940706372261047363e-01,-4.980619430541992188e+00,1.913672900199890137e+01
-3.412177413702011108e-02,-1.927525103092193604e-01,-4.982203483581542969e+00,1.914165401458740234e+01
-3.390385955572128296e-02,-1.926410049200057983e-01,-4.983685016632080078e+00,1.914663505554199219e+01
-3.398928418755531311e-02,-1.925882250070571899e-01,-4.985394954681396484e+00,1.915165710449218750e+01
-3.404241055250167847e-02,-1.925278156995773315e-01,-4.987105846405029297e+00,1.915671992301940918e+01
-3.430605307221412659e-02,-1.925429105758666992e-01,-4.988781452178955078e+00,1.916189599037170410e+01
-3.450107574462890625e-02,-1.925094425678253174e-01,-4.990458488464355469e+00,1.916694092750549316e+01
-3.473563864827156067e-02,-1.924767941236495972e-01,-4.992125511169433594e+00,1.917162799835205078e+01
-3.477160260081291199e-02,-1.936826258897781372e-01,-4.993381977081298828e+00,1.917677402496337891e+01
-3.501017764210700989e-02,-1.937531828880310059e-01,-4.995017051696777344e+00,1.918170714378356934e+01
-3.525152057409286499e-02,-1.938561797142028809e-01,-4.996651172637939453e+00,1.918704915046691895e+01
-3.521969914436340332e-02,-1.938554346561431885e-01,-4.998231410980224609e+00,1.919170904159545898e+01
-3.523805364966392517e-02,-1.938847005367279053e-01,-4.999832630157470703e+00,1.919693708419799805e+01
-3.517881780862808228e-02,-1.939092576503753662e-01,-5.001425743103027344e+00,1.920173096656799316e+01
-3.504457324743270874e-02,-1.939231604337692261e-01,-5.003014564514160156e+00,1.920700001716613770e+01
-3.656752780079841614e-02,-1.945053488016128540e-01,-5.006263732910156250e+00,1.921160793304443359e+01
-3.698460012674331665e-02,-1.946198344230651855e-01,-5.008324146270751953e+00,1.921677494049072266e+01
-3.734242916107177734e-02,-1.947257220745086670e-01,-5.010351181030273438e+00,1.922172999382019043e+01
-3.799680620431900024e-02,-1.949565261602401733e-01,-5.010465145111083984e+00,1.922697710990905762e+01
-3.853651881217956543e-02,-1.950232833623886108e-01,-5.012048721313476562e+00,1.923191404342651367e+01
-3.915399685502052307e-02,-1.949897259473800659e-01,-5.013648986816406250e+00,1.923688507080078125e+01
-3.473865240812301636e-02,-1.955752521753311157e-01,-5.012691974639892578e+00,1.924186611175537109e+01
-3.504212573170661926e-02,-1.959591209888458252e-01,-5.014282226562500000e+00,1.924702501296997070e+01
-3.544581681489944458e-02,-1.964167803525924683e-01,-5.015950202941894531e+00,1.925188207626342773e+01
-3.511648252606391907e-02,-1.966811120510101318e-01,-5.017590522766113281e+00,1.925683712959289551e+01
-3.513854742050170898e-02,-1.970245987176895142e-01,-5.019294738769531250e+00,1.926203513145446777e+01
-3.509039431810379028e-02,-1.973985582590103149e-01,-5.021015167236328125e+00,1.926701092720031738e+01
-3.526147827506065369e-02,-1.978486478328704834e-01,-5.022644996643066406e+00,1.927179598808288574e+01
-3.393254429101943970e-02,-1.935316920280456543e-01,-5.022762298583984375e+00,1.927688694000244141e+01
-3.392092511057853699e-02,-1.933326274156570435e-01,-5.024469852447509766e+00,1.928171801567077637e+01
-3.375310823321342468e-02,-1.930744946002960205e-01,-5.025865077972412109e+00,1.928688001632690430e+01
-3.365894034504890442e-02,-1.928708851337432861e-01,-5.027395725250244141e+00,1.929174399375915527e+01
-3.355608135461807251e-02,-1.926265656948089600e-01,-5.028909683227539062e+00,1.929705715179443359e+01
-3.344047069549560547e-02,-1.923364102840423584e-01,-5.030388832092285156e+00,1.930182814598083496e+01
-3.367656096816062927e-02,-1.922958493232727051e-01,-5.031889915466308594e+00,1.930700492858886719e+01
-3.462573513388633728e-02,-1.953959316015243530e-01,-5.034289836883544922e+00,1.931183004379272461e+01
-3.491423651576042175e-02,-1.953981965780258179e-01,-5.035727977752685547e+00,1.931696105003356934e+01
-3.456989675760269165e-02,-1.954734176397323608e-01,-5.036993026733398438e+00,1.932181501388549805e+01
-3.457092493772506714e-02,-1.955462843179702759e-01,-5.038304805755615234e+00,1.932720494270324707e+01
-3.451232984662055969e-02,-1.956391185522079468e-01,-5.039546489715576172e+00,1.933195996284484863e+01
-3.466010093688964844e-02,-1.957001686096191406e-01,-5.040877342224121094e+00,1.933702898025512695e+01
-3.459423035383224487e-02,-1.968086212873458862e-01,-5.043587207794189453e+00,1.934189915657043457e+01
-3.471906483173370361e-02,-1.968634873628616333e-01,-5.045057296752929688e+00,1.934705996513366699e+01
-3.495529294013977051e-02,-1.968932002782821655e-01,-5.046786785125732422e+00,1.935193014144897461e+01
-3.517440706491470337e-02,-1.969215869903564453e-01,-5.048435688018798828e+00,1.935702800750732422e+01
-3.543427586555480957e-02,-1.969476193189620972e-01,-5.050156593322753906e+00,1.936212015151977539e+01
-3.538980707526206970e-02,-1.970300525426864624e-01,-5.051783561706542969e+00,1.936719608306884766e+01
-3.543101623654365540e-02,-1.970803439617156982e-01,-5.053474426269531250e+00,1.937210392951965332e+01
-3.370082378387451172e-02,-1.972629278898239136e-01,-5.052186012268066406e+00,1.937716603279113770e+01
-3.334773704409599304e-02,-1.974508464336395264e-01,-5.053465843200683594e+00,1.938210201263427734e+01
-3.320110961794853210e-02,-1.974584609270095825e-01,-5.054916858673095703e+00,1.938721299171447754e+01
-3.288387879729270935e-02,-1.975788772106170654e-01,-5.056277751922607422e+00,1.939210104942321777e+01
-3.254157677292823792e-02,-1.976728886365890503e-01,-5.057640552520751953e+00,1.939730501174926758e+01
-3.246703743934631348e-02,-1.977743506431579590e-01,-5.059194087982177734e+00,1.940611410140991211e+01
-3.231842815876007080e-02,-1.978849023580551147e-01,-5.060738086700439453e+00,1.940708112716674805e+01
-3.514405339956283569e-02,-1.977454125881195068e-01,-5.065207481384277344e+00,1.941195201873779297e+01
-3.518445789813995361e-02,-1.977742016315460205e-01,-5.067048072814941406e+00,1.941714310646057129e+01
-3.537813574075698853e-02,-1.978776156902313232e-01,-5.069002151489257812e+00,1.942221713066101074e+01
-3.557566180825233459e-02,-1.979368329048156738e-01,-5.071002960205078125e+00,1.942773699760437012e+01
-3.599146753549575806e-02,-1.980565190315246582e-01,-5.072706222534179688e+00,1.943227100372314453e+01
-3.639761358499526978e-02,-1.981173753738403320e-01,-5.074521064758300781e+00,1.943715095520019531e+01
-3.660953044891357422e-02,-1.990635246038436890e-01,-5.074399471282958984e+00,1.944219994544982910e+01
-3.634519875049591064e-02,-1.989140361547470093e-01,-5.075637340545654297e+00,1.944729614257812500e+01
-3.642550483345985413e-02,-1.990985572338104248e-01,-5.076751232147216797e+00,1.945224809646606445e+01
-3.642737865447998047e-02,-1.992635428905487061e-01,-5.077767372131347656e+00,1.945725107192993164e+01
-3.655992448329925537e-02,-1.995546817779541016e-01,-5.078937530517578125e+00,1.946247410774230957e+01
-3.658367320895195007e-02,-1.998275816440582275e-01,-5.079997539520263672e+00,1.946726202964782715e+01
-3.659223020076751709e-02,-2.001196742057800293e-01,-5.081056594848632812e+00,1.947222995758056641e+01
-3.665966540575027466e-02,-1.998031139373779297e-01,-5.084771633148193359e+00,1.947721195220947266e+01
-3.665302321314811707e-02,-1.998327821493148804e-01,-5.086568832397460938e+00,1.948224902153015137e+01
-3.664213046431541443e-02,-1.999513506889343262e-01,-5.088154792785644531e+00,1.948730707168579102e+01
-3.660559654235839844e-02,-2.000670284032821655e-01,-5.089812278747558594e+00,1.949224805831909180e+01
-3.678678348660469055e-02,-2.002525776624679565e-01,-5.091591358184814453e+00,1.949741792678833008e+01
-3.690869733691215515e-02,-2.004401832818984985e-01,-5.093415260314941406e+00,1.950233697891235352e+01
-3.525595366954803467e-02,-1.981652230024337769e-01,-5.092795372009277344e+00,1.950758099555969238e+01
-3.550502657890319824e-02,-1.980089843273162842e-01,-5.094351291656494141e+00,1.951237201690673828e+01
-3.576388955116271973e-02,-1.980094164609909058e-01,-5.096014499664306641e+00,1.951736211776733398e+01
-3.606804087758064270e-02,-1.980266422033309937e-01,-5.097680091857910156e+00,1.952235293388366699e+01
-3.599102422595024109e-02,-1.983904689550399780e-01,-5.099178314208984375e+00,1.952747702598571777e+01
-3.604919835925102234e-02,-1.985885053873062134e-01,-5.100739955902099609e+00,1.953244996070861816e+01
-3.604868054389953613e-02,-1.988297849893569946e-01,-5.102288246154785156e+00,1.953746509552001953e+01
-3.575746342539787292e-02,-1.994681358337402344e-01,-5.104759216308593750e+00,1.954237008094787598e+01
-3.587077185511589050e-02,-1.995461583137512207e-01,-5.106238842010498047e+00,1.954745912551879883e+01
-3.603368625044822693e-02,-1.996680647134780884e-01,-5.107624053955078125e+00,1.955234193801879883e+01
-3.620255738496780396e-02,-1.997265964746475220e-01,-5.108912944793701172e+00,1.955734896659851074e+01
-3.599714860320091248e-02,-1.999435871839523315e-01,-5.110404968261718750e+00,1.956261992454528809e+01
-3.593016043305397034e-02,-1.999970972537994385e-01,-5.111718177795410156e+00,1.956776809692382812e+01
-3.583066910505294800e-02,-2.001464366912841797e-01,-5.113016605377197266e+00,1.957251501083374023e+01
-3.504577651619911194e-02,-1.994682699441909790e-01,-5.114248275756835938e+00,1.957746911048889160e+01
-3.510319441556930542e-02,-1.993069499731063843e-01,-5.115734100341796875e+00,1.958248305320739746e+01
-3.519379720091819763e-02,-1.990960985422134399e-01,-5.117237091064453125e+00,1.958753705024719238e+01
-3.532359376549720764e-02,-1.992355883121490479e-01,-5.118978500366210938e+00,1.959242606163024902e+01
-3.548131510615348816e-02,-1.992026418447494507e-01,-5.120650768280029297e+00,1.959798407554626465e+01
-3.567070886492729187e-02,-1.991633623838424683e-01,-5.122383117675781250e+00,1.960262298583984375e+01
-3.321596980094909668e-02,-1.994283497333526611e-01,-5.122464656829833984e+00,1.960766005516052246e+01
-3.274763375520706177e-02,-1.994383186101913452e-01,-5.123850345611572266e+00,1.961255502700805664e+01
-3.220504522323608398e-02,-1.994714587926864624e-01,-5.125237941741943359e+00,1.961792206764221191e+01
-3.181888163089752197e-02,-1.993564218282699585e-01,-5.126543521881103516e+00,1.962257003784179688e+01
-3.128960356116294861e-02,-1.993078440427780151e-01,-5.127913475036621094e+00,1.962783408164978027e+01
-3.072913177311420441e-02,-1.992353200912475586e-01,-5.129296779632568359e+00,1.963266611099243164e+01
-3.047903999686241150e-02,-1.992657929658889771e-01,-5.130773067474365234e+00,1.963767600059509277e+01
-3.387835249304771423e-02,-2.011842429637908936e-01,-5.133932590484619141e+00,1.964254808425903320e+01
-3.398882597684860229e-02,-2.014617770910263062e-01,-5.135417938232421875e+00,1.964759898185729980e+01
-3.409711644053459167e-02,-2.017015367746353149e-01,-5.136851310729980469e+00,1.965254712104797363e+01
-3.415934741497039795e-02,-2.016167491674423218e-01,-5.137939929962158203e+00,1.965759110450744629e+01
-3.438527137041091919e-02,-2.017455548048019409e-01,-5.139223575592041016e+00,1.966274499893188477e+01
-3.465909883379936218e-02,-2.018421739339828491e-01,-5.140473842620849609e+00,1.966760206222534180e+01
-3.472755849361419678e-02,-2.019947916269302368e-01,-5.141702651977539062e+00,1.967261409759521484e+01
-3.320598229765892029e-02,-2.017796039581298828e-01,-5.144414424896240234e+00,1.967757296562194824e+01
-3.307821229100227356e-02,-2.019178271293640137e-01,-5.145609378814697266e+00,1.968261909484863281e+01
-3.306015953421592712e-02,-2.021415680646896362e-01,-5.147212505340576172e+00,1.968765711784362793e+01
-3.297833353281021118e-02,-2.023410797119140625e-01,-5.148612499237060547e+00,1.969254899024963379e+01
-3.289899230003356934e-02,-2.025761753320693970e-01,-5.150031089782714844e+00,1.969803714752197266e+01
-3.279543295502662659e-02,-2.028072327375411987e-01,-5.151600360870361328e+00,1.970257401466369629e+01
-3.437227010726928711e-02,-2.015394270420074463e-01,-5.153073787689208984e+00,1.970775508880615234e+01
-3.442699834704399109e-02,-2.016121000051498413e-01,-5.154801845550537109e+00,1.971274709701538086e+01
-3.462414443492889404e-02,-2.017084211111068726e-01,-5.156346797943115234e+00,1.971774101257324219e+01
-3.475269675254821777e-02,-2.016669958829879761e-01,-5.158103942871093750e+00,1.972275304794311523e+01
-3.491569682955741882e-02,-2.016375958919525146e-01,-5.159864902496337891e+00,1.972788405418395996e+01
-3.510925173759460449e-02,-2.016124427318572998e-01,-5.161645412445068359e+00,1.973280096054077148e+01
-3.523921594023704529e-02,-2.013905495405197144e-01,-5.163057327270507812e+00,1.973775506019592285e+01
-3.536105155944824219e-02,-2.018838971853256226e-01,-5.163399219512939453e+00,1.974273896217346191e+01
-3.563737869262695312e-02,-2.017000168561935425e-01,-5.164846897125244141e+00,1.974777102470397949e+01
-3.518318012356758118e-02,-2.018320560455322266e-01,-5.166442871093750000e+00,1.975262212753295898e+01
-3.502326458692550659e-02,-2.017872184514999390e-01,-5.167891979217529297e+00,1.975780510902404785e+01
-3.477177396416664124e-02,-2.017783820629119873e-01,-5.169351577758789062e+00,1.976304602622985840e+01
-3.491004556417465210e-02,-2.017667740583419800e-01,-5.170945167541503906e+00,1.976775813102722168e+01
-3.488908335566520691e-02,-2.016928642988204956e-01,-5.172513961791992188e+00,1.977280902862548828e+01
-3.473972156643867493e-02,-2.016954869031906128e-01,-5.173554897308349609e+00,1.977786612510681152e+01
-3.470312803983688354e-02,-2.018556743860244751e-01,-5.174773216247558594e+00,1.978287601470947266e+01
-3.478086739778518677e-02,-2.018699496984481812e-01,-5.176248550415039062e+00,1.978790307044982910e+01
-3.485808521509170532e-02,-2.018891721963882446e-01,-5.177704811096191406e+00,1.979286313056945801e+01
-3.504831716418266296e-02,-2.017489373683929443e-01,-5.179183483123779297e+00,1.979811906814575195e+01
-3.522795811295509338e-02,-2.016634643077850342e-01,-5.180612564086914062e+00,1.980512094497680664e+01
-3.446486219763755798e-02,-2.016422152519226074e-01,-5.180937290191650391e+00,1.980810713768005371e+01
-3.422262519598007202e-02,-2.017739266157150269e-01,-5.182581424713134766e+00,1.981310701370239258e+01
-3.414943069219589233e-02,-2.018699198961257935e-01,-5.183990001678466797e+00,1.981786394119262695e+01
-3.402583301067352295e-02,-2.019743472337722778e-01,-5.185543060302734375e+00,1.982328414916992188e+01
-3.385180979967117310e-02,-2.020588517189025879e-01,-5.187172889709472656e+00,1.982811713218688965e+01
-3.411585465073585510e-02,-2.021108120679855347e-01,-5.188683509826660156e+00,1.983299803733825684e+01
-3.415836766362190247e-02,-2.022031843662261963e-01,-5.190300464630126953e+00,1.983780407905578613e+01
-3.378105908632278442e-02,-2.018877565860748291e-01,-5.192952632904052734e+00,1.984303808212280273e+01
-3.364410251379013062e-02,-2.018649131059646606e-01,-5.194170951843261719e+00,1.984799098968505859e+01
-3.366915509104728699e-02,-2.017948478460311890e-01,-5.195672035217285156e+00,1.985293006896972656e+01
-3.368258476257324219e-02,-2.017053067684173584e-01,-5.197108268737792969e+00,1.985801506042480469e+01
-3.386346995830535889e-02,-2.017853260040283203e-01,-5.198489665985107422e+00,1.986315298080444336e+01
-3.400742262601852417e-02,-2.017527669668197632e-01,-5.199826717376708984e+00,1.986795592308044434e+01
-3.420780599117279053e-02,-2.017332911491394043e-01,-5.201125621795654297e+00,1.987300395965576172e+01
-3.364300355315208435e-02,-2.038494646549224854e-01,-5.202339172363281250e+00,1.987799501419067383e+01
-3.347023576498031616e-02,-2.040205895900726318e-01,-5.203672885894775391e+00,1.988305711746215820e+01
-3.320889919996261597e-02,-2.041932195425033569e-01,-5.205001354217529297e+00,1.988800001144409180e+01
-3.316747397184371948e-02,-2.043312489986419678e-01,-5.206470489501953125e+00,1.989304709434509277e+01
-3.299624845385551453e-02,-2.044747173786163330e-01,-5.207914829254150391e+00,1.989813399314880371e+01
-3.282502666115760803e-02,-2.046108841896057129e-01,-5.209403991699218750e+00,1.990298008918762207e+01
-3.325958922505378723e-02,-2.029058337211608887e-01,-5.211433887481689453e+00,1.990810203552246094e+01
-3.354251757264137268e-02,-2.029182910919189453e-01,-5.212867736816406250e+00,1.991304302215576172e+01
-3.367174416780471802e-02,-2.028586864471435547e-01,-5.214417934417724609e+00,1.991800594329833984e+01
-3.385510668158531189e-02,-2.028019875288009644e-01,-5.215961456298828125e+00,1.992312598228454590e+01
-3.380132094025611877e-02,-2.027277946472167969e-01,-5.217311859130859375e+00,1.992817711830139160e+01
-3.384801745414733887e-02,-2.026708722114562988e-01,-5.218708992004394531e+00,1.993312096595764160e+01
-3.386973589658737183e-02,-2.026172727346420288e-01,-5.220065116882324219e+00,1.993810701370239258e+01
-3.253561258316040039e-02,-2.041758000850677490e-01,-5.221148014068603516e+00,1.994289493560791016e+01
-3.243545442819595337e-02,-2.043029218912124634e-01,-5.222652435302734375e+00,1.994811415672302246e+01
-3.232282400131225586e-02,-2.044695317745208740e-01,-5.224213600158691406e+00,1.995306897163391113e+01
-3.222105279564857483e-02,-2.046840488910675049e-01,-5.225903034210205078e+00,1.995807003974914551e+01
-3.210370242595672607e-02,-2.049033343791961670e-01,-5.227597713470458984e+00,1.996336197853088379e+01
-3.198287263512611389e-02,-2.051255404949188232e-01,-5.229324817657470703e+00,1.996812415122985840e+01
-3.206934779882431030e-02,-2.040310502052307129e-01,-5.230628967285156250e+00,1.997306895256042480e+01
-3.192254155874252319e-02,-2.040879577398300171e-01,-5.232400894165039062e+00,1.997822499275207520e+01
-3.178880736231803894e-02,-2.041761577129364014e-01,-5.234226703643798828e+00,1.998328304290771484e+01
-3.199337422847747803e-02,-2.042831629514694214e-01,-5.234985351562500000e+00,1.998852992057800293e+01
-3.200206160545349121e-02,-2.044245153665542603e-01,-5.236440658569335938e+00,1.999340915679931641e+01
-3.203715756535530090e-02,-2.045973688364028931e-01,-5.237840175628662109e+00,1.999834299087524414e+01
-3.210136294364929199e-02,-2.047793716192245483e-01,-5.239201068878173828e+00,2.000330114364624023e+01
-3.158635646104812622e-02,-2.051258534193038940e-01,-5.240371227264404297e+00,2.000832509994506836e+01
-3.151306509971618652e-02,-2.052240520715713501e-01,-5.241847991943359375e+00,2.001329612731933594e+01
-3.142913058400154114e-02,-2.053321003913879395e-01,-5.243349075317382812e+00,2.001839900016784668e+01
-3.149178996682167053e-02,-2.054978460073471069e-01,-5.245197772979736328e+00,2.002345108985900879e+01
-3.148516267538070679e-02,-2.056456506252288818e-01,-5.246932506561279297e+00,2.002851510047912598e+01
-3.149565681815147400e-02,-2.057838588953018188e-01,-5.248752117156982422e+00,2.003342914581298828e+01
-3.150810301303863525e-02,-2.059227228164672852e-01,-5.250424385070800781e+00,2.003832197189331055e+01
-3.222979605197906494e-02,-2.051109522581100464e-01,-5.250389099121093750e+00,2.004342007637023926e+01
-3.236230462789535522e-02,-2.054392695426940918e-01,-5.251906394958496094e+00,2.004845309257507324e+01
-3.255961835384368896e-02,-2.052072286605834961e-01,-5.253126621246337891e+00,2.005343914031982422e+01
-3.274750337004661560e-02,-2.052865028381347656e-01,-5.254423618316650391e+00,2.005845713615417480e+01
-3.296205028891563416e-02,-2.053262591361999512e-01,-5.255656719207763672e+00,2.006356906890869141e+01
-3.306543827056884766e-02,-2.055667936801910400e-01,-5.257062435150146484e+00,2.006846499443054199e+01
-3.191174194216728210e-02,-2.057171016931533813e-01,-5.260657310485839844e+00,2.007340812683105469e+01
-3.188658133149147034e-02,-2.059533298015594482e-01,-5.262291431427001953e+00,2.007842612266540527e+01
-3.183642402291297913e-02,-2.061883062124252319e-01,-5.263917446136474609e+00,2.008356308937072754e+01
-3.151397034525871277e-02,-2.062294036149978638e-01,-5.265732765197753906e+00,2.008843612670898438e+01
-3.130422905087471008e-02,-2.063855379819869995e-01,-5.267488002777099609e+00,2.009366393089294434e+01
-3.103546984493732452e-02,-2.065184563398361206e-01,-5.269263267517089844e+00,2.009855008125305176e+01
-3.077406994998455048e-02,-2.067659348249435425e-01,-5.270944118499755859e+00,2.010358309745788574e+01
-3.252126649022102356e-02,-2.058022171258926392e-01,-5.269932746887207031e+00,2.010848402976989746e+01
-3.244433924555778503e-02,-2.059679627418518066e-01,-5.271325588226318359e+00,2.011355400085449219e+01
-3.288948535919189453e-02,-2.060712575912475586e-01,-5.272546768188476562e+00,2.011850404739379883e+01
-3.309515491127967834e-02,-2.062152028083801270e-01,-5.273820877075195312e+00,2.012354803085327148e+01
-3.335182741284370422e-02,-2.063740044832229614e-01,-5.275046825408935547e+00,2.012875699996948242e+01
-3.338719159364700317e-02,-2.064982801675796509e-01,-5.276339054107666016e+00,2.013352394104003906e+01
-3.353714570403099060e-02,-2.066407054662704468e-01,-5.277588844299316406e+00,2.013856101036071777e+01
-3.076280839741230011e-02,-2.052008509635925293e-01,-5.278891563415527344e+00,2.014351797103881836e+01
-3.081810101866722107e-02,-2.051627486944198608e-01,-5.280507564544677734e+00,2.014858293533325195e+01
-3.078208118677139282e-02,-2.050905823707580566e-01,-5.281979084014892578e+00,2.015353608131408691e+01
-3.076754137873649597e-02,-2.050187140703201294e-01,-5.283503055572509766e+00,2.015858507156372070e+01
-3.078205138444900513e-02,-2.049036920070648193e-01,-5.285107135772705078e+00,2.016367292404174805e+01
-3.045347705483436584e-02,-2.048467099666595459e-01,-5.286723613739013672e+00,2.016859698295593262e+01
-3.070260770618915558e-02,-2.053485363721847534e-01,-5.288664817810058594e+00,2.017365097999572754e+01
-3.038368001580238342e-02,-2.052360475063323975e-01,-5.290412425994873047e+00,2.017865610122680664e+01
-3.054733015596866608e-02,-2.054060995578765869e-01,-5.291918277740478516e+00,2.018367815017700195e+01
-3.043825179338455200e-02,-2.054029405117034912e-01,-5.293591022491455078e+00,2.018854212760925293e+01
-3.035255335271358490e-02,-2.054076939821243286e-01,-5.295267105102539062e+00,2.019377708435058594e+01
-3.032065182924270630e-02,-2.053281664848327637e-01,-5.296728134155273438e+00,2.019871711730957031e+01
-3.031878732144832611e-02,-2.053277641534805298e-01,-5.298228263854980469e+00,2.020529294013977051e+01
-3.102548979222774506e-02,-2.072328329086303711e-01,-5.298553943634033203e+00,2.020864295959472656e+01
-3.099204599857330322e-02,-2.074021548032760620e-01,-5.299726963043212891e+00,2.021360898017883301e+01
-3.106812573969364166e-02,-2.076396048069000244e-01,-5.300860881805419922e+00,2.021868610382080078e+01
-3.115323558449745178e-02,-2.079185545444488525e-01,-5.301937580108642578e+00,2.022363114356994629e+01
-3.125450387597084045e-02,-2.080965936183929443e-01,-5.303195953369140625e+00,2.022878313064575195e+01
-3.135692328214645386e-02,-2.083139568567276001e-01,-5.304351806640625000e+00,2.023370599746704102e+01
-3.146943077445030212e-02,-2.085244804620742798e-01,-5.305511951446533203e+00,2.023860406875610352e+01
-3.164549544453620911e-02,-2.075138092041015625e-01,-5.309092521667480469e+00,2.024342203140258789e+01
-3.169845417141914368e-02,-2.075114995241165161e-01,-5.310527801513671875e+00,2.024876809120178223e+01
-3.174687549471855164e-02,-2.075538933277130127e-01,-5.312005043029785156e+00,2.025376200675964355e+01
-3.177492693066596985e-02,-2.075926363468170166e-01,-5.313505172729492188e+00,2.025867199897766113e+01
-3.187517449259757996e-02,-2.074133604764938354e-01,-5.315022468566894531e+00,2.026384711265563965e+01
-3.192823007702827454e-02,-2.072713971138000488e-01,-5.316559314727783203e+00,2.026872515678405762e+01
-3.147684037685394287e-02,-2.069320082664489746e-01,-5.317403793334960938e+00,2.027372097969055176e+01
-3.146373108029365540e-02,-2.071691751480102539e-01,-5.319077491760253906e+00,2.027872204780578613e+01
-3.147785738110542297e-02,-2.072149962186813354e-01,-5.320768833160400391e+00,2.028372097015380859e+01
-3.148603811860084534e-02,-2.073025256395339966e-01,-5.322514057159423828e+00,2.028872895240783691e+01
-3.125865012407302856e-02,-2.071629762649536133e-01,-5.324137687683105469e+00,2.029393410682678223e+01
-3.106045722961425781e-02,-2.071303874254226685e-01,-5.325840950012207031e+00,2.029884099960327148e+01
-3.078522346913814545e-02,-2.070672959089279175e-01,-5.327546119689941406e+00,2.030368804931640625e+01
-3.124093636870384216e-02,-2.078775465488433838e-01,-5.329061031341552734e+00,2.030865406990051270e+01
-3.121746890246868134e-02,-2.079867720603942871e-01,-5.330615520477294922e+00,2.031382608413696289e+01
-3.124122321605682373e-02,-2.081335783004760742e-01,-5.332137584686279297e+00,2.031885194778442383e+01
-3.115929104387760162e-02,-2.079377621412277222e-01,-5.333383560180664062e+00,2.032368612289428711e+01
-3.115569055080413818e-02,-2.079189270734786987e-01,-5.334650516510009766e+00,2.032895898818969727e+01
-3.115836717188358307e-02,-2.078580558300018311e-01,-5.335828781127929688e+00,2.033381509780883789e+01
-3.189332783222198486e-02,-2.088899910449981689e-01,-5.338103771209716797e+00,2.033882308006286621e+01
-3.225119784474372864e-02,-2.091834545135498047e-01,-5.339826107025146484e+00,2.034378004074096680e+01
-3.258658200502395630e-02,-2.093877345323562622e-01,-5.341311931610107422e+00,2.034885096549987793e+01
-3.300959616899490356e-02,-2.096602618694305420e-01,-5.342855930328369141e+00,2.035381913185119629e+01
-3.325853496789932251e-02,-2.098581194877624512e-01,-5.344485759735107422e+00,2.035885000228881836e+01
-3.357577323913574219e-02,-2.100556045770645142e-01,-5.346090316772460938e+00,2.036393904685974121e+01
-3.389456123113632202e-02,-2.102536112070083618e-01,-5.347739219665527344e+00,2.036886096000671387e+01
-3.429115936160087585e-02,-2.104914635419845581e-01,-5.349516868591308594e+00,2.037382102012634277e+01
-3.235012665390968323e-02,-2.086716592311859131e-01,-5.349591732025146484e+00,2.037884902954101562e+01
-3.254738450050354004e-02,-2.087676078081130981e-01,-5.351418972015380859e+00,2.038394498825073242e+01
-3.258506581187248230e-02,-2.088183611631393433e-01,-5.353216171264648438e+00,2.038895010948181152e+01
-3.269967436790466309e-02,-2.089025825262069702e-01,-5.355104446411132812e+00,2.039404606819152832e+01
-3.279900178313255310e-02,-2.089836448431015015e-01,-5.357039928436279297e+00,2.039909005165100098e+01
-3.271023929119110107e-02,-2.090138643980026245e-01,-5.358583927154541016e+00,2.040394902229309082e+01
-3.200707212090492249e-02,-2.087759375572204590e-01,-5.358741760253906250e+00,2.040896606445312500e+01
-3.174021095037460327e-02,-2.088085412979125977e-01,-5.360128402709960938e+00,2.041395211219787598e+01
-3.194842487573623657e-02,-2.089167535305023193e-01,-5.361463546752929688e+00,2.041928195953369141e+01
-3.193208202719688416e-02,-2.089801281690597534e-01,-5.362742424011230469e+00,2.042396306991577148e+01
-3.194101154804229736e-02,-2.090691477060317993e-01,-5.363945007324218750e+00,2.042925310134887695e+01
-3.197537735104560852e-02,-2.092057615518569946e-01,-5.365057468414306641e+00,2.043423914909362793e+01
-3.199323639273643494e-02,-2.092180401086807251e-01,-5.366502761840820312e+00,2.043913912773132324e+01
-3.305795416235923767e-02,-2.105601280927658081e-01,-5.369732856750488281e+00,2.044412493705749512e+01
-3.324460983276367188e-02,-2.107912003993988037e-01,-5.371136188507080078e+00,2.044910597801208496e+01
-3.334214910864830017e-02,-2.109390497207641602e-01,-5.372985363006591797e+00,2.045418310165405273e+01
-3.349883481860160828e-02,-2.111161649227142334e-01,-5.374628067016601562e+00,2.045920109748840332e+01
-3.366606682538986206e-02,-2.112736552953720093e-01,-5.376330375671386719e+00,2.046415710449218750e+01
-3.358803316950798035e-02,-2.113546580076217651e-01,-5.378213882446289062e+00,2.046922111511230469e+01
-3.219120576977729797e-02,-2.093270719051361084e-01,-5.378987312316894531e+00,2.047417497634887695e+01
-3.192961215972900391e-02,-2.093203961849212646e-01,-5.381021499633789062e+00,2.047926497459411621e+01
-3.231291845440864563e-02,-2.093390077352523804e-01,-5.382940769195556641e+00,2.048419094085693359e+01
-3.238748013973236084e-02,-2.093667834997177124e-01,-5.385011672973632812e+00,2.048908901214599609e+01
-3.253187611699104309e-02,-2.094480246305465698e-01,-5.387135028839111328e+00,2.049438905715942383e+01
-3.241219371557235718e-02,-2.095611691474914551e-01,-5.388576030731201172e+00,2.049937415122985840e+01
-3.241673484444618225e-02,-2.096444815397262573e-01,-5.390199184417724609e+00,2.050414013862609863e+01
-3.136849030852317810e-02,-2.100003212690353394e-01,-5.389976024627685547e+00,2.050919413566589355e+01
-3.113887086510658264e-02,-2.100905776023864746e-01,-5.391096115112304688e+00,2.051426410675048828e+01
-3.108805045485496521e-02,-2.105216085910797119e-01,-5.392043113708496094e+00,2.051940107345581055e+01
-3.088977001607418060e-02,-2.107257544994354248e-01,-5.392807960510253906e+00,2.052426314353942871e+01
-3.070102259516716003e-02,-2.109705209732055664e-01,-5.393432140350341797e+00,2.052931404113769531e+01
-3.050588443875312805e-02,-2.112675607204437256e-01,-5.394398689270019531e+00,2.053422999382019043e+01
-3.031861782073974609e-02,-2.115299105644226074e-01,-5.395166873931884766e+00,2.053924393653869629e+01
-3.333200514316558838e-02,-2.109755724668502808e-01,-5.400741100311279297e+00,2.054417514801025391e+01
-3.371397778391838074e-02,-2.110877037048339844e-01,-5.402664184570312500e+00,2.054922199249267578e+01
-3.399062156677246094e-02,-2.111933678388595581e-01,-5.404356479644775391e+00,2.055423402786254883e+01
-3.431291133165359497e-02,-2.113107293844223022e-01,-5.406136989593505859e+00,2.055926704406738281e+01
-3.424521535634994507e-02,-2.114313095808029175e-01,-5.407863616943359375e+00,2.056435298919677734e+01
-3.428889811038970947e-02,-2.115511596202850342e-01,-5.409737110137939453e+00,2.056921410560607910e+01
-3.269713371992111206e-02,-2.095801830291748047e-01,-5.409207820892333984e+00,2.057421994209289551e+01
-3.270179033279418945e-02,-2.093385756015777588e-01,-5.410748481750488281e+00,2.057942199707031250e+01
-3.251061215996742249e-02,-2.091614753007888794e-01,-5.412481307983398438e+00,2.058436107635498047e+01
-3.230604901909828186e-02,-2.089463025331497192e-01,-5.414241313934326172e+00,2.058933210372924805e+01
-3.236193209886550903e-02,-2.090803980827331543e-01,-5.415785312652587891e+00,2.059473299980163574e+01
-3.235494717955589294e-02,-2.090313434600830078e-01,-5.417367458343505859e+00,2.059950494766235352e+01
-3.241622447967529297e-02,-2.090027928352355957e-01,-5.418909072875976562e+00,2.060560894012451172e+01
-3.349046781659126282e-02,-2.109929919242858887e-01,-5.420146465301513672e+00,2.060953092575073242e+01
-3.311747685074806213e-02,-2.107049822807312012e-01,-5.421350002288818359e+00,2.061433100700378418e+01
-3.310192003846168518e-02,-2.107332199811935425e-01,-5.422553539276123047e+00,2.061945915222167969e+01
-3.305796161293983459e-02,-2.107392549514770508e-01,-5.423667907714843750e+00,2.062440514564514160e+01
-3.305105492472648621e-02,-2.110089361667633057e-01,-5.424920082092285156e+00,2.062950301170349121e+01
-3.298570215702056885e-02,-2.112147957086563110e-01,-5.426043510437011719e+00,2.063430905342102051e+01
-3.290166705846786499e-02,-2.114953696727752686e-01,-5.427140235900878906e+00,2.063941407203674316e+01
-3.392342105507850647e-02,-2.122526615858078003e-01,-5.431483745574951172e+00,2.064440298080444336e+01
-3.399767726659774780e-02,-2.123459279537200928e-01,-5.432976722717285156e+00,2.064955711364746094e+01
-3.409055992960929871e-02,-2.124105244874954224e-01,-5.434484004974365234e+00,2.065451693534851074e+01
-3.425465524196624756e-02,-2.124295830726623535e-01,-5.436116695404052734e+00,2.065954494476318359e+01
-3.444396331906318665e-02,-2.124789655208587646e-01,-5.437770366668701172e+00,2.066450214385986328e+01
-3.467407822608947754e-02,-2.125383615493774414e-01,-5.439478874206542969e+00,2.066957592964172363e+01
-3.420183062553405762e-02,-2.108703404664993286e-01,-5.439856529235839844e+00,2.067450499534606934e+01
-3.422931954264640808e-02,-2.108886241912841797e-01,-5.441464900970458984e+00,2.067954111099243164e+01
-3.420519456267356873e-02,-2.108980119228363037e-01,-5.443066596984863281e+00,2.068447208404541016e+01
-3.412923216819763184e-02,-2.108864486217498779e-01,-5.444674491882324219e+00,2.068939709663391113e+01
-3.415046632289886475e-02,-2.108619064092636108e-01,-5.446064472198486328e+00,2.069472908973693848e+01
-3.408975154161453247e-02,-2.108901143074035645e-01,-5.447540283203125000e+00,2.069956302642822266e+01
-3.400550782680511475e-02,-2.108969241380691528e-01,-5.448976993560791016e+00,2.070441699028015137e+01
-3.447634354233741760e-02,-2.115720659494400024e-01,-5.451324462890625000e+00,2.070955801010131836e+01
-3.441434353590011597e-02,-2.114929556846618652e-01,-5.452769756317138672e+00,2.071450209617614746e+01
-3.434300795197486877e-02,-2.114191651344299316e-01,-5.454184532165527344e+00,2.071957206726074219e+01
-3.443801030516624451e-02,-2.112700194120407104e-01,-5.455669403076171875e+00,2.072460603713989258e+01
-3.438201919198036194e-02,-2.109938710927963257e-01,-5.457070827484130859e+00,2.072965192794799805e+01
-3.432716429233551025e-02,-2.107180505990982056e-01,-5.458435058593750000e+00,2.073459696769714355e+01
-3.417523950338363647e-02,-2.106738090515136719e-01,-5.459729671478271484e+00,2.073958110809326172e+01
-3.461175039410591125e-02,-2.132861018180847168e-01,-5.461296558380126953e+00,2.074458909034729004e+01
-3.447932377457618713e-02,-2.136438041925430298e-01,-5.462552070617675781e+00,2.074965214729309082e+01
-3.453871980309486389e-02,-2.136707901954650879e-01,-5.464029788970947266e+00,2.075457215309143066e+01
-3.452921286225318909e-02,-2.139214128255844116e-01,-5.465424060821533203e+00,2.075971698760986328e+01
-3.454094752669334412e-02,-2.142026871442794800e-01,-5.466847896575927734e+00,2.076469707489013672e+01
-3.444926813244819641e-02,-2.146218121051788330e-01,-5.468578338623046875e+00,2.076989793777465820e+01
-3.552430123090744019e-02,-2.131165713071823120e-01,-5.472457885742187500e+00,2.077455401420593262e+01
-3.560345992445945740e-02,-2.133554369211196899e-01,-5.474620819091796875e+00,2.077954196929931641e+01
-3.557065874338150024e-02,-2.135211229324340820e-01,-5.476810932159423828e+00,2.078470706939697266e+01
-3.571967780590057373e-02,-2.133459150791168213e-01,-5.478847503662109375e+00,2.078976202011108398e+01
-3.575658053159713745e-02,-2.133640944957733154e-01,-5.481069087982177734e+00,2.079482007026672363e+01
-3.580993413925170898e-02,-2.133840769529342651e-01,-5.483371257781982422e+00,2.079988813400268555e+01
-3.617060929536819458e-02,-2.136905044317245483e-01,-5.485436916351318359e+00,2.080471801757812500e+01
-3.562023118138313293e-02,-2.131064832210540771e-01,-5.482290267944335938e+00,2.080975294113159180e+01
-3.612403199076652527e-02,-2.132624685764312744e-01,-5.483863830566406250e+00,2.081470704078674316e+01
-3.641459345817565918e-02,-2.132228761911392212e-01,-5.484610557556152344e+00,2.081973314285278320e+01
-3.691502660512924194e-02,-2.133161574602127075e-01,-5.485628604888916016e+00,2.082472109794616699e+01
-3.746063262224197388e-02,-2.134016156196594238e-01,-5.486495018005371094e+00,2.082987594604492188e+01
-3.756469488143920898e-02,-2.137017399072647095e-01,-5.487531185150146484e+00,2.083470511436462402e+01
-3.624979034066200256e-02,-2.145382016897201538e-01,-5.491547584533691406e+00,2.083975195884704590e+01
-3.617711737751960754e-02,-2.147030979394912720e-01,-5.492633342742919922e+00,2.084472393989562988e+01
-3.611301630735397339e-02,-2.147804796695709229e-01,-5.494389057159423828e+00,2.084972715377807617e+01
-3.592294082045555115e-02,-2.148619741201400757e-01,-5.495835781097412109e+00,2.085481905937194824e+01
-3.567396104335784912e-02,-2.149011045694351196e-01,-5.497385978698730469e+00,2.085988593101501465e+01
-3.536005318164825439e-02,-2.148965150117874146e-01,-5.499032020568847656e+00,2.086481595039367676e+01
-3.563239425420761108e-02,-2.150783091783523560e-01,-5.501224517822265625e+00,2.086987304687500000e+01
-3.651862964034080505e-02,-2.124416530132293701e-01,-5.501326084136962891e+00,2.087480497360229492e+01
-3.677551448345184326e-02,-2.125598341226577759e-01,-5.503611087799072266e+00,2.087988710403442383e+01
-3.652673214673995972e-02,-2.122693508863449097e-01,-5.505288600921630859e+00,2.088482213020324707e+01
-3.657355532050132751e-02,-2.121535688638687134e-01,-5.507475852966308594e+00,2.088989496231079102e+01
-3.659196943044662476e-02,-2.119848132133483887e-01,-5.509714603424072266e+00,2.089513707160949707e+01
-3.668292611837387085e-02,-2.123404890298843384e-01,-5.511510848999023438e+00,2.089990711212158203e+01
-3.672811388969421387e-02,-2.123238146305084229e-01,-5.513467788696289062e+00,2.090486407279968262e+01
-3.544780984520912170e-02,-2.138545364141464233e-01,-5.512743949890136719e+00,2.090977597236633301e+01
-3.521522134542465210e-02,-2.135717272758483887e-01,-5.514010429382324219e+00,2.091481709480285645e+01
-3.505077585577964783e-02,-2.135306894779205322e-01,-5.515297412872314453e+00,2.092003798484802246e+01
-3.484992682933807373e-02,-2.134391218423843384e-01,-5.516492366790771484e+00,2.092493510246276855e+01
-3.495590388774871826e-02,-2.135640829801559448e-01,-5.517935276031494141e+00,2.093001794815063477e+01
-3.497610613703727722e-02,-2.136531174182891846e-01,-5.519223690032958984e+00,2.093505597114562988e+01
-3.638013824820518494e-02,-2.160210162401199341e-01,-5.523022174835205078e+00,2.094006299972534180e+01
-3.675017133355140686e-02,-2.165469229221343994e-01,-5.524579524993896484e+00,2.094496297836303711e+01
-3.683783486485481262e-02,-2.166509628295898438e-01,-5.525986194610595703e+00,2.095002198219299316e+01
-3.705352544784545898e-02,-2.170167565345764160e-01,-5.527390956878662109e+00,2.095504713058471680e+01
-3.726929053664207458e-02,-2.174275517463684082e-01,-5.528818607330322266e+00,2.096010708808898926e+01
-3.750415146350860596e-02,-2.178944945335388184e-01,-5.530335426330566406e+00,2.096505713462829590e+01
-3.778751939535140991e-02,-2.183601856231689453e-01,-5.531846523284912109e+00,2.097002792358398438e+01
-3.322614356875419617e-02,-2.135331928730010986e-01,-5.528649806976318359e+00,2.097498798370361328e+01
-3.265470266342163086e-02,-2.135415971279144287e-01,-5.530041694641113281e+00,2.098002696037292480e+01
-3.221748024225234985e-02,-2.134011536836624146e-01,-5.531157016754150391e+00,2.098505997657775879e+01
-3.173485398292541504e-02,-2.132745981216430664e-01,-5.532347679138183594e+00,2.099005293846130371e+01
-3.152932971715927124e-02,-2.132377326488494873e-01,-5.533793449401855469e+00,2.099527001380920410e+01
-3.122944757342338562e-02,-2.131780385971069336e-01,-5.535278797149658203e+00,2.100395298004150391e+01
-3.097658976912498474e-02,-2.131383270025253296e-01,-5.536871433258056641e+00,2.100512814521789551e+01
-3.582766279578208923e-02,-2.146111726760864258e-01,-5.542697906494140625e+00,2.101018309593200684e+01
-3.577991202473640442e-02,-2.147401571273803711e-01,-5.544366359710693359e+00,2.101510500907897949e+01
-3.569257259368896484e-02,-2.148937433958053589e-01,-5.545944213867187500e+00,2.102062511444091797e+01
-3.574441000819206238e-02,-2.151558101177215576e-01,-5.547154426574707031e+00,2.102510309219360352e+01
-3.573768958449363708e-02,-2.153278440237045288e-01,-5.548371315002441406e+00,2.103031301498413086e+01
-3.573684766888618469e-02,-2.155455499887466431e-01,-5.549448966979980469e+00,2.103518509864807129e+01
-3.673762828111648560e-02,-2.160491347312927246e-01,-5.556685924530029297e+00,2.104017305374145508e+01
-3.653599321842193604e-02,-2.161173969507217407e-01,-5.557871818542480469e+00,2.104509711265563965e+01
-3.679497912526130676e-02,-2.161640673875808716e-01,-5.559910297393798828e+00,2.105025911331176758e+01
-3.708685562014579773e-02,-2.162422537803649902e-01,-5.562013149261474609e+00,2.105527997016906738e+01
-3.749416023492813110e-02,-2.165373414754867554e-01,-5.564450263977050781e+00,2.106036806106567383e+01
-3.794234991073608398e-02,-2.167541086673736572e-01,-5.566859245300292969e+00,2.106509494781494141e+01
-3.835953027009963989e-02,-2.169262021780014038e-01,-5.569309711456298828e+00,2.107029914855957031e+01
-3.521808236837387085e-02,-2.149499952793121338e-01,-5.563668251037597656e+00,2.107528209686279297e+01
-3.537714853882789612e-02,-2.150720506906509399e-01,-5.565567970275878906e+00,2.108027601242065430e+01
-3.554503619670867920e-02,-2.152024358510971069e-01,-5.567520141601562500e+00,2.108521604537963867e+01
-3.621230646967887878e-02,-2.158332318067550659e-01,-5.569294929504394531e+00,2.109033799171447754e+01
-3.656946867704391479e-02,-2.160390764474868774e-01,-5.571253299713134766e+00,2.109545612335205078e+01
-3.694919496774673462e-02,-2.163199484348297119e-01,-5.573179244995117188e+00,2.110049700736999512e+01
-3.696849197149276733e-02,-2.164376229047775269e-01,-5.575155735015869141e+00,2.110520005226135254e+01
-3.466657549142837524e-02,-2.148220241069793701e-01,-5.574135303497314453e+00,2.111032915115356445e+01
-3.448067978024482727e-02,-2.147894203662872314e-01,-5.575974464416503906e+00,2.111521697044372559e+01
-3.420865908265113831e-02,-2.147614955902099609e-01,-5.577832698822021484e+00,2.112041211128234863e+01
-3.410615026950836182e-02,-2.149501144886016846e-01,-5.579406738281250000e+00,2.112527608871459961e+01
-3.384064882993698120e-02,-2.150420397520065308e-01,-5.581189155578613281e+00,2.113043808937072754e+01
-3.353429585695266724e-02,-2.151701897382736206e-01,-5.582975864410400391e+00,2.113536405563354492e+01
-3.524539619684219360e-02,-2.153839915990829468e-01,-5.584699153900146484e+00,2.114037609100341797e+01
-3.561638668179512024e-02,-2.155087292194366455e-01,-5.586126804351806641e+00,2.114519309997558594e+01
-3.606472164392471313e-02,-2.156585007905960083e-01,-5.587385177612304688e+00,2.115039205551147461e+01
-3.557236865162849426e-02,-2.155095487833023071e-01,-5.587738990783691406e+00,2.115530705451965332e+01
-3.558833152055740356e-02,-2.155217528343200684e-01,-5.588376522064208984e+00,2.116062307357788086e+01
-3.553977981209754944e-02,-2.155148535966873169e-01,-5.588807106018066406e+00,2.116545605659484863e+01
-3.551287949085235596e-02,-2.155501246452331543e-01,-5.589938640594482422e+00,2.117058897018432617e+01
-3.480160981416702271e-02,-2.150981724262237549e-01,-5.594441413879394531e+00,2.117540502548217773e+01
-3.467167541384696960e-02,-2.152228802442550659e-01,-5.595875740051269531e+00,2.118039608001708984e+01
-3.461546450853347778e-02,-2.154335528612136841e-01,-5.597666263580322266e+00,2.118548297882080078e+01
-3.451641276478767395e-02,-2.156364321708679199e-01,-5.599428176879882812e+00,2.119034695625305176e+01
-3.439871966838836670e-02,-2.158497571945190430e-01,-5.601274967193603516e+00,2.119561314582824707e+01
-3.433375805616378784e-02,-2.159291803836822510e-01,-5.603094100952148438e+00,2.120078897476196289e+01
-3.423034772276878357e-02,-2.160279899835586548e-01,-5.605062007904052734e+00,2.120550894737243652e+01
-3.353887423872947693e-02,-2.135113328695297241e-01,-5.602624893188476562e+00,2.121054506301879883e+01
-3.340706974267959595e-02,-2.132985442876815796e-01,-5.604276180267333984e+00,2.121552705764770508e+01
-3.382802382111549377e-02,-2.133163064718246460e-01,-5.605699062347412109e+00,2.122045207023620605e+01
-3.400981798768043518e-02,-2.132172882556915283e-01,-5.607323646545410156e+00,2.122546410560607910e+01
-3.427910432219505310e-02,-2.131488472223281860e-01,-5.608983993530273438e+00,2.123053097724914551e+01
-3.420347347855567932e-02,-2.129715234041213989e-01,-5.610383987426757812e+00,2.123548007011413574e+01
-3.188094496726989746e-02,-2.148016542196273804e-01,-5.613320350646972656e+00,2.124046301841735840e+01
-3.148876503109931946e-02,-2.147873640060424805e-01,-5.614715099334716797e+00,2.124544095993041992e+01
-3.092485666275024414e-02,-2.150039821863174438e-01,-5.615753173828125000e+00,2.125063800811767578e+01
-3.037038259208202362e-02,-2.150512039661407471e-01,-5.616837978363037109e+00,2.125559997558593750e+01
-2.975303307175636292e-02,-2.151078432798385620e-01,-5.617817401885986328e+00,2.126073312759399414e+01
-2.951181866228580475e-02,-2.151803076267242432e-01,-5.618936061859130859e+00,2.126560211181640625e+01
-2.914350293576717377e-02,-2.152508497238159180e-01,-5.619909286499023438e+00,2.127063393592834473e+01
-3.443505987524986267e-02,-2.167977988719940186e-01,-5.624437332153320312e+00,2.127564692497253418e+01
-3.435891121625900269e-02,-2.169619947671890259e-01,-5.625984191894531250e+00,2.128063797950744629e+01
-3.442019596695899963e-02,-2.171921283006668091e-01,-5.627407550811767578e+00,2.128559899330139160e+01
-3.447854146361351013e-02,-2.174499779939651489e-01,-5.628901481628417969e+00,2.129064512252807617e+01
-3.453800082206726074e-02,-2.177205681800842285e-01,-5.630428791046142578e+00,2.129593610763549805e+01
-3.459712117910385132e-02,-2.179096192121505737e-01,-5.632242679595947266e+00,2.130064010620117188e+01
-3.465921804308891296e-02,-2.181277275085449219e-01,-5.634056568145751953e+00,2.130576801300048828e+01
-3.321607783436775208e-02,-2.150164991617202759e-01,-5.634633064270019531e+00,2.131052899360656738e+01
-3.294331207871437073e-02,-2.149281054735183716e-01,-5.636511325836181641e+00,2.131557893753051758e+01
-3.275704383850097656e-02,-2.148565351963043213e-01,-5.638554573059082031e+00,2.132077002525329590e+01
-3.253154456615447998e-02,-2.147849351167678833e-01,-5.640691757202148438e+00,2.132575297355651855e+01
-3.236118331551551819e-02,-2.146727889776229858e-01,-5.642394065856933594e+00,2.133096504211425781e+01
-3.212991356849670410e-02,-2.145578712224960327e-01,-5.644246578216552734e+00,2.133568596839904785e+01
-3.228077664971351624e-02,-2.145332992076873779e-01,-5.643831253051757812e+00,2.134078407287597656e+01
-3.219178691506385803e-02,-2.147661745548248291e-01,-5.645060539245605469e+00,2.134577107429504395e+01
-3.205876797437667847e-02,-2.147096544504165649e-01,-5.646320819854736328e+00,2.135077905654907227e+01
-3.195185214281082153e-02,-2.145773619413375854e-01,-5.647506237030029297e+00,2.135576009750366211e+01
-3.208022937178611755e-02,-2.145623415708541870e-01,-5.648976325988769531e+00,2.136080408096313477e+01
-3.217014670372009277e-02,-2.145214974880218506e-01,-5.650270462036132812e+00,2.136581611633300781e+01
-3.234177455306053162e-02,-2.144939303398132324e-01,-5.651629447937011719e+00,2.137078809738159180e+01
-3.162840381264686584e-02,-2.164013683795928955e-01,-5.653985500335693359e+00,2.137601304054260254e+01
-3.163389116525650024e-02,-2.165854126214981079e-01,-5.655375480651855469e+00,2.138078904151916504e+01
-3.167233988642692566e-02,-2.168801575899124146e-01,-5.656807899475097656e+00,2.138593101501464844e+01
-3.168862313032150269e-02,-2.171700894832611084e-01,-5.658269405364990234e+00,2.139063906669616699e+01
-3.169569000601768494e-02,-2.174080610275268555e-01,-5.659622192382812500e+00,2.139594411849975586e+01
-3.169309347867965698e-02,-2.176942974328994751e-01,-5.660990715026855469e+00,2.140433311462402344e+01
-3.167477622628211975e-02,-2.179640382528305054e-01,-5.662362575531005859e+00,2.140581893920898438e+01
-3.142587468028068542e-02,-2.154774218797683716e-01,-5.664317131042480469e+00,2.141089296340942383e+01
-3.134005516767501831e-02,-2.154447734355926514e-01,-5.665724277496337891e+00,2.141576004028320312e+01
-3.125410526990890503e-02,-2.153511494398117065e-01,-5.667143821716308594e+00,2.142074394226074219e+01
-3.113741613924503326e-02,-2.152519822120666504e-01,-5.668767452239990234e+00,2.142574095726013184e+01
-3.100408054888248444e-02,-2.151590436697006226e-01,-5.670330047607421875e+00,2.143128514289855957e+01
-3.085285983979701996e-02,-2.150552868843078613e-01,-5.671939849853515625e+00,2.143593311309814453e+01
-3.197868540883064270e-02,-2.162487655878067017e-01,-5.674295425415039062e+00,2.144088006019592285e+01
-3.203810378909111023e-02,-2.163069546222686768e-01,-5.675965309143066406e+00,2.144583606719970703e+01
-3.209088370203971863e-02,-2.163994014263153076e-01,-5.677639484405517578e+00,2.145105314254760742e+01
-3.208870068192481995e-02,-2.164161652326583862e-01,-5.679032325744628906e+00,2.145583415031433105e+01
-3.208173066377639771e-02,-2.164345830678939819e-01,-5.680513858795166016e+00,2.146111202239990234e+01
-3.205335140228271484e-02,-2.164630591869354248e-01,-5.681922912597656250e+00,2.146603703498840332e+01
-3.200297802686691284e-02,-2.164740562438964844e-01,-5.683264732360839844e+00,2.147105002403259277e+01
-3.114105015993118286e-02,-2.165606170892715454e-01,-5.685383319854736328e+00,2.147604298591613770e+01
-3.137260675430297852e-02,-2.166195362806320190e-01,-5.686931133270263672e+00,2.148103308677673340e+01
-3.161855787038803101e-02,-2.166264653205871582e-01,-5.688460826873779297e+00,2.148602294921875000e+01
-3.189292550086975098e-02,-2.167258113622665405e-01,-5.690254688262939453e+00,2.149108099937438965e+01
-3.225770592689514160e-02,-2.168206423521041870e-01,-5.691940784454345703e+00,2.149641394615173340e+01
-3.267142921686172485e-02,-2.169351279735565186e-01,-5.693671703338623047e+00,2.150103497505187988e+01
-3.301730379462242126e-02,-2.169721573591232300e-01,-5.695430278778076172e+00,2.150602102279663086e+01
-3.131244331598281860e-02,-2.164478600025177002e-01,-5.694867134094238281e+00,2.151105594635009766e+01
-3.156385198235511780e-02,-2.165024876594543457e-01,-5.696434020996093750e+00,2.151604104042053223e+01
-3.132815659046173096e-02,-2.168443500995635986e-01,-5.697874546051025391e+00,2.152106499671936035e+01
-3.128425776958465576e-02,-2.170783430337905884e-01,-5.699393749237060547e+00,2.152678298950195312e+01
-3.117064759135246277e-02,-2.173406630754470825e-01,-5.700917720794677734e+00,2.153109097480773926e+01
-3.117323666810989380e-02,-2.173431515693664551e-01,-5.702316284179687500e+00,2.153649401664733887e+01
-3.017758578062057495e-02,-2.152594029903411865e-01,-5.703440666198730469e+00,2.154108715057373047e+01
-3.001671284437179565e-02,-2.151096761226654053e-01,-5.704765796661376953e+00,2.154646897315979004e+01
-2.995891682803630829e-02,-2.152243256568908691e-01,-5.706251144409179688e+00,2.155142998695373535e+01
-2.982468158006668091e-02,-2.151140868663787842e-01,-5.707623481750488281e+00,2.155664992332458496e+01
-2.969138883054256439e-02,-2.149826735258102417e-01,-5.708987712860107422e+00,2.156119394302368164e+01
-2.957067824900150299e-02,-2.149461060762405396e-01,-5.710312843322753906e+00,2.156661701202392578e+01
-2.972108498215675354e-02,-2.149077802896499634e-01,-5.711860179901123047e+00,2.157112693786621094e+01
-2.978743612766265869e-02,-2.148840874433517456e-01,-5.713324069976806641e+00,2.157648015022277832e+01
-3.126833215355873108e-02,-2.174313962459564209e-01,-5.715989589691162109e+00,2.158109593391418457e+01
-3.097233176231384277e-02,-2.175634801387786865e-01,-5.717285156250000000e+00,2.158640003204345703e+01
-3.098217397928237915e-02,-2.177992165088653564e-01,-5.718674659729003906e+00,2.159114503860473633e+01
-3.094565123319625854e-02,-2.180301696062088013e-01,-5.720037460327148438e+00,2.159656214714050293e+01
-3.108761645853519440e-02,-2.182466387748718262e-01,-5.721478939056396484e+00,2.160120105743408203e+01
-3.115116246044635773e-02,-2.184870392084121704e-01,-5.722878456115722656e+00,2.160663700103759766e+01
-3.074189089238643646e-02,-2.166420221328735352e-01,-5.724588871002197266e+00,2.161129593849182129e+01
-3.080495633184909821e-02,-2.166607379913330078e-01,-5.726178646087646484e+00,2.161639213562011719e+01
-3.089999407529830933e-02,-2.167098224163055420e-01,-5.727730751037597656e+00,2.162115097045898438e+01
-3.099643625319004059e-02,-2.167029976844787598e-01,-5.729337692260742188e+00,2.162677597999572754e+01
-3.127321973443031311e-02,-2.166828215122222900e-01,-5.730922698974609375e+00,2.163134193420410156e+01
-3.153799846768379211e-02,-2.166840434074401855e-01,-5.732523918151855469e+00,2.163650512695312500e+01
-3.186220303177833557e-02,-2.167026698589324951e-01,-5.734128475189208984e+00,2.164269113540649414e+01
-3.243067488074302673e-02,-2.166139036417007446e-01,-5.734241008758544922e+00,2.164644098281860352e+01
-3.223060816526412964e-02,-2.162797152996063232e-01,-5.735280990600585938e+00,2.165138792991638184e+01
-3.240538761019706726e-02,-2.161087989807128906e-01,-5.736498355865478516e+00,2.165663099288940430e+01
-3.254032135009765625e-02,-2.158907502889633179e-01,-5.737681865692138672e+00,2.166156005859375000e+01
-3.276216611266136169e-02,-2.159387618303298950e-01,-5.739081382751464844e+00,2.166663503646850586e+01
-3.291971236467361450e-02,-2.158498167991638184e-01,-5.740377902984619141e+00,2.167130494117736816e+01
-3.305499255657196045e-02,-2.157933712005615234e-01,-5.741669654846191406e+00,2.167663693428039551e+01
-3.121397830545902252e-02,-2.174944877624511719e-01,-5.744311332702636719e+00,2.168125295639038086e+01
-3.120634332299232483e-02,-2.176012545824050903e-01,-5.745802402496337891e+00,2.168663692474365234e+01
-3.118894994258880615e-02,-2.177274823188781738e-01,-5.747314929962158203e+00,2.169145393371582031e+01
-3.139797225594520569e-02,-2.181662172079086304e-01,-5.749023914337158203e+00,2.169664692878723145e+01
-3.145442530512809753e-02,-2.185233384370803833e-01,-5.750584125518798828e+00,2.170134496688842773e+01
-3.151613101363182068e-02,-2.189191281795501709e-01,-5.752178192138671875e+00,2.170644807815551758e+01
-3.155945613980293274e-02,-2.191210538148880005e-01,-5.753617286682128906e+00,2.171136903762817383e+01
-3.143360093235969543e-02,-2.172931581735610962e-01,-5.755013465881347656e+00,2.171657204627990723e+01
-3.148850053548812866e-02,-2.172164767980575562e-01,-5.756558895111083984e+00,2.172156214714050293e+01
-3.108236007392406464e-02,-2.173665612936019897e-01,-5.757808208465576172e+00,2.172687792778015137e+01
-3.082822263240814209e-02,-2.173844426870346069e-01,-5.759137153625488281e+00,2.173156714439392090e+01
-3.048302419483661652e-02,-2.173999100923538208e-01,-5.760395526885986328e+00,2.173677492141723633e+01
-3.004973195493221283e-02,-2.174337655305862427e-01,-5.761583328247070312e+00,2.174155497550964355e+01
-3.100739978253841400e-02,-2.189311236143112183e-01,-5.763356685638427734e+00,2.174684405326843262e+01
-3.110198304057121277e-02,-2.190575897693634033e-01,-5.764626502990722656e+00,2.175156402587890625e+01
-3.125753998756408691e-02,-2.191734611988067627e-01,-5.765881538391113281e+00,2.175661897659301758e+01
-3.128769993782043457e-02,-2.192792892456054688e-01,-5.767293453216552734e+00,2.176182603836059570e+01
-3.144216537475585938e-02,-2.193802893161773682e-01,-5.768581867218017578e+00,2.176677799224853516e+01
-3.162244707345962524e-02,-2.194358855485916138e-01,-5.769833564758300781e+00,2.177156996726989746e+01
-3.164074569940567017e-02,-2.184804081916809082e-01,-5.771533489227294922e+00,2.177671003341674805e+01
-3.198261559009552002e-02,-2.186141014099121094e-01,-5.773156642913818359e+00,2.178156399726867676e+01
-3.238889575004577637e-02,-2.187539190053939819e-01,-5.774851799011230469e+00,2.178667593002319336e+01
-3.220256790518760681e-02,-2.189959585666656494e-01,-5.776587486267089844e+00,2.179170203208923340e+01
-3.228392079472541809e-02,-2.192235887050628662e-01,-5.778379440307617188e+00,2.179691505432128906e+01
-3.230970725417137146e-02,-2.194521129131317139e-01,-5.780260086059570312e+00,2.180159211158752441e+01
-3.262695297598838806e-02,-2.194949090480804443e-01,-5.782098770141601562e+00,2.180674695968627930e+01
-3.221467882394790649e-02,-2.179838567972183228e-01,-5.782761573791503906e+00,2.181170105934143066e+01
-3.243747353553771973e-02,-2.178939431905746460e-01,-5.784565925598144531e+00,2.181667399406433105e+01
-3.269941732287406921e-02,-2.177519947290420532e-01,-5.786401271820068359e+00,2.182169103622436523e+01
-3.248416632413864136e-02,-2.176111489534378052e-01,-5.787455081939697266e+00,2.182719993591308594e+01
-3.252432122826576233e-02,-2.174396812915802002e-01,-5.788890361785888672e+00,2.183197903633117676e+01
-3.253700956702232361e-02,-2.172805666923522949e-01,-5.790252685546875000e+00,2.183666992187500000e+01
-3.248566389083862305e-02,-2.172196656465530396e-01,-5.791608810424804688e+00,2.184169507026672363e+01
-3.282092139124870300e-02,-2.192735522985458374e-01,-5.792551994323730469e+00,2.184668707847595215e+01
-3.268464654684066772e-02,-2.191709578037261963e-01,-5.793607711791992188e+00,2.185176897048950195e+01
-3.285268321633338928e-02,-2.193814814090728760e-01,-5.795124530792236328e+00,2.185675501823425293e+01
-3.284959495067596436e-02,-2.194613069295883179e-01,-5.796373367309570312e+00,2.186206507682800293e+01
-3.286165371537208557e-02,-2.195658683776855469e-01,-5.797648906707763672e+00,2.186682200431823730e+01
-3.286698833107948303e-02,-2.195900380611419678e-01,-5.799025058746337891e+00,2.187182807922363281e+01
-3.311107680201530457e-02,-2.192228138446807861e-01,-5.801490783691406250e+00,2.187681007385253906e+01
-3.324013575911521912e-02,-2.191945761442184448e-01,-5.803085327148437500e+00,2.188175702095031738e+01
-3.358500078320503235e-02,-2.193631231784820557e-01,-5.804841995239257812e+00,2.188677692413330078e+01
-3.386747837066650391e-02,-2.194876670837402344e-01,-5.806583881378173828e+00,2.189176702499389648e+01
-3.420351818203926086e-02,-2.196843624114990234e-01,-5.808365821838378906e+00,2.189691710472106934e+01
-3.457602113485336304e-02,-2.198878973722457886e-01,-5.810195922851562500e+00,2.190173912048339844e+01
-3.430713340640068054e-02,-2.196549922227859497e-01,-5.811859607696533203e+00,2.190680694580078125e+01
-3.131070360541343689e-02,-2.184693515300750732e-01,-5.811985492706298828e+00,2.191176915168762207e+01
-3.077690862119197845e-02,-2.181433737277984619e-01,-5.813575744628906250e+00,2.191675496101379395e+01
-3.112016245722770691e-02,-2.182132303714752197e-01,-5.814754962921142578e+00,2.192181611061096191e+01
-3.098275139927864075e-02,-2.180636078119277954e-01,-5.816173076629638672e+00,2.192719101905822754e+01
-3.090873174369335175e-02,-2.179492861032485962e-01,-5.817567348480224609e+00,2.193190908432006836e+01
-3.065699711441993713e-02,-2.177017778158187866e-01,-5.818798065185546875e+00,2.193688297271728516e+01
-3.051349893212318420e-02,-2.175441831350326538e-01,-5.820006370544433594e+00,2.194191098213195801e+01
-3.215541318058967590e-02,-2.200486958026885986e-01,-5.822411060333251953e+00,2.194688105583190918e+01
-3.194280341267585754e-02,-2.201450467109680176e-01,-5.823730945587158203e+00,2.195191907882690430e+01
-3.179420530796051025e-02,-2.201314717531204224e-01,-5.824875831604003906e+00,2.195698308944702148e+01
-3.161611035466194153e-02,-2.201050072908401489e-01,-5.826001644134521484e+00,2.196202015876770020e+01
-3.147707507014274597e-02,-2.201156169176101685e-01,-5.827316761016845703e+00,2.196685600280761719e+01
-3.129084408283233643e-02,-2.200987637042999268e-01,-5.828550338745117188e+00,2.197177100181579590e+01
-3.367260470986366272e-02,-2.217150777578353882e-01,-5.831687927246093750e+00,2.197698211669921875e+01
-3.390547260642051697e-02,-2.218613475561141968e-01,-5.833271026611328125e+00,2.198176312446594238e+01
-3.406089544296264648e-02,-2.220508009195327759e-01,-5.834853172302246094e+00,2.198712515830993652e+01
-3.424078226089477539e-02,-2.222687602043151855e-01,-5.836476802825927734e+00,2.199190711975097656e+01
-3.445340320467948914e-02,-2.225108146667480469e-01,-5.838137149810791016e+00,2.199739694595336914e+01
-3.455800190567970276e-02,-2.226115167140960693e-01,-5.839710712432861328e+00,2.200208592414855957e+01
-3.475189208984375000e-02,-2.227014452219009399e-01,-5.841398239135742188e+00,2.200715208053588867e+01
-3.372545540332794189e-02,-2.209219634532928467e-01,-5.841471672058105469e+00,2.201200413703918457e+01
-3.339049592614173889e-02,-2.210516929626464844e-01,-5.843128204345703125e+00,2.201711511611938477e+01
-3.324353694915771484e-02,-2.211642265319824219e-01,-5.844786167144775391e+00,2.202191615104675293e+01
-3.302781656384468079e-02,-2.212802320718765259e-01,-5.846500873565673828e+00,2.202718400955200195e+01
-3.313971683382987976e-02,-2.212661057710647583e-01,-5.848263740539550781e+00,2.203192710876464844e+01
-3.313602134585380554e-02,-2.212846130132675171e-01,-5.850048542022705078e+00,2.203707003593444824e+01
-3.318285197019577026e-02,-2.212896198034286499e-01,-5.851864814758300781e+00,2.204203915596008301e+01
-3.492761403322219849e-02,-2.213768362998962402e-01,-5.853910446166992188e+00,2.204716515541076660e+01
-3.511797264218330383e-02,-2.213512063026428223e-01,-5.855483055114746094e+00,2.205211114883422852e+01
-3.531628474593162537e-02,-2.213355600833892822e-01,-5.857035636901855469e+00,2.205744314193725586e+01
-3.553332388401031494e-02,-2.212684154510498047e-01,-5.858484745025634766e+00,2.206230711936950684e+01
-3.575551509857177734e-02,-2.212384045124053955e-01,-5.859898090362548828e+00,2.206725096702575684e+01
-3.598428517580032349e-02,-2.211945205926895142e-01,-5.861237049102783203e+00,2.207214498519897461e+01
-3.456321731209754944e-02,-2.229406684637069702e-01,-5.863300800323486328e+00,2.207713294029235840e+01
-3.465181589126586914e-02,-2.232498824596405029e-01,-5.864628314971923828e+00,2.208211708068847656e+01
-3.478213772177696228e-02,-2.234739661216735840e-01,-5.865870952606201172e+00,2.208727192878723145e+01
-3.491247445344924927e-02,-2.237250059843063354e-01,-5.867054939270019531e+00,2.209213805198669434e+01
-3.487938269972801208e-02,-2.238990813493728638e-01,-5.868206501007080078e+00,2.209728312492370605e+01
-3.486625477671623230e-02,-2.241176664829254150e-01,-5.869302272796630859e+00,2.210211801528930664e+01
-3.481080383062362671e-02,-2.243421822786331177e-01,-5.870361328125000000e+00,2.210721302032470703e+01
-3.425658121705055237e-02,-2.238933295011520386e-01,-5.872190475463867188e+00,2.211209511756896973e+01
-3.419139608740806580e-02,-2.239755094051361084e-01,-5.873500823974609375e+00,2.211728692054748535e+01
-3.411845490336418152e-02,-2.240435034036636353e-01,-5.874831676483154297e+00,2.212225699424743652e+01
-3.410082682967185974e-02,-2.241505533456802368e-01,-5.876415252685546875e+00,2.212731409072875977e+01
-3.405525535345077515e-02,-2.242229580879211426e-01,-5.877943992614746094e+00,2.213219714164733887e+01
-3.401594236493110657e-02,-2.242973595857620239e-01,-5.879536151885986328e+00,2.213730502128601074e+01
-3.388345986604690552e-02,-2.243107259273529053e-01,-5.881243228912353516e+00,2.214220213890075684e+01
-3.268112242221832275e-02,-2.222554236650466919e-01,-5.881327152252197266e+00,2.214726901054382324e+01
-3.243404999375343323e-02,-2.221037000417709351e-01,-5.883083820343017578e+00,2.215221095085144043e+01
-3.294451534748077393e-02,-2.222201973199844360e-01,-5.884855270385742188e+00,2.215735292434692383e+01
-3.318646922707557678e-02,-2.222128957509994507e-01,-5.886767387390136719e+00,2.216234397888183594e+01
-3.356350213289260864e-02,-2.222614437341690063e-01,-5.888753890991210938e+00,2.216730093955993652e+01
-3.406236320734024048e-02,-2.223078757524490356e-01,-5.890805721282958984e+00,2.217220401763916016e+01
-3.232802078127861023e-02,-2.227063179016113281e-01,-5.889818668365478516e+00,2.217726898193359375e+01
-3.202552348375320435e-02,-2.224646657705307007e-01,-5.890723705291748047e+00,2.218220901489257812e+01
-3.170878812670707703e-02,-2.221877276897430420e-01,-5.891499519348144531e+00,2.218743515014648438e+01
-3.137125447392463684e-02,-2.223167717456817627e-01,-5.891736507415771484e+00,2.219233298301696777e+01
-3.102224320173263550e-02,-2.221968472003936768e-01,-5.892044067382812500e+00,2.219754600524902344e+01
-3.065119311213493347e-02,-2.221007049083709717e-01,-5.892166137695312500e+00,2.220233201980590820e+01
-3.014410473406314850e-02,-2.222238481044769287e-01,-5.892965316772460938e+00,2.220743513107299805e+01
-3.441125899553298950e-02,-2.259937524795532227e-01,-5.902257442474365234e+00,2.221232700347900391e+01
-3.421325981616973877e-02,-2.261770218610763550e-01,-5.903739452362060547e+00,2.221755814552307129e+01
-3.463234007358551025e-02,-2.263483256101608276e-01,-5.905806064605712891e+00,2.222255206108093262e+01
-3.477745503187179565e-02,-2.265386879444122314e-01,-5.907751560211181641e+00,2.222766208648681641e+01
-3.499536961317062378e-02,-2.267374098300933838e-01,-5.909862518310546875e+00,2.223254108428955078e+01
-3.490540757775306702e-02,-2.268844097852706909e-01,-5.911751270294189453e+00,2.223732399940490723e+01
-3.494541719555854797e-02,-2.270132303237915039e-01,-5.913848400115966797e+00,2.224231815338134766e+01
-3.394158557057380676e-02,-2.228936702013015747e-01,-5.910524845123291016e+00,2.224737715721130371e+01
-3.379293531179428101e-02,-2.227583676576614380e-01,-5.912254810333251953e+00,2.225246810913085938e+01
-3.383659571409225464e-02,-2.226604521274566650e-01,-5.913332462310791016e+00,2.225750994682312012e+01
-3.374059498310089111e-02,-2.224894762039184570e-01,-5.914755821228027344e+00,2.226245498657226562e+01
-3.364562615752220154e-02,-2.223093658685684204e-01,-5.916117668151855469e+00,2.226749610900878906e+01
-3.352840617299079895e-02,-2.224190086126327515e-01,-5.917530536651611328e+00,2.227230501174926758e+01
-3.495077043771743774e-02,-2.254988998174667358e-01,-5.921222686767578125e+00,2.227752900123596191e+01
-3.494728729128837585e-02,-2.257311344146728516e-01,-5.922789573669433594e+00,2.228246903419494629e+01
-3.508000075817108154e-02,-2.256312370300292969e-01,-5.924127101898193359e+00,2.228755092620849609e+01
-3.514446318149566650e-02,-2.256896793842315674e-01,-5.925518989562988281e+00,2.229230999946594238e+01
-3.522147238254547119e-02,-2.256942838430404663e-01,-5.926852703094482422e+00,2.229762506484985352e+01
-3.535941988229751587e-02,-2.258393317461013794e-01,-5.928190231323242188e+00,2.230239415168762207e+01
-3.550930321216583252e-02,-2.259262651205062866e-01,-5.929482936859130859e+00,2.230746793746948242e+01
-3.571780398488044739e-02,-2.266710400581359863e-01,-5.930199146270751953e+00,2.231247401237487793e+01
-3.560385107994079590e-02,-2.266821563243865967e-01,-5.931573867797851562e+00,2.231763315200805664e+01
-3.562331199645996094e-02,-2.268559932708740234e-01,-5.932856559753417969e+00,2.232246708869934082e+01
-3.560249879956245422e-02,-2.269912213087081909e-01,-5.934139728546142578e+00,2.232777309417724609e+01
-3.556073457002639771e-02,-2.271232306957244873e-01,-5.935704231262207031e+00,2.233271503448486328e+01
-3.548313304781913757e-02,-2.273043543100357056e-01,-5.937216758728027344e+00,2.233763813972473145e+01
-3.537470847368240356e-02,-2.274862378835678101e-01,-5.938802242279052734e+00,2.234260296821594238e+01
-3.524428978562355042e-02,-2.260072678327560425e-01,-5.940896987915039062e+00,2.234764504432678223e+01
-3.547484800219535828e-02,-2.262958288192749023e-01,-5.942907333374023438e+00,2.235259509086608887e+01
-3.552450239658355713e-02,-2.265303581953048706e-01,-5.944922447204589844e+00,2.235773897171020508e+01
-3.562197834253311157e-02,-2.267794758081436157e-01,-5.947061538696289062e+00,2.236278009414672852e+01
-3.581948578357696533e-02,-2.267188429832458496e-01,-5.948894977569580078e+00,2.236766195297241211e+01
-3.602213039994239807e-02,-2.267455458641052246e-01,-5.950885772705078125e+00,2.237245607376098633e+01
-3.625110909342765808e-02,-2.260709255933761597e-01,-5.950131416320800781e+00,2.237766695022583008e+01
-3.636926785111427307e-02,-2.264411151409149170e-01,-5.951096057891845703e+00,2.238260412216186523e+01
-3.662947192788124084e-02,-2.265682369470596313e-01,-5.952288150787353516e+00,2.238764500617980957e+01
-3.689917922019958496e-02,-2.267077863216400146e-01,-5.953365325927734375e+00,2.239247298240661621e+01
-3.712440282106399536e-02,-2.267316281795501709e-01,-5.954547405242919922e+00,2.239772796630859375e+01
-3.736623004078865051e-02,-2.268266081809997559e-01,-5.955547809600830078e+00,2.240266609191894531e+01
-3.760288283228874207e-02,-2.269071191549301147e-01,-5.956484317779541016e+00,2.240787196159362793e+01
-3.727803379297256470e-02,-2.282440066337585449e-01,-5.960383892059326172e+00,2.241277313232421875e+01
-3.750596567988395691e-02,-2.284002155065536499e-01,-5.961849212646484375e+00,2.241777896881103516e+01
-3.774443641304969788e-02,-2.285551130771636963e-01,-5.963416099548339844e+00,2.242275404930114746e+01
-3.798234462738037109e-02,-2.287362217903137207e-01,-5.965027809143066406e+00,2.242812609672546387e+01
-3.818401321768760681e-02,-2.287765741348266602e-01,-5.966870307922363281e+00,2.243296194076538086e+01
-3.840334340929985046e-02,-2.288963049650192261e-01,-5.968875885009765625e+00,2.243779993057250977e+01
-3.752474114298820496e-02,-2.256633341312408447e-01,-5.967583656311035156e+00,2.244278001785278320e+01
-3.739046305418014526e-02,-2.257688194513320923e-01,-5.969603538513183594e+00,2.244780993461608887e+01
-3.736924752593040466e-02,-2.257361859083175659e-01,-5.971606254577636719e+00,2.245278310775756836e+01
-3.731635957956314087e-02,-2.257180213928222656e-01,-5.973733425140380859e+00,2.245793604850769043e+01
-3.721712529659271240e-02,-2.256103008985519409e-01,-5.975737094879150391e+00,2.246301507949829102e+01
-3.707184270024299622e-02,-2.255429327487945557e-01,-5.977893352508544922e+00,2.246793699264526367e+01
-3.688184171915054321e-02,-2.254697680473327637e-01,-5.980101108551025391e+00,2.247290706634521484e+01
-3.708631172776222229e-02,-2.262861877679824829e-01,-5.981911182403564453e+00,2.247792196273803711e+01
-3.684160113334655762e-02,-2.261402308940887451e-01,-5.984163761138916016e+00,2.248279500007629395e+01
-3.655596077442169189e-02,-2.259736955165863037e-01,-5.986471652984619141e+00,2.248793911933898926e+01
-3.719190508127212524e-02,-2.267039865255355835e-01,-5.985840797424316406e+00,2.249286603927612305e+01
-3.719688951969146729e-02,-2.268306463956832886e-01,-5.987107276916503906e+00,2.249793601036071777e+01
-3.722972422838211060e-02,-2.270325869321823120e-01,-5.988220214843750000e+00,2.250295305252075195e+01
-3.719129413366317749e-02,-2.269894927740097046e-01,-5.989611148834228516e+00,2.250818204879760742e+01
-3.843771293759346008e-02,-2.302588373422622681e-01,-5.991198062896728516e+00,2.251283812522888184e+01
-3.852929174900054932e-02,-2.302854061126708984e-01,-5.992193222045898438e+00,2.251785397529602051e+01
-3.860277682542800903e-02,-2.302770912647247314e-01,-5.993099212646484375e+00,2.252283000946044922e+01
-3.875067085027694702e-02,-2.304909080266952515e-01,-5.994811534881591797e+00,2.252810907363891602e+01
-3.887210041284561157e-02,-2.306443303823471069e-01,-5.996076107025146484e+00,2.253290295600891113e+01
-3.898942098021507263e-02,-2.307847142219543457e-01,-5.997375965118408203e+00,2.253807115554809570e+01
-3.808759525418281555e-02,-2.280807346105575562e-01,-5.998575210571289062e+00,2.254302215576171875e+01
-3.810311853885650635e-02,-2.280721515417098999e-01,-6.000350952148437500e+00,2.254805994033813477e+01
-3.811039403080940247e-02,-2.280745357275009155e-01,-6.002258777618408203e+00,2.255303311347961426e+01
-3.816098347306251526e-02,-2.280615866184234619e-01,-6.004026889801025391e+00,2.255794000625610352e+01
-3.818539530038833618e-02,-2.280344069004058838e-01,-6.006005287170410156e+00,2.256319308280944824e+01
-3.821066021919250488e-02,-2.279915511608123779e-01,-6.008048057556152344e+00,2.256795501708984375e+01
-3.816802799701690674e-02,-2.278452068567276001e-01,-6.009903430938720703e+00,2.257297396659851074e+01
-3.742367029190063477e-02,-2.275765687227249146e-01,-6.009770393371582031e+00,2.257802915573120117e+01
-3.727586194872856140e-02,-2.275186628103256226e-01,-6.011624336242675781e+00,2.258309602737426758e+01
-3.710603341460227966e-02,-2.276786863803863525e-01,-6.013342857360839844e+00,2.258793592453002930e+01
-3.692786768078804016e-02,-2.277566492557525635e-01,-6.015137195587158203e+00,2.259313607215881348e+01
-3.668888658285140991e-02,-2.277831435203552246e-01,-6.016894340515136719e+00,2.259811711311340332e+01
-3.641699999570846558e-02,-2.277960032224655151e-01,-6.018610477447509766e+00,2.260317397117614746e+01
-3.631534054875373840e-02,-2.277789860963821411e-01,-6.019854068756103516e+00,2.260851192474365234e+01
-3.807705640792846680e-02,-2.287704497575759888e-01,-6.021064758300781250e+00,2.261333107948303223e+01
-3.814616426825523376e-02,-2.287454009056091309e-01,-6.022113800048828125e+00,2.261821007728576660e+01
-3.797166049480438232e-02,-2.290467917919158936e-01,-6.022822380065917969e+00,2.262330007553100586e+01
-3.790182620286941528e-02,-2.291587144136428833e-01,-6.023538112640380859e+00,2.262888693809509277e+01
-3.781127929687500000e-02,-2.292979806661605835e-01,-6.024129390716552734e+00,2.263319206237792969e+01
-3.781505674123764038e-02,-2.294651865959167480e-01,-6.025169372558593750e+00,2.263817811012268066e+01
-3.777244687080383301e-02,-2.295898348093032837e-01,-6.025969028472900391e+00,2.264328908920288086e+01
-3.750491142272949219e-02,-2.312342673540115356e-01,-6.031433105468750000e+00,2.264822196960449219e+01
-3.752415999770164490e-02,-2.314154207706451416e-01,-6.033184051513671875e+00,2.265318608283996582e+01
-3.753880038857460022e-02,-2.316381186246871948e-01,-6.034811019897460938e+00,2.265857815742492676e+01
-3.756696730852127075e-02,-2.318558841943740845e-01,-6.036542892456054688e+00,2.266352796554565430e+01
-3.764842450618743896e-02,-2.320811897516250610e-01,-6.038378715515136719e+00,2.266834592819213867e+01
-3.773747012019157410e-02,-2.323055863380432129e-01,-6.040304660797119141e+00,2.267333507537841797e+01
-3.631081432104110718e-02,-2.286172360181808472e-01,-6.038065910339355469e+00,2.267832493782043457e+01
-3.633743897080421448e-02,-2.285622805356979370e-01,-6.039426803588867188e+00,2.268357801437377930e+01
-3.639578446745872498e-02,-2.285864204168319702e-01,-6.040995121002197266e+00,2.268838310241699219e+01
-3.648157790303230286e-02,-2.285778671503067017e-01,-6.042600631713867188e+00,2.269346594810485840e+01
-3.658973053097724915e-02,-2.285379022359848022e-01,-6.044234275817871094e+00,2.269834804534912109e+01
-3.656750544905662537e-02,-2.287065684795379639e-01,-6.045577526092529297e+00,2.270335507392883301e+01
-3.660750389099121094e-02,-2.288346439599990845e-01,-6.047029495239257812e+00,2.270842313766479492e+01
-3.606409206986427307e-02,-2.292036414146423340e-01,-6.048978805541992188e+00,2.271335101127624512e+01
-3.653469309210777283e-02,-2.293868660926818848e-01,-6.050810813903808594e+00,2.271843695640563965e+01
-3.680929914116859436e-02,-2.295277416706085205e-01,-6.052460670471191406e+00,2.272331905364990234e+01
-3.715768083930015564e-02,-2.297118604183197021e-01,-6.054122447967529297e+00,2.272872805595397949e+01
-3.722229972481727600e-02,-2.297072410583496094e-01,-6.055495738983154297e+00,2.273346614837646484e+01
-3.740597143769264221e-02,-2.297412157058715820e-01,-6.056940078735351562e+00,2.273844504356384277e+01
-3.663871437311172485e-02,-2.294396758079528809e-01,-6.058073997497558594e+00,2.274348092079162598e+01
-3.626004233956336975e-02,-2.298475950956344604e-01,-6.059296131134033203e+00,2.274848508834838867e+01
-3.599661216139793396e-02,-2.300016433000564575e-01,-6.060503005981445312e+00,2.275342106819152832e+01
-3.562944382429122925e-02,-2.302009165287017822e-01,-6.061637401580810547e+00,2.275849413871765137e+01
-3.548523038625717163e-02,-2.302121073007583618e-01,-6.063016414642333984e+00,2.276341605186462402e+01
-3.520390018820762634e-02,-2.302205413579940796e-01,-6.064296245574951172e+00,2.276848196983337402e+01
-3.491744399070739746e-02,-2.301694899797439575e-01,-6.065597534179687500e+00,2.277346110343933105e+01
-3.612153977155685425e-02,-2.298815101385116577e-01,-6.067834377288818359e+00,2.277853608131408691e+01
-3.605303540825843811e-02,-2.299139201641082764e-01,-6.069602489471435547e+00,2.278346610069274902e+01
-3.594715893268585205e-02,-2.298481613397598267e-01,-6.071292400360107422e+00,2.278850698471069336e+01
-3.585561737418174744e-02,-2.298171669244766235e-01,-6.073067188262939453e+00,2.279366993904113770e+01
-3.565415740013122559e-02,-2.296860367059707642e-01,-6.074727535247802734e+00,2.279863309860229492e+01
-3.548490256071090698e-02,-2.295977771282196045e-01,-6.076485157012939453e+00,2.280348896980285645e+01
-3.530960902571678162e-02,-2.294922024011611938e-01,-6.078265666961669922e+00,2.280864000320434570e+01
-3.529360890388488770e-02,-2.305408269166946411e-01,-6.077606201171875000e+00,2.281354093551635742e+01
-3.528098016977310181e-02,-2.306086272001266479e-01,-6.078955650329589844e+00,2.281863498687744141e+01
-3.531043976545333862e-02,-2.307020425796508789e-01,-6.080279350280761719e+00,2.282359409332275391e+01
-3.531268239021301270e-02,-2.307075560092926025e-01,-6.081541061401367188e+00,2.282880997657775879e+01
-3.536956384778022766e-02,-2.307647913694381714e-01,-6.082758426666259766e+00,2.283360314369201660e+01
-3.544336557388305664e-02,-2.308134436607360840e-01,-6.083912372589111328e+00,2.283861303329467773e+01
-3.605839982628822327e-02,-2.315781265497207642e-01,-6.086968898773193359e+00,2.284360909461975098e+01
-3.624468669295310974e-02,-2.315925210714340210e-01,-6.088252067565917969e+00,2.284863305091857910e+01
-3.645731508731842041e-02,-2.316229194402694702e-01,-6.089520931243896484e+00,2.285358810424804688e+01
-3.669103607535362244e-02,-2.316990494728088379e-01,-6.090749263763427734e+00,2.285863804817199707e+01
-3.655189648270606995e-02,-2.316949069499969482e-01,-6.092097282409667969e+00,2.286367297172546387e+01
-3.657566383481025696e-02,-2.316872328519821167e-01,-6.093379020690917969e+00,2.286864709854125977e+01
-3.654810786247253418e-02,-2.316709756851196289e-01,-6.094673156738281250e+00,2.287358593940734863e+01
-3.574847802519798279e-02,-2.318408787250518799e-01,-6.095469474792480469e+00,2.287872505187988281e+01
-3.562767803668975830e-02,-2.318486571311950684e-01,-6.096530914306640625e+00,2.288369011878967285e+01
-3.541679680347442627e-02,-2.318397313356399536e-01,-6.097481727600097656e+00,2.288889408111572266e+01
-3.574455156922340393e-02,-2.315670996904373169e-01,-6.100141525268554688e+00,2.289386105537414551e+01
-3.571551293134689331e-02,-2.315384894609451294e-01,-6.101729393005371094e+00,2.289866614341735840e+01
-3.570424392819404602e-02,-2.314738035202026367e-01,-6.103431224822998047e+00,2.290370512008666992e+01
-3.560345247387886047e-02,-2.313664704561233521e-01,-6.104998588562011719e+00,2.290871906280517578e+01
-3.491161391139030457e-02,-2.312776297330856323e-01,-6.106074810028076172e+00,2.291368412971496582e+01
-3.473293036222457886e-02,-2.311689406633377075e-01,-6.107502937316894531e+00,2.291870498657226562e+01
-3.470149636268615723e-02,-2.311867922544479370e-01,-6.108758449554443359e+00,2.292367506027221680e+01
-3.459733352065086365e-02,-2.311155647039413452e-01,-6.110084533691406250e+00,2.292887210845947266e+01
-3.449236974120140076e-02,-2.310757935047149658e-01,-6.111362457275390625e+00,2.293369197845458984e+01
-3.431923687458038330e-02,-2.311454266309738159e-01,-6.112771034240722656e+00,2.293872404098510742e+01
-3.550700098276138306e-02,-2.336530238389968872e-01,-6.116171836853027344e+00,2.294370698928833008e+01
-3.546297177672386169e-02,-2.338604927062988281e-01,-6.117664813995361328e+00,2.294881510734558105e+01
-3.540074080228805542e-02,-2.340756952762603760e-01,-6.119147777557373047e+00,2.295383715629577637e+01
-3.544977679848670959e-02,-2.342150509357452393e-01,-6.120999813079833984e+00,2.295880913734436035e+01
-3.542226552963256836e-02,-2.343748211860656738e-01,-6.122683525085449219e+00,2.296392202377319336e+01
-3.540605306625366211e-02,-2.345305234193801880e-01,-6.124399185180664062e+00,2.296885514259338379e+01
-3.582788631319999695e-02,-2.346942424774169922e-01,-6.125942230224609375e+00,2.297380304336547852e+01
-3.702545166015625000e-02,-2.335000783205032349e-01,-6.127771854400634766e+00,2.297885608673095703e+01
-3.777202591300010681e-02,-2.335618585348129272e-01,-6.129538536071777344e+00,2.298381495475769043e+01
-3.738044574856758118e-02,-2.337171733379364014e-01,-6.130568981170654297e+00,2.298884415626525879e+01
-3.759929910302162170e-02,-2.337759882211685181e-01,-6.131922245025634766e+00,2.299407315254211426e+01
-3.773205727338790894e-02,-2.338170558214187622e-01,-6.133166313171386719e+00,2.299899601936340332e+01
-3.796039149165153503e-02,-2.338891774415969849e-01,-6.134446144104003906e+00,2.300381994247436523e+01
-3.807920217514038086e-02,-2.339454591274261475e-01,-6.135602474212646484e+00,2.300895905494689941e+01
-3.741065785288810730e-02,-2.338581234216690063e-01,-6.136508941650390625e+00,2.301392412185668945e+01
-3.754948079586029053e-02,-2.340817749500274658e-01,-6.138186454772949219e+00,2.301904010772705078e+01
-3.769011050462722778e-02,-2.342999130487442017e-01,-6.139624118804931641e+00,2.302377605438232422e+01
-3.781742975115776062e-02,-2.345851361751556396e-01,-6.141127586364746094e+00,2.302970099449157715e+01
-3.791065514087677002e-02,-2.349037081003189087e-01,-6.142672061920166016e+00,2.303390598297119141e+01
-3.813121095299720764e-02,-2.350886017084121704e-01,-6.144423484802246094e+00,2.303894114494323730e+01
-3.826473653316497803e-02,-2.352959811687469482e-01,-6.146135330200195312e+00,2.304390406608581543e+01
-3.571259975433349609e-02,-2.330634891986846924e-01,-6.146319389343261719e+00,2.304889297485351562e+01
-3.656394779682159424e-02,-2.329355776309967041e-01,-6.147744655609130859e+00,2.305410408973693848e+01
-3.706468269228935242e-02,-2.328671962022781372e-01,-6.149421215057373047e+00,2.305918812751770020e+01
-3.770085796713829041e-02,-2.327788919210433960e-01,-6.151122570037841797e+00,2.306404209136962891e+01
-3.774684295058250427e-02,-2.327345609664916992e-01,-6.152805328369140625e+00,2.306916403770446777e+01
-3.804476931691169739e-02,-2.326458543539047241e-01,-6.154516696929931641e+00,2.307393407821655273e+01
-3.513120859861373901e-02,-2.324413359165191650e-01,-6.154932498931884766e+00,2.307903814315795898e+01
-3.525166958570480347e-02,-2.324455082416534424e-01,-6.156380176544189453e+00,2.308399200439453125e+01
-3.517975658178329468e-02,-2.323783785104751587e-01,-6.157921314239501953e+00,2.308898997306823730e+01
-3.510370105504989624e-02,-2.323498874902725220e-01,-6.159451484680175781e+00,2.309413194656372070e+01
-3.517313301563262939e-02,-2.323817461729049683e-01,-6.160805225372314453e+00,2.309903001785278320e+01
-3.521056473255157471e-02,-2.323858737945556641e-01,-6.162156105041503906e+00,2.310399007797241211e+01
-3.528223931789398193e-02,-2.323955446481704712e-01,-6.163436889648437500e+00,2.310904192924499512e+01
-3.723658248782157898e-02,-2.344364374876022339e-01,-6.165448188781738281e+00,2.311399102210998535e+01
-3.752723336219787598e-02,-2.346403002738952637e-01,-6.166921615600585938e+00,2.311918401718139648e+01
-3.785148262977600098e-02,-2.348948717117309570e-01,-6.168280124664306641e+00,2.312401199340820312e+01
-3.822329640388488770e-02,-2.351811081171035767e-01,-6.169604778289794922e+00,2.312928414344787598e+01
-3.802409395575523376e-02,-2.352006435394287109e-01,-6.171057701110839844e+00,2.313398909568786621e+01
-3.806962072849273682e-02,-2.352024316787719727e-01,-6.172490119934082031e+00,2.313905906677246094e+01
-3.647110238671302795e-02,-2.337381094694137573e-01,-6.172616958618164062e+00,2.314400911331176758e+01
-3.641483187675476074e-02,-2.337671816349029541e-01,-6.173522949218750000e+00,2.314918994903564453e+01
-3.614505752921104431e-02,-2.336629033088684082e-01,-6.174563884735107422e+00,2.315414309501647949e+01
-3.584580123424530029e-02,-2.335612922906875610e-01,-6.175581455230712891e+00,2.315924215316772461e+01
-3.560179844498634338e-02,-2.334989011287689209e-01,-6.176698684692382812e+00,2.316426515579223633e+01
-3.530563041567802429e-02,-2.333935499191284180e-01,-6.177740573883056641e+00,2.316920304298400879e+01
-3.499629348516464233e-02,-2.332907319068908691e-01,-6.178775787353515625e+00,2.317414402961730957e+01
-3.691063448786735535e-02,-2.348340302705764771e-01,-6.183534622192382812e+00,2.317923712730407715e+01
-3.696112334728240967e-02,-2.348566055297851562e-01,-6.185159206390380859e+00,2.318411397933959961e+01
-3.704081103205680847e-02,-2.348896265029907227e-01,-6.186728477478027344e+00,2.318929100036621094e+01
-3.714893758296966553e-02,-2.348794192075729370e-01,-6.188237667083740234e+00,2.319431495666503906e+01
-3.729996830224990845e-02,-2.349028289318084717e-01,-6.189822196960449219e+00,2.319935202598571777e+01
-3.748989850282669067e-02,-2.349475920200347900e-01,-6.191486358642578125e+00,2.320417308807373047e+01
-3.771379962563514709e-02,-2.350187450647354126e-01,-6.193211555480957031e+00,2.320934915542602539e+01
-3.757257759571075439e-02,-2.354135811328887939e-01,-6.194139957427978516e+00,2.321430611610412598e+01
-3.764239326119422913e-02,-2.353137731552124023e-01,-6.195640087127685547e+00,2.321935510635375977e+01
-3.769607096910476685e-02,-2.351919859647750854e-01,-6.197136878967285156e+00,2.322431111335754395e+01
-3.807354345917701721e-02,-2.352923899888992310e-01,-6.198550224304199219e+00,2.322944092750549316e+01
-3.830632939934730530e-02,-2.352337241172790527e-01,-6.199992179870605469e+00,2.323430895805358887e+01
-3.858902305364608765e-02,-2.352076023817062378e-01,-6.201430320739746094e+00,2.323935604095458984e+01
-3.841000050306320190e-02,-2.356968373060226440e-01,-6.204226970672607422e+00,2.324430799484252930e+01
-3.826517239212989807e-02,-2.356294244527816772e-01,-6.205519676208496094e+00,2.324935197830200195e+01
-3.803047537803649902e-02,-2.355473190546035767e-01,-6.206735610961914062e+00,2.325431108474731445e+01
-3.831166028976440430e-02,-2.354254275560379028e-01,-6.208085536956787109e+00,2.325937700271606445e+01
-3.829237073659896851e-02,-2.353050261735916138e-01,-6.209276676177978516e+00,2.326440596580505371e+01
-3.829518705606460571e-02,-2.351943999528884888e-01,-6.210419178009033203e+00,2.326934909820556641e+01
-3.826069086790084839e-02,-2.352583557367324829e-01,-6.211862564086914062e+00,2.327441000938415527e+01
-3.752948716282844543e-02,-2.376533001661300659e-01,-6.216256141662597656e+00,2.327944397926330566e+01
-3.740794211626052856e-02,-2.377499938011169434e-01,-6.218161582946777344e+00,2.328440999984741211e+01
-3.718497231602668762e-02,-2.378830015659332275e-01,-6.220164299011230469e+00,2.328960013389587402e+01
-3.698883950710296631e-02,-2.379916012287139893e-01,-6.222176074981689453e+00,2.329468202590942383e+01
-3.677297011017799377e-02,-2.380867749452590942e-01,-6.224242687225341797e+00,2.329945111274719238e+01
-3.653640300035476685e-02,-2.381983399391174316e-01,-6.226392269134521484e+00,2.330443692207336426e+01
-3.644901886582374573e-02,-2.382126003503799438e-01,-6.228361129760742188e+00,2.330944514274597168e+01
-3.838427737355232239e-02,-2.370580434799194336e-01,-6.225119113922119141e+00,2.331440114974975586e+01
-3.841260075569152832e-02,-2.369324117898941040e-01,-6.226681232452392578e+00,2.331944894790649414e+01
-3.860608488321304321e-02,-2.367707788944244385e-01,-6.228043079376220703e+00,2.332440614700317383e+01
-3.875189274549484253e-02,-2.366814464330673218e-01,-6.229486465454101562e+00,2.332970905303955078e+01
-3.896605223417282104e-02,-2.366058230400085449e-01,-6.230937957763671875e+00,2.333444094657897949e+01
-3.892485797405242920e-02,-2.365623414516448975e-01,-6.232187271118164062e+00,2.333946204185485840e+01
-3.818847984075546265e-02,-2.379608750343322754e-01,-6.235093593597412109e+00,2.334455895423889160e+01
-3.805157169699668884e-02,-2.379743009805679321e-01,-6.236220359802246094e+00,2.334952998161315918e+01
-3.838935494422912598e-02,-2.380815595388412476e-01,-6.237412452697753906e+00,2.335444593429565430e+01
-3.850502893328666687e-02,-2.381281256675720215e-01,-6.238440036773681641e+00,2.335960197448730469e+01
-3.866883367300033569e-02,-2.382061332464218140e-01,-6.239387035369873047e+00,2.336453509330749512e+01
-3.848871588706970215e-02,-2.383327782154083252e-01,-6.240489482879638672e+00,2.336948800086975098e+01
-3.840985894203186035e-02,-2.384387254714965820e-01,-6.241502285003662109e+00,2.337448000907897949e+01
-3.898925706744194031e-02,-2.400154620409011841e-01,-6.245806694030761719e+00,2.337949895858764648e+01
-3.875860944390296936e-02,-2.401078939437866211e-01,-6.247063159942626953e+00,2.338447403907775879e+01
-3.942110762000083923e-02,-2.400369942188262939e-01,-6.248548030853271484e+00,2.338949203491210938e+01
-3.960652276873588562e-02,-2.400782108306884766e-01,-6.249963283538818359e+00,2.339471101760864258e+01
-3.986780345439910889e-02,-2.401131391525268555e-01,-6.251425266265869141e+00,2.339972209930419922e+01
-3.991042822599411011e-02,-2.401973307132720947e-01,-6.253074645996093750e+00,2.340448403358459473e+01
-4.005784168839454651e-02,-2.402672618627548218e-01,-6.254734992980957031e+00,2.340970110893249512e+01
-3.986055031418800354e-02,-2.387879341840744019e-01,-6.255743980407714844e+00,2.341434693336486816e+01
-3.972998633980751038e-02,-2.386351227760314941e-01,-6.257505416870117188e+00,2.341971707344055176e+01
-3.965491801500320435e-02,-2.385709881782531738e-01,-6.259348392486572266e+00,2.342447996139526367e+01
-3.953604772686958313e-02,-2.384837567806243896e-01,-6.261253833770751953e+00,2.342972397804260254e+01
-3.941470384597778320e-02,-2.385549992322921753e-01,-6.263131618499755859e+00,2.343454098701477051e+01
-3.923787921667098999e-02,-2.385461032390594482e-01,-6.265079975128173828e+00,2.343969702720642090e+01
-3.952025994658470154e-02,-2.388564199209213257e-01,-6.266642570495605469e+00,2.344453406333923340e+01
-3.961788117885589600e-02,-2.388335317373275757e-01,-6.268392562866210938e+00,2.344968008995056152e+01
-3.960609436035156250e-02,-2.389474809169769287e-01,-6.270218849182128906e+00,2.345456314086914062e+01
-3.961570560932159424e-02,-2.391500622034072876e-01,-6.272014141082763672e+00,2.345972704887390137e+01
-4.002481326460838318e-02,-2.394817024469375610e-01,-6.273376464843750000e+00,2.346484208106994629e+01
-4.039894416928291321e-02,-2.397715598344802856e-01,-6.274809360504150391e+00,2.346945595741271973e+01
-4.089785367250442505e-02,-2.400659471750259399e-01,-6.276103496551513672e+00,2.347452902793884277e+01
-4.132527858018875122e-02,-2.406988590955734253e-01,-6.278082370758056641e+00,2.347966814041137695e+01
-4.066763445734977722e-02,-2.408220171928405762e-01,-6.279116153717041016e+00,2.348459005355834961e+01
-4.076785221695899963e-02,-2.409987300634384155e-01,-6.280068397521972656e+00,2.348956799507141113e+01
-4.077056795358657837e-02,-2.411489784717559814e-01,-6.280864715576171875e+00,2.349479699134826660e+01
-4.129092767834663391e-02,-2.411667853593826294e-01,-6.282008171081542969e+00,2.349986815452575684e+01
-4.165903106331825256e-02,-2.412756979465484619e-01,-6.282962322235107422e+00,2.350477600097656250e+01
-4.303925856947898865e-02,-2.427956908941268921e-01,-6.286282539367675781e+00,2.350966715812683105e+01
-4.262202233076095581e-02,-2.429298609495162964e-01,-6.288023948669433594e+00,2.351469707489013672e+01
-4.268584400415420532e-02,-2.431283593177795410e-01,-6.289546012878417969e+00,2.351974010467529297e+01
-4.263633117079734802e-02,-2.433223277330398560e-01,-6.291174888610839844e+00,2.352459311485290527e+01
-4.308493435382843018e-02,-2.435223162174224854e-01,-6.293119907379150391e+00,2.353007698059082031e+01
-4.334347322583198547e-02,-2.437787204980850220e-01,-6.295109272003173828e+00,2.353477096557617188e+01
-4.366352781653404236e-02,-2.440372258424758911e-01,-6.297243118286132812e+00,2.353980398178100586e+01
-4.265726357698440552e-02,-2.394778281450271606e-01,-6.296184062957763672e+00,2.354476094245910645e+01
-4.302972182631492615e-02,-2.393716275691986084e-01,-6.298214912414550781e+00,2.354988813400268555e+01
-4.342129454016685486e-02,-2.392532527446746826e-01,-6.300316333770751953e+00,2.355486297607421875e+01
-4.383460432291030884e-02,-2.391243577003479004e-01,-6.302495956420898438e+00,2.356004595756530762e+01
-4.387301951646804810e-02,-2.390794903039932251e-01,-6.304059505462646484e+00,2.356502699851989746e+01
-4.406728222966194153e-02,-2.389052361249923706e-01,-6.305953025817871094e+00,2.356990504264831543e+01
-4.420452564954757690e-02,-2.387393712997436523e-01,-6.307772159576416016e+00,2.357489299774169922e+01
-4.060160368680953979e-02,-2.402147054672241211e-01,-6.308016777038574219e+00,2.357991194725036621e+01
-4.034012928605079651e-02,-2.402035146951675415e-01,-6.309510231018066406e+00,2.358485698699951172e+01
-4.003019630908966064e-02,-2.401807904243469238e-01,-6.310953140258789062e+00,2.358990406990051270e+01
-4.032281041145324707e-02,-2.404285818338394165e-01,-6.312347412109375000e+00,2.359519815444946289e+01
-4.014924541115760803e-02,-2.405287176370620728e-01,-6.313697338104248047e+00,2.360002398490905762e+01
-3.997069597244262695e-02,-2.406257688999176025e-01,-6.314999103546142578e+00,2.360489797592163086e+01
-4.168874397873878479e-02,-2.424360513687133789e-01,-6.317542076110839844e+00,2.360992693901062012e+01
-4.166988283395767212e-02,-2.424948960542678833e-01,-6.318718433380126953e+00,2.361500096321105957e+01
-4.165420308709144592e-02,-2.425688952207565308e-01,-6.319843292236328125e+00,2.361991906166076660e+01
-4.134638980031013489e-02,-2.428347915410995483e-01,-6.321924686431884766e+00,2.362501502037048340e+01
-4.120451956987380981e-02,-2.430339753627777100e-01,-6.323370933532714844e+00,2.363018894195556641e+01
-4.103346541523933411e-02,-2.432680279016494751e-01,-6.324860572814941406e+00,2.363505911827087402e+01
-4.093198850750923157e-02,-2.433874756097793579e-01,-6.326371669769287109e+00,2.364036202430725098e+01
-4.105891659855842590e-02,-2.420035004615783691e-01,-6.327006340026855469e+00,2.364503812789916992e+01
-4.100065305829048157e-02,-2.419149130582809448e-01,-6.328481674194335938e+00,2.365003204345703125e+01
-4.093933477997779846e-02,-2.417830228805541992e-01,-6.329974651336669922e+00,2.365509295463562012e+01
-4.125098511576652527e-02,-2.419232726097106934e-01,-6.331440925598144531e+00,2.366030693054199219e+01
-4.140347987413406372e-02,-2.418796271085739136e-01,-6.332931518554687500e+00,2.366516900062561035e+01
-4.161090403795242310e-02,-2.418448776006698608e-01,-6.334426879882812500e+00,2.367005109786987305e+01
-4.175965860486030579e-02,-2.418106496334075928e-01,-6.335880279541015625e+00,2.367509198188781738e+01
-4.163129627704620361e-02,-2.419649660587310791e-01,-6.337675094604492188e+00,2.368003892898559570e+01
-4.183919355273246765e-02,-2.418989837169647217e-01,-6.339176177978515625e+00,2.368514895439147949e+01
-4.196156933903694153e-02,-2.419912368059158325e-01,-6.340817451477050781e+00,2.369015192985534668e+01
-4.214589670300483704e-02,-2.420080751180648804e-01,-6.342411041259765625e+00,2.369527792930603027e+01
-4.233565181493759155e-02,-2.420652061700820923e-01,-6.344036579132080078e+00,2.370016503334045410e+01
-4.247267544269561768e-02,-2.421531230211257935e-01,-6.345555305480957031e+00,2.370515203475952148e+01
-4.222374036908149719e-02,-2.438312023878097534e-01,-6.347574710845947266e+00,2.371017193794250488e+01
-4.229953512549400330e-02,-2.439447939395904541e-01,-6.349055767059326172e+00,2.371519494056701660e+01
-4.217416048049926758e-02,-2.439306676387786865e-01,-6.350247859954833984e+00,2.372008204460144043e+01
-4.212054982781410217e-02,-2.440403997898101807e-01,-6.351537227630615234e+00,2.372514295578002930e+01
-4.199309647083282471e-02,-2.441212981939315796e-01,-6.352757930755615234e+00,2.373034906387329102e+01
-4.181012138724327087e-02,-2.442044913768768311e-01,-6.353905677795410156e+00,2.373520302772521973e+01
-4.194060340523719788e-02,-2.442871034145355225e-01,-6.355241775512695312e+00,2.374019193649291992e+01
-4.353524744510650635e-02,-2.447977960109710693e-01,-6.359268188476562500e+00,2.374528193473815918e+01
-4.380648955702781677e-02,-2.449618279933929443e-01,-6.360760688781738281e+00,2.375030112266540527e+01
-4.363004118204116821e-02,-2.450667917728424072e-01,-6.362500667572021484e+00,2.375528907775878906e+01
-4.363426193594932556e-02,-2.452199012041091919e-01,-6.364116668701171875e+00,2.376036596298217773e+01
-4.357888177037239075e-02,-2.454171478748321533e-01,-6.365771770477294922e+00,2.376534605026245117e+01
-4.358173161745071411e-02,-2.455772906541824341e-01,-6.367656707763671875e+00,2.377030801773071289e+01
-4.352521523833274841e-02,-2.457391023635864258e-01,-6.369534969329833984e+00,2.377530813217163086e+01
-4.081475362181663513e-02,-2.425793558359146118e-01,-6.368482589721679688e+00,2.378032112121582031e+01
-4.100802913308143616e-02,-2.426855415105819702e-01,-6.370179653167724609e+00,2.378529715538024902e+01
-4.100121185183525085e-02,-2.425753176212310791e-01,-6.371954917907714844e+00,2.379035806655883789e+01
-4.105233401060104370e-02,-2.425405681133270264e-01,-6.373750209808349609e+00,2.379556202888488770e+01
-4.073664546012878418e-02,-2.422131747007369995e-01,-6.375202178955078125e+00,2.380022096633911133e+01
-4.056132212281227112e-02,-2.420995086431503296e-01,-6.376766204833984375e+00,2.380526995658874512e+01
-3.994926437735557556e-02,-2.434404790401458740e-01,-6.378131389617919922e+00,2.381037807464599609e+01
-3.951810300350189209e-02,-2.433599531650543213e-01,-6.379504203796386719e+00,2.381537795066833496e+01
-3.963601589202880859e-02,-2.437623441219329834e-01,-6.380934715270996094e+00,2.382038807868957520e+01
-3.945954516530036926e-02,-2.438796460628509521e-01,-6.382260322570800781e+00,2.382538104057312012e+01
-3.931822627782821655e-02,-2.440543919801712036e-01,-6.383519649505615234e+00,2.383047103881835938e+01
-3.947428241372108459e-02,-2.443268597126007080e-01,-6.384806632995605469e+00,2.383546805381774902e+01
-3.962396085262298584e-02,-2.446133345365524292e-01,-6.386062622070312500e+00,2.384043812751770020e+01
-4.248625785112380981e-02,-2.458986341953277588e-01,-6.391148090362548828e+00,2.384542202949523926e+01
-4.206911846995353699e-02,-2.455233335494995117e-01,-6.392349720001220703e+00,2.385035109519958496e+01
-4.217809811234474182e-02,-2.453785389661788940e-01,-6.393743515014648438e+00,2.385546612739562988e+01
-4.220873489975929260e-02,-2.451659291982650757e-01,-6.395062923431396484e+00,2.386058712005615234e+01
-4.232665523886680603e-02,-2.453362345695495605e-01,-6.396576881408691406e+00,2.386554002761840820e+01
-4.235886409878730774e-02,-2.453189939260482788e-01,-6.397969245910644531e+00,2.387036705017089844e+01
-4.236249253153800964e-02,-2.453403025865554810e-01,-6.399355888366699219e+00,2.387526893615722656e+01
-4.139133542776107788e-02,-2.483102083206176758e-01,-6.399867057800292969e+00,2.388042712211608887e+01
-4.134761542081832886e-02,-2.484331578016281128e-01,-6.401417732238769531e+00,2.388551902770996094e+01
-4.129868745803833008e-02,-2.484998703002929688e-01,-6.403073787689208984e+00,2.389049696922302246e+01
-4.126674309372901917e-02,-2.486661821603775024e-01,-6.404866695404052734e+00,2.389563298225402832e+01
-4.123503342270851135e-02,-2.488613724708557129e-01,-6.406736373901367188e+00,2.390057706832885742e+01
-4.119884222745895386e-02,-2.490469068288803101e-01,-6.408705711364746094e+00,2.390553212165832520e+01
-4.085940495133399963e-02,-2.465331107378005981e-01,-6.409111976623535156e+00,2.391056108474731445e+01
-4.068959876894950867e-02,-2.465971261262893677e-01,-6.410654544830322266e+00,2.391552615165710449e+01
-4.057938233017921448e-02,-2.468481659889221191e-01,-6.412494182586669922e+00,2.392054414749145508e+01
-4.044624418020248413e-02,-2.470776289701461792e-01,-6.414356708526611328e+00,2.392542004585266113e+01
-4.021985828876495361e-02,-2.472311854362487793e-01,-6.415869712829589844e+00,2.393053102493286133e+01
-3.998071327805519104e-02,-2.473868429660797119e-01,-6.417445182800292969e+00,2.393552207946777344e+01
-3.969516605138778687e-02,-2.475233376026153564e-01,-6.418920993804931641e+00,2.394050097465515137e+01
-4.017941653728485107e-02,-2.474528998136520386e-01,-6.419937133789062500e+00,2.394542193412780762e+01
-4.017003998160362244e-02,-2.476186752319335938e-01,-6.421076297760009766e+00,2.395066809654235840e+01
-4.022429510951042175e-02,-2.477918714284896851e-01,-6.422157764434814453e+00,2.395561099052429199e+01
-4.031070694327354431e-02,-2.480804771184921265e-01,-6.423445224761962891e+00,2.396079897880554199e+01
-4.043791815638542175e-02,-2.483465671539306641e-01,-6.424571990966796875e+00,2.396563100814819336e+01
-4.061808809638023376e-02,-2.486261427402496338e-01,-6.425687789916992188e+00,2.397059607505798340e+01
-4.077642410993576050e-02,-2.488166242837905884e-01,-6.426919460296630859e+00,2.397557210922241211e+01
-4.101700708270072937e-02,-2.492338716983795166e-01,-6.428495883941650391e+00,2.398064112663269043e+01
-4.126817360520362854e-02,-2.495110929012298584e-01,-6.429875850677490234e+00,2.398553800582885742e+01
-4.155918583273887634e-02,-2.497977167367935181e-01,-6.431313991546630859e+00,2.399067711830139160e+01
-4.135129228234291077e-02,-2.501814961433410645e-01,-6.433167934417724609e+00,2.399597096443176270e+01
-4.138413816690444946e-02,-2.505585849285125732e-01,-6.434861660003662109e+00,2.400061702728271484e+01
-4.137827828526496887e-02,-2.509542107582092285e-01,-6.436651706695556641e+00,2.400553798675537109e+01
-3.989817202091217041e-02,-2.464846968650817871e-01,-6.434997558593750000e+00,2.401056408882141113e+01
-3.993676975369453430e-02,-2.463748306035995483e-01,-6.436542034149169922e+00,2.401567697525024414e+01
-3.996209055185317993e-02,-2.462493032217025757e-01,-6.438161373138427734e+00,2.402093815803527832e+01
-3.972524404525756836e-02,-2.462601214647293091e-01,-6.439369678497314453e+00,2.402579712867736816e+01
-3.956920653581619263e-02,-2.461903840303421021e-01,-6.440822124481201172e+00,2.403071308135986328e+01
-3.935142606496810913e-02,-2.461334466934204102e-01,-6.442241191864013672e+00,2.403575611114501953e+01
-3.919978812336921692e-02,-2.460375279188156128e-01,-6.443552970886230469e+00,2.404078912734985352e+01
-3.792356327176094055e-02,-2.476435601711273193e-01,-6.447183609008789062e+00,2.404579806327819824e+01
-3.764265403151512146e-02,-2.476072758436203003e-01,-6.448753833770751953e+00,2.405079698562622070e+01
-3.790333494544029236e-02,-2.479810714721679688e-01,-6.450035095214843750e+00,2.405576300621032715e+01
-3.795589134097099304e-02,-2.480847537517547607e-01,-6.451421260833740234e+00,2.406098413467407227e+01
-3.809053078293800354e-02,-2.481863200664520264e-01,-6.452721118927001953e+00,2.406587409973144531e+01
-3.803987056016921997e-02,-2.479104995727539062e-01,-6.453845500946044922e+00,2.407102203369140625e+01
-3.733564168214797974e-02,-2.497524023056030273e-01,-6.456534862518310547e+00,2.407580399513244629e+01
-3.741100430488586426e-02,-2.499347776174545288e-01,-6.457714557647705078e+00,2.408074212074279785e+01
-3.748100623488426208e-02,-2.500875592231750488e-01,-6.458770275115966797e+00,2.408596014976501465e+01
-3.744931891560554504e-02,-2.501641809940338135e-01,-6.460463047027587891e+00,2.409087395668029785e+01
-3.745391219854354858e-02,-2.502339184284210205e-01,-6.461745738983154297e+00,2.409597015380859375e+01
-3.747074306011199951e-02,-2.502963840961456299e-01,-6.463057994842529297e+00,2.410091614723205566e+01
-3.731535375118255615e-02,-2.503500282764434814e-01,-6.464689254760742188e+00,2.410596203804016113e+01
-3.621101379394531250e-02,-2.481710016727447510e-01,-6.464763641357421875e+00,2.411083602905273438e+01
-3.586224094033241272e-02,-2.482012063264846802e-01,-6.466509819030761719e+00,2.411596512794494629e+01
-3.585509583353996277e-02,-2.482521235942840576e-01,-6.468116283416748047e+00,2.412091898918151855e+01
-3.564933687448501587e-02,-2.482603639364242554e-01,-6.469938278198242188e+00,2.412595796585083008e+01
-3.545301407575607300e-02,-2.482156902551651001e-01,-6.471838951110839844e+00,2.413114714622497559e+01
-3.552985191345214844e-02,-2.482404261827468872e-01,-6.473575115203857422e+00,2.413595104217529297e+01
-3.559161350131034851e-02,-2.482522279024124146e-01,-6.475429058074951172e+00,2.414074707031250000e+01
-3.745272010564804077e-02,-2.496315091848373413e-01,-6.474959850311279297e+00,2.414669609069824219e+01
-3.673907369375228882e-02,-2.496499121189117432e-01,-6.475614070892333984e+00,2.415102910995483398e+01
-3.650109097361564636e-02,-2.498953193426132202e-01,-6.476414203643798828e+00,2.415668892860412598e+01
-3.616074472665786743e-02,-2.501430213451385498e-01,-6.477054595947265625e+00,2.416112208366394043e+01
-3.570291772484779358e-02,-2.503615617752075195e-01,-6.477564811706542969e+00,2.416666412353515625e+01
-3.528758138418197632e-02,-2.507785558700561523e-01,-6.478329658508300781e+00,2.417106008529663086e+01
-3.778248652815818787e-02,-2.501080632209777832e-01,-6.487723350524902344e+00,2.417662215232849121e+01
-3.761355206370353699e-02,-2.503246068954467773e-01,-6.489167213439941406e+00,2.418103313446044922e+01
-3.856403380632400513e-02,-2.508596181869506836e-01,-6.491340160369873047e+00,2.418637704849243164e+01
-3.895030543208122253e-02,-2.511522769927978516e-01,-6.493118286132812500e+00,2.419106912612915039e+01
-3.945349901914596558e-02,-2.514236867427825928e-01,-6.494921684265136719e+00,2.419693303108215332e+01
-3.969217464327812195e-02,-2.515194118022918701e-01,-6.496779441833496094e+00,2.420114111900329590e+01
-4.007503017783164978e-02,-2.515448927879333496e-01,-6.498689651489257812e+00,2.420662713050842285e+01
-3.591907769441604614e-02,-2.491469532251358032e-01,-6.494604110717773438e+00,2.421118903160095215e+01
-3.606928884983062744e-02,-2.493907213211059570e-01,-6.496627330780029297e+00,2.421590113639831543e+01
-3.617082908749580383e-02,-2.495631575584411621e-01,-6.498563289642333984e+00,2.422117400169372559e+01
-3.631005808711051941e-02,-2.497586607933044434e-01,-6.500641345977783203e+00,2.422651910781860352e+01
-3.624966740608215332e-02,-2.497747093439102173e-01,-6.502393245697021484e+00,2.423127412796020508e+01
-3.625476732850074768e-02,-2.498675882816314697e-01,-6.504343509674072266e+00,2.423653197288513184e+01
-3.622472286224365234e-02,-2.499466836452484131e-01,-6.506290435791015625e+00,2.424106192588806152e+01
-3.548024222254753113e-02,-2.488626092672348022e-01,-6.504943370819091797e+00,2.424681305885314941e+01
-3.526728600263595581e-02,-2.487838417291641235e-01,-6.506093502044677734e+00,2.425115108489990234e+01
-3.501154109835624695e-02,-2.486932277679443359e-01,-6.507086753845214844e+00,2.425659513473510742e+01
-3.471298143267631531e-02,-2.485833168029785156e-01,-6.507949829101562500e+00,2.426147508621215820e+01
-3.499676287174224854e-02,-2.487248778343200684e-01,-6.509356021881103516e+00,2.426680493354797363e+01
-3.503204509615898132e-02,-2.486028373241424561e-01,-6.510451793670654297e+00,2.427110314369201660e+01
-3.716387599706649780e-02,-2.523930370807647705e-01,-6.515563488006591797e+00,2.427668809890747070e+01
-3.728429228067398071e-02,-2.522355914115905762e-01,-6.517010688781738281e+00,2.428125810623168945e+01
-3.760032355785369873e-02,-2.522768974304199219e-01,-6.518393516540527344e+00,2.428676104545593262e+01
-3.792270272970199585e-02,-2.522963881492614746e-01,-6.519757270812988281e+00,2.429123306274414062e+01
-3.811606764793395996e-02,-2.524446249008178711e-01,-6.521324157714843750e+00,2.429648494720458984e+01
-3.835193812847137451e-02,-2.525713741779327393e-01,-6.522829055786132812e+00,2.430122709274291992e+01
-3.855920955538749695e-02,-2.527071535587310791e-01,-6.524365425109863281e+00,2.430688095092773438e+01
-3.643159568309783936e-02,-2.515295445919036865e-01,-6.524067878723144531e+00,2.431139302253723145e+01
-3.648605197668075562e-02,-2.516283988952636719e-01,-6.525740146636962891e+00,2.431697010993957520e+01
-3.654603287577629089e-02,-2.517373561859130859e-01,-6.527495861053466797e+00,2.432116508483886719e+01
-3.658747673034667969e-02,-2.519798874855041504e-01,-6.529220104217529297e+00,2.432655596733093262e+01
-3.661452233791351318e-02,-2.521681189537048340e-01,-6.531044960021972656e+00,2.433146715164184570e+01
-3.663299977779388428e-02,-2.523939311504364014e-01,-6.532929897308349609e+00,2.433681607246398926e+01
-3.665110841393470764e-02,-2.526636719703674316e-01,-6.534883022308349609e+00,2.434128904342651367e+01
-3.598498553037643433e-02,-2.497747093439102173e-01,-6.534124851226806641e+00,2.434701895713806152e+01
-3.597427904605865479e-02,-2.494979202747344971e-01,-6.535518169403076172e+00,2.435147500038146973e+01
-3.596044704318046570e-02,-2.491704225540161133e-01,-6.536848068237304688e+00,2.435690999031066895e+01
-3.608116507530212402e-02,-2.496028840541839600e-01,-6.538057804107666016e+00,2.436170506477355957e+01
-3.616378456354141235e-02,-2.496009320020675659e-01,-6.539254665374755859e+00,2.436656403541564941e+01
-3.626162931323051453e-02,-2.496391385793685913e-01,-6.540382862091064453e+00,2.437148213386535645e+01
-3.689582273364067078e-02,-2.522522509098052979e-01,-6.545042514801025391e+00,2.437660098075866699e+01
-3.710234537720680237e-02,-2.522864639759063721e-01,-6.546623229980468750e+00,2.438134598731994629e+01
-3.733697906136512756e-02,-2.523190081119537354e-01,-6.548213958740234375e+00,2.438663506507873535e+01
-3.733539953827857971e-02,-2.523206174373626709e-01,-6.549862384796142578e+00,2.439146399497985840e+01
-3.744526952505111694e-02,-2.523016333580017090e-01,-6.551503181457519531e+00,2.439671492576599121e+01
-3.753213211894035339e-02,-2.522456645965576172e-01,-6.553164005279541016e+00,2.440156102180480957e+01
-3.773133829236030579e-02,-2.521885633468627930e-01,-6.554765701293945312e+00,2.440660595893859863e+01
-3.827792033553123474e-02,-2.525627315044403076e-01,-6.554321289062500000e+00,2.441156911849975586e+01
-3.858397156000137329e-02,-2.528381943702697754e-01,-6.555743217468261719e+00,2.441665315628051758e+01
-3.896348550915718079e-02,-2.529553771018981934e-01,-6.557519435882568359e+00,2.442182302474975586e+01
-3.933135047554969788e-02,-2.531672716140747070e-01,-6.559169292449951172e+00,2.442702698707580566e+01
-3.972810879349708557e-02,-2.533963620662689209e-01,-6.560921192169189453e+00,2.443157696723937988e+01
-4.015466198325157166e-02,-2.536453008651733398e-01,-6.562738418579101562e+00,2.443678092956542969e+01
-4.024965688586235046e-02,-2.538838088512420654e-01,-6.564198017120361328e+00,2.444153809547424316e+01
-3.724595904350280762e-02,-2.527109384536743164e-01,-6.564423084259033203e+00,2.444684410095214844e+01
-3.704332932829856873e-02,-2.528060972690582275e-01,-6.565769672393798828e+00,2.445153212547302246e+01
-3.696059808135032654e-02,-2.528197169303894043e-01,-6.566864490509033203e+00,2.445662498474121094e+01
-3.678650781512260437e-02,-2.528941631317138672e-01,-6.568054199218750000e+00,2.446179699897766113e+01
-3.659252822399139404e-02,-2.529599368572235107e-01,-6.569183349609375000e+00,2.446703100204467773e+01
-3.644692897796630859e-02,-2.531346380710601807e-01,-6.570334434509277344e+00,2.447150897979736328e+01
-3.900736570358276367e-02,-2.542604804039001465e-01,-6.575102329254150391e+00,2.447671413421630859e+01
-3.910120949149131775e-02,-2.545000314712524414e-01,-6.576442718505859375e+00,2.448150992393493652e+01
-3.929811716079711914e-02,-2.545069456100463867e-01,-6.578015804290771484e+00,2.448683214187622070e+01
-3.946528956294059753e-02,-2.546117901802062988e-01,-6.579468250274658203e+00,2.449161410331726074e+01
-3.965642675757408142e-02,-2.546778917312622070e-01,-6.580940723419189453e+00,2.449692893028259277e+01
-3.983180969953536987e-02,-2.548462152481079102e-01,-6.582484722137451172e+00,2.450160598754882812e+01
-4.003366082906723022e-02,-2.550165653228759766e-01,-6.584034442901611328e+00,2.450681710243225098e+01
-3.932804241776466370e-02,-2.538648843765258789e-01,-6.584978580474853516e+00,2.451168012619018555e+01
-3.950496390461921692e-02,-2.540872693061828613e-01,-6.586561679840087891e+00,2.451681494712829590e+01
-3.913675248622894287e-02,-2.538610100746154785e-01,-6.588315010070800781e+00,2.452164101600646973e+01
-3.902272135019302368e-02,-2.538699209690093994e-01,-6.590027809143066406e+00,2.452686405181884766e+01
-3.883811831474304199e-02,-2.538385689258575439e-01,-6.591779708862304688e+00,2.453180313110351562e+01
-3.887273743748664856e-02,-2.539989948272705078e-01,-6.593650817871093750e+00,2.453680992126464844e+01
-3.880511969327926636e-02,-2.541356682777404785e-01,-6.595561981201171875e+00,2.454164195060729980e+01
-3.907143697142601013e-02,-2.543697357177734375e-01,-6.597674846649169922e+00,2.454678702354431152e+01
-3.892369568347930908e-02,-2.539074122905731201e-01,-6.598972797393798828e+00,2.455178809165954590e+01
-3.887741640210151672e-02,-2.538563609123229980e-01,-6.600626945495605469e+00,2.455696010589599609e+01
-3.880357369780540466e-02,-2.536998391151428223e-01,-6.602244853973388672e+00,2.456199193000793457e+01
-3.948815166950225830e-02,-2.540350854396820068e-01,-6.603814601898193359e+00,2.456677508354187012e+01
-4.001074284315109253e-02,-2.540986239910125732e-01,-6.605299949645996094e+00,2.457175397872924805e+01
-4.152238368988037109e-02,-2.565751671791076660e-01,-6.605589866638183594e+00,2.457689213752746582e+01
-4.147811606526374817e-02,-2.565785050392150879e-01,-6.606948852539062500e+00,2.458172297477722168e+01
-4.200148582458496094e-02,-2.566615939140319824e-01,-6.608066082000732422e+00,2.458688592910766602e+01
-4.249630495905876160e-02,-2.567039728164672852e-01,-6.609153270721435547e+00,2.459171009063720703e+01
-4.263948276638984680e-02,-2.567507624626159668e-01,-6.610598087310791016e+00,2.459733295440673828e+01
-4.282554611563682556e-02,-2.569669485092163086e-01,-6.611944198608398438e+00,2.460179209709167480e+01
-4.289502277970314026e-02,-2.572230994701385498e-01,-6.613365173339843750e+00,2.460709810256958008e+01
-4.042170569300651550e-02,-2.568126022815704346e-01,-6.616746425628662109e+00,2.461186814308166504e+01
-4.057799652218818665e-02,-2.565931081771850586e-01,-6.618443965911865234e+00,2.461683297157287598e+01
-4.040945693850517273e-02,-2.566629350185394287e-01,-6.620264053344726562e+00,2.462187910079956055e+01
-4.022568836808204651e-02,-2.566653192043304443e-01,-6.622157573699951172e+00,2.462705993652343750e+01
-4.030613601207733154e-02,-2.568160891532897949e-01,-6.623821735382080078e+00,2.463188409805297852e+01
-4.030149802565574646e-02,-2.567842304706573486e-01,-6.625594615936279297e+00,2.463689494132995605e+01
-4.035348817706108093e-02,-2.567403018474578857e-01,-6.627365112304687500e+00,2.464197802543640137e+01
-4.106829687952995300e-02,-2.565177083015441895e-01,-6.627503871917724609e+00,2.464702010154724121e+01
-4.119640588760375977e-02,-2.566485404968261719e-01,-6.629069328308105469e+00,2.465195202827453613e+01
-4.131286591291427612e-02,-2.567871809005737305e-01,-6.630605220794677734e+00,2.465722513198852539e+01
-4.172816127538681030e-02,-2.570338845252990723e-01,-6.632325172424316406e+00,2.466216301918029785e+01
-4.209332540631294250e-02,-2.572714090347290039e-01,-6.634003162384033203e+00,2.466704607009887695e+01
-4.254344850778579712e-02,-2.575260698795318604e-01,-6.635732650756835938e+00,2.467193102836608887e+01
-4.155695438385009766e-02,-2.569704353809356689e-01,-6.637527465820312500e+00,2.467687892913818359e+01
-4.172059148550033569e-02,-2.570596933364868164e-01,-6.639336585998535156e+00,2.468191194534301758e+01
-4.185192659497261047e-02,-2.571318447589874268e-01,-6.641215801239013672e+00,2.468707704544067383e+01
-4.195281490683555603e-02,-2.571428120136260986e-01,-6.643150329589843750e+00,2.469187808036804199e+01
-4.176529869437217712e-02,-2.573928833007812500e-01,-6.644803524017333984e+00,2.469700908660888672e+01
-4.159257560968399048e-02,-2.576313614845275879e-01,-6.646454811096191406e+00,2.470209002494812012e+01
-4.133212938904762268e-02,-2.579098939895629883e-01,-6.648082256317138672e+00,2.470704793930053711e+01
-4.115549474954605103e-02,-2.569453716278076172e-01,-6.648404121398925781e+00,2.471209406852722168e+01
-4.108253121376037598e-02,-2.571582794189453125e-01,-6.649623394012451172e+00,2.471705293655395508e+01
-4.104106128215789795e-02,-2.574227452278137207e-01,-6.650700092315673828e+00,2.472210001945495605e+01
-4.081266000866889954e-02,-2.574069797992706299e-01,-6.651671409606933594e+00,2.472719192504882812e+01
-4.065908119082450867e-02,-2.575535178184509277e-01,-6.652518272399902344e+00,2.473209905624389648e+01
-4.047976434230804443e-02,-2.576878964900970459e-01,-6.653236389160156250e+00,2.473708009719848633e+01
-4.066828638315200806e-02,-2.578785717487335205e-01,-6.654401779174804688e+00,2.474210095405578613e+01
-4.162034392356872559e-02,-2.586582303047180176e-01,-6.657892227172851562e+00,2.474717497825622559e+01
-4.195788502693176270e-02,-2.587523162364959717e-01,-6.659173488616943359e+00,2.475222802162170410e+01
-4.177091270685195923e-02,-2.586411535739898682e-01,-6.660729885101318359e+00,2.475716996192932129e+01
-4.187313467264175415e-02,-2.585058212280273438e-01,-6.662260532379150391e+00,2.476235294342041016e+01
-4.193488508462905884e-02,-2.582941353321075439e-01,-6.663855552673339844e+00,2.476725792884826660e+01
-4.195472225546836853e-02,-2.580218017101287842e-01,-6.665521144866943359e+00,2.477223396301269531e+01
-4.219073057174682617e-02,-2.581367790699005127e-01,-6.667598247528076172e+00,2.477723503112792969e+01
-4.217124357819557190e-02,-2.584818601608276367e-01,-6.668926715850830078e+00,2.478216099739074707e+01
-4.236265644431114197e-02,-2.587589919567108154e-01,-6.671171665191650391e+00,2.478720498085021973e+01
-4.285180568695068359e-02,-2.584515810012817383e-01,-6.673007488250732422e+00,2.479216003417968750e+01
-4.324300214648246765e-02,-2.584776878356933594e-01,-6.675230503082275391e+00,2.479729700088500977e+01
-4.369151219725608826e-02,-2.584660351276397705e-01,-6.677516937255859375e+00,2.480216002464294434e+01
-4.401924088597297668e-02,-2.588682770729064941e-01,-6.679200172424316406e+00,2.480724215507507324e+01
-4.198728501796722412e-02,-2.570782005786895752e-01,-6.676408767700195312e+00,2.481220507621765137e+01
-4.224116355180740356e-02,-2.570317685604095459e-01,-6.677556991577148438e+00,2.481733608245849609e+01
-4.191556945443153381e-02,-2.571150064468383789e-01,-6.678496837615966797e+00,2.482228398323059082e+01
-4.181751236319541931e-02,-2.571297287940979004e-01,-6.679323196411132812e+00,2.482745909690856934e+01
-4.162904992699623108e-02,-2.571583092212677002e-01,-6.680004596710205078e+00,2.483229112625122070e+01
-4.141022637486457825e-02,-2.572493255138397217e-01,-6.681117057800292969e+00,2.483729910850524902e+01
-4.258196800947189331e-02,-2.604805231094360352e-01,-6.688432216644287109e+00,2.484228992462158203e+01
-4.248102381825447083e-02,-2.607083022594451904e-01,-6.690128326416015625e+00,2.484760713577270508e+01
-4.321734607219696045e-02,-2.608489990234375000e-01,-6.692369937896728516e+00,2.485233211517333984e+01
-4.358377307653427124e-02,-2.610110044479370117e-01,-6.694413661956787109e+00,2.485731410980224609e+01
-4.402948170900344849e-02,-2.611330747604370117e-01,-6.696541786193847656e+00,2.486252903938293457e+01
-4.457240179181098938e-02,-2.612324059009552002e-01,-6.698709011077880859e+00,2.486758995056152344e+01
-4.488838091492652893e-02,-2.612654566764831543e-01,-6.700667858123779297e+00,2.487231397628784180e+01
-3.925716131925582886e-02,-2.584950327873229980e-01,-6.692449092864990234e+00,2.487732100486755371e+01
-3.911941498517990112e-02,-2.582486271858215332e-01,-6.693399429321289062e+00,2.488228702545166016e+01
-3.861227631568908691e-02,-2.580886781215667725e-01,-6.694494724273681641e+00,2.488745307922363281e+01
-3.831032291054725647e-02,-2.578494250774383545e-01,-6.695536613464355469e+00,2.489260101318359375e+01
-3.797439485788345337e-02,-2.575823962688446045e-01,-6.696583271026611328e+00,2.489759397506713867e+01
-3.739452362060546875e-02,-2.573871910572052002e-01,-6.697924613952636719e+00,2.490238809585571289e+01
-3.682261332869529724e-02,-2.571606338024139404e-01,-6.699239253997802734e+00,2.490766000747680664e+01
-4.025509208440780640e-02,-2.595039904117584229e-01,-6.709114074707031250e+00,2.491250801086425781e+01
-4.012503102421760559e-02,-2.592604160308837891e-01,-6.710746288299560547e+00,2.491734695434570312e+01
-3.977519273757934570e-02,-2.591118216514587402e-01,-6.712715625762939453e+00,2.492240810394287109e+01
-3.939645364880561829e-02,-2.588920295238494873e-01,-6.714691162109375000e+00,2.492756414413452148e+01
-3.935778886079788208e-02,-2.589351236820220947e-01,-6.716164588928222656e+00,2.493247008323669434e+01
-3.924132883548736572e-02,-2.587839663028717041e-01,-6.717692375183105469e+00,2.493747305870056152e+01
-4.095358029007911682e-02,-2.618967294692993164e-01,-6.717470645904541016e+00,2.494249415397644043e+01
-4.118817299604415894e-02,-2.622409760951995850e-01,-6.718382358551025391e+00,2.494748997688293457e+01
-4.128865897655487061e-02,-2.623597085475921631e-01,-6.719918251037597656e+00,2.495256495475769043e+01
-4.156159982085227966e-02,-2.626421153545379639e-01,-6.720889568328857422e+00,2.495780301094055176e+01
-4.186237230896949768e-02,-2.628966867923736572e-01,-6.721736431121826172e+00,2.496275615692138672e+01
-4.183721169829368591e-02,-2.630351781845092773e-01,-6.723049163818359375e+00,2.496761202812194824e+01
-4.191663116216659546e-02,-2.633092403411865234e-01,-6.724228382110595703e+00,2.497260093688964844e+01
-4.016298055648803711e-02,-2.628338038921356201e-01,-6.729435443878173828e+00,2.497756314277648926e+01
-4.043234884738922119e-02,-2.630213797092437744e-01,-6.731778144836425781e+00,2.498260307312011719e+01
-4.044136404991149902e-02,-2.632859349250793457e-01,-6.734106540679931641e+00,2.498754310607910156e+01
-4.048498347401618958e-02,-2.635574340820312500e-01,-6.736600399017333984e+00,2.499260592460632324e+01
-4.019792750477790833e-02,-2.638872265815734863e-01,-6.738696098327636719e+00,2.499760913848876953e+01
-4.000629112124443054e-02,-2.640856206417083740e-01,-6.741053581237792969e+00,2.500259494781494141e+01
-3.974745050072669983e-02,-2.642633318901062012e-01,-6.743425369262695312e+00,2.500797200202941895e+01
-4.006237909197807312e-02,-2.602168917655944824e-01,-6.738981723785400391e+00,2.501263499259948730e+01
-4.015572369098663330e-02,-2.601443231105804443e-01,-6.740578174591064453e+00,2.501760101318359375e+01
-4.032242670655250549e-02,-2.601106166839599609e-01,-6.742048263549804688e+00,2.502271914482116699e+01
-4.031225293874740601e-02,-2.600861489772796631e-01,-6.743426322937011719e+00,2.502837800979614258e+01
-4.042675718665122986e-02,-2.600705623626708984e-01,-6.744739055633544922e+00,2.503270411491394043e+01
-4.055222868919372559e-02,-2.600587010383605957e-01,-6.745985507965087891e+00,2.503765106201171875e+01
-4.069863259792327881e-02,-2.600421905517578125e-01,-6.747186660766601562e+00,2.504273200035095215e+01
-4.083341360092163086e-02,-2.633613348007202148e-01,-6.751022338867187500e+00,2.504773998260498047e+01
-4.098629578948020935e-02,-2.637898027896881104e-01,-6.752407550811767578e+00,2.505272102355957031e+01
-4.116295278072357178e-02,-2.642908692359924316e-01,-6.753790855407714844e+00,2.505778408050537109e+01
-4.103732109069824219e-02,-2.641073465347290039e-01,-6.754960536956787109e+00,2.506323099136352539e+01
-4.104581102728843689e-02,-2.642908990383148193e-01,-6.756142616271972656e+00,2.506774115562438965e+01
-4.101116582751274109e-02,-2.644109129905700684e-01,-6.757247924804687500e+00,2.507274293899536133e+01
-4.130586981773376465e-02,-2.629880309104919434e-01,-6.758424282073974609e+00,2.507772111892700195e+01
-4.150785878300666809e-02,-2.630973160266876221e-01,-6.759542465209960938e+00,2.508269214630126953e+01
-4.176864400506019592e-02,-2.632037401199340820e-01,-6.760654926300048828e+00,2.508764600753784180e+01
-4.197499901056289673e-02,-2.633208632469177246e-01,-6.762088775634765625e+00,2.509286904335021973e+01
-4.223721846938133240e-02,-2.633934617042541504e-01,-6.763467788696289062e+00,2.509790897369384766e+01
-4.251950234174728394e-02,-2.634578049182891846e-01,-6.764939308166503906e+00,2.510273003578186035e+01
-4.247111082077026367e-02,-2.628689110279083252e-01,-6.765653610229492188e+00,2.510788512229919434e+01
-4.298752918839454651e-02,-2.629675567150115967e-01,-6.766807556152343750e+00,2.511286211013793945e+01
-4.358141869306564331e-02,-2.630873620510101318e-01,-6.767986297607421875e+00,2.511814093589782715e+01
-4.426107183098793030e-02,-2.632222473621368408e-01,-6.769184589385986328e+00,2.512286996841430664e+01
-4.267812147736549377e-02,-2.623701095581054688e-01,-6.771012306213378906e+00,2.512828612327575684e+01
-4.283726215362548828e-02,-2.622574269771575928e-01,-6.772351264953613281e+00,2.513280415534973145e+01
-4.296986013650894165e-02,-2.621407508850097656e-01,-6.773734092712402344e+00,2.513786411285400391e+01
-4.229325056076049805e-02,-2.631595134735107422e-01,-6.776673316955566406e+00,2.514286112785339355e+01
-4.277713969349861145e-02,-2.631476223468780518e-01,-6.777452945709228516e+00,2.514806604385375977e+01
-4.331813380122184753e-02,-2.630933821201324463e-01,-6.778069019317626953e+00,2.515275907516479492e+01
-4.318178072571754456e-02,-2.636861503124237061e-01,-6.778941154479980469e+00,2.515786504745483398e+01
-4.339272528886795044e-02,-2.638278603553771973e-01,-6.779373168945312500e+00,2.516314101219177246e+01
-4.355440661311149597e-02,-2.640265822410583496e-01,-6.779658794403076172e+00,2.516819500923156738e+01
-4.352573305368423462e-02,-2.643661201000213623e-01,-6.780446052551269531e+00,2.517291402816772461e+01
-4.245008155703544617e-02,-2.658048868179321289e-01,-6.788199901580810547e+00,2.517787194252014160e+01
-4.217693954706192017e-02,-2.659072875976562500e-01,-6.789721488952636719e+00,2.518294692039489746e+01
-4.250360652804374695e-02,-2.660110592842102051e-01,-6.791556835174560547e+00,2.518799710273742676e+01
-4.253609105944633484e-02,-2.661611139774322510e-01,-6.793419837951660156e+00,2.519300794601440430e+01
-4.261893033981323242e-02,-2.663365602493286133e-01,-6.795412063598632812e+00,2.519806003570556641e+01
-4.242307692766189575e-02,-2.663863897323608398e-01,-6.797073364257812500e+00,2.520301795005798340e+01
-4.203624650835990906e-02,-2.635536193847656250e-01,-6.793993473052978516e+00,2.520788693428039551e+01
-4.185337200760841370e-02,-2.634526789188385010e-01,-6.795339584350585938e+00,2.521291613578796387e+01
-4.162381216883659363e-02,-2.632734775543212891e-01,-6.796684741973876953e+00,2.521794104576110840e+01
-4.179006069898605347e-02,-2.635182440280914307e-01,-6.797674655914306641e+00,2.522287702560424805e+01
-4.173462837934494019e-02,-2.634751796722412109e-01,-6.798844337463378906e+00,2.522819399833679199e+01
-4.170051589608192444e-02,-2.634250819683074951e-01,-6.799961566925048828e+00,2.523292994499206543e+01
-4.135281592607498169e-02,-2.633278369903564453e-01,-6.801006317138671875e+00,2.523803210258483887e+01
-4.102489352226257324e-02,-2.652738094329833984e-01,-6.804105281829833984e+00,2.524303102493286133e+01
-4.059680178761482239e-02,-2.654648125171661377e-01,-6.805313587188720703e+00,2.524800896644592285e+01
-4.057398810982704163e-02,-2.656727433204650879e-01,-6.806881427764892578e+00,2.525301909446716309e+01
-4.030337184667587280e-02,-2.658961117267608643e-01,-6.808248043060302734e+00,2.525800800323486328e+01
-4.003793373703956604e-02,-2.661056816577911377e-01,-6.809655189514160156e+00,2.526329112052917480e+01
-3.999445214867591858e-02,-2.662286460399627686e-01,-6.811097145080566406e+00,2.526803112030029297e+01
-3.994059562683105469e-02,-2.663742005825042725e-01,-6.812580108642578125e+00,2.527303814888000488e+01
-4.033218696713447571e-02,-2.650213241577148438e-01,-6.811734199523925781e+00,2.527804994583129883e+01
-3.982334211468696594e-02,-2.648993134498596191e-01,-6.812666893005371094e+00,2.528312015533447266e+01
-3.959469497203826904e-02,-2.648096084594726562e-01,-6.813699722290039062e+00,2.528802800178527832e+01
-3.931548073887825012e-02,-2.646713852882385254e-01,-6.814716815948486328e+00,2.529313111305236816e+01
-3.899003192782402039e-02,-2.645017504692077637e-01,-6.815724372863769531e+00,2.529817104339599609e+01
-3.871032223105430603e-02,-2.646445333957672119e-01,-6.816913127899169922e+00,2.530316495895385742e+01
-4.024922102689743042e-02,-2.660944163799285889e-01,-6.822078704833984375e+00,2.530819892883300781e+01
-4.013506323099136353e-02,-2.662752270698547363e-01,-6.823728084564208984e+00,2.531309700012207031e+01
-4.062630236148834229e-02,-2.662676870822906494e-01,-6.825781345367431641e+00,2.531819605827331543e+01
-4.082592576742172241e-02,-2.664037644863128662e-01,-6.827695846557617188e+00,2.532314801216125488e+01
-4.109323769807815552e-02,-2.665541172027587891e-01,-6.829682350158691406e+00,2.532836794853210449e+01
-4.133915528655052185e-02,-2.667964994907379150e-01,-6.831420421600341797e+00,2.533312201499938965e+01
-4.166526347398757935e-02,-2.669888436794281006e-01,-6.833311080932617188e+00,2.533827614784240723e+01
-3.932693228125572205e-02,-2.654683887958526611e-01,-6.830772876739501953e+00,2.534313011169433594e+01
-3.948850929737091064e-02,-2.655221521854400635e-01,-6.831899166107177734e+00,2.534831809997558594e+01
-3.969898447394371033e-02,-2.656450569629669189e-01,-6.833176612854003906e+00,2.535334897041320801e+01
-3.995987772941589355e-02,-2.657488584518432617e-01,-6.834435939788818359e+00,2.535822701454162598e+01
-4.005572944879531860e-02,-2.657796144485473633e-01,-6.835834503173828125e+00,2.536340999603271484e+01
-4.021434858441352844e-02,-2.658417522907257080e-01,-6.837131500244140625e+00,2.536816310882568359e+01
-4.034964367747306824e-02,-2.658657729625701904e-01,-6.838423728942871094e+00,2.537331295013427734e+01
-4.061986505985260010e-02,-2.669235467910766602e-01,-6.842247962951660156e+00,2.537843894958496094e+01
-4.081847891211509705e-02,-2.670374810695648193e-01,-6.843977928161621094e+00,2.538332104682922363e+01
-4.102594032883644104e-02,-2.671683132648468018e-01,-6.845822334289550781e+00,2.538835906982421875e+01
-4.124892503023147583e-02,-2.672854363918304443e-01,-6.847735404968261719e+00,2.539344811439514160e+01
-4.099442064762115479e-02,-2.671542465686798096e-01,-6.849385261535644531e+00,2.539844703674316406e+01
-4.090254753828048706e-02,-2.671146690845489502e-01,-6.851174831390380859e+00,2.540330195426940918e+01
-4.072627425193786621e-02,-2.670641541481018066e-01,-6.852938175201416016e+00,2.540844798088073730e+01
-3.924075886607170105e-02,-2.653045952320098877e-01,-6.851390361785888672e+00,2.541331911087036133e+01
-3.897392749786376953e-02,-2.652916610240936279e-01,-6.852878570556640625e+00,2.541856908798217773e+01
-3.869737684726715088e-02,-2.653017938137054443e-01,-6.854373455047607422e+00,2.542372298240661621e+01
-3.827705979347229004e-02,-2.650806009769439697e-01,-6.855837821960449219e+00,2.542862200736999512e+01
-3.787244856357574463e-02,-2.649798393249511719e-01,-6.857301712036132812e+00,2.543352007865905762e+01
-3.741441667079925537e-02,-2.648554146289825439e-01,-6.858746528625488281e+00,2.543850708007812500e+01
-3.705775737762451172e-02,-2.650530040264129639e-01,-6.860002994537353516e+00,2.544344592094421387e+01
-3.851623833179473877e-02,-2.679573893547058105e-01,-6.862607955932617188e+00,2.544842910766601562e+01
-3.821392729878425598e-02,-2.681154012680053711e-01,-6.863828182220458984e+00,2.545340394973754883e+01
-3.789123520255088806e-02,-2.681077420711517334e-01,-6.864743232727050781e+00,2.545843100547790527e+01
-3.757948055863380432e-02,-2.681977748870849609e-01,-6.865688323974609375e+00,2.546350097656250000e+01
-3.725013509392738342e-02,-2.682586908340454102e-01,-6.866506576538085938e+00,2.546838092803955078e+01
-3.691058978438377380e-02,-2.683013677597045898e-01,-6.867219448089599609e+00,2.547337293624877930e+01
-3.776084631681442261e-02,-2.686674296855926514e-01,-6.870279788970947266e+00,2.547839403152465820e+01
-3.777077794075012207e-02,-2.687252759933471680e-01,-6.871441841125488281e+00,2.548343205451965332e+01
-3.783633559942245483e-02,-2.688014209270477295e-01,-6.872611999511718750e+00,2.548840999603271484e+01
-3.771681711077690125e-02,-2.687688171863555908e-01,-6.874433994293212891e+00,2.549362301826477051e+01
-3.774312511086463928e-02,-2.687414586544036865e-01,-6.876016616821289062e+00,2.549860715866088867e+01
-3.778455033898353577e-02,-2.686913609504699707e-01,-6.877724647521972656e+00,2.550341415405273438e+01
-3.670301660895347595e-02,-2.680521905422210693e-01,-6.878824710845947266e+00,2.550856208801269531e+01
-3.670863807201385498e-02,-2.681479454040527344e-01,-6.880871295928955078e+00,2.551347208023071289e+01
-3.673612326383590698e-02,-2.682696878910064697e-01,-6.883065223693847656e+00,2.551860308647155762e+01
-3.699636831879615784e-02,-2.681464552879333496e-01,-6.884941101074218750e+00,2.552349710464477539e+01
-3.720312193036079407e-02,-2.681381702423095703e-01,-6.887162208557128906e+00,2.552894997596740723e+01
-3.747231885790824890e-02,-2.681299746036529541e-01,-6.889469623565673828e+00,2.553354215621948242e+01
-3.748398646712303162e-02,-2.683129906654357910e-01,-6.891252517700195312e+00,2.553863310813903809e+01
-3.624282777309417725e-02,-2.682969272136688232e-01,-6.890059471130371094e+00,2.554349493980407715e+01
-3.603178262710571289e-02,-2.682808935642242432e-01,-6.891373634338378906e+00,2.554857993125915527e+01
-3.627186268568038940e-02,-2.687651515007019043e-01,-6.892539978027343750e+00,2.555388498306274414e+01
-3.630533814430236816e-02,-2.688621878623962402e-01,-6.893628120422363281e+00,2.555858612060546875e+01
-3.644404932856559753e-02,-2.690785825252532959e-01,-6.894593238830566406e+00,2.556365394592285156e+01
-3.667426854372024536e-02,-2.694120407104492188e-01,-6.895424842834472656e+00,2.556856703758239746e+01
-3.628424555063247681e-02,-2.694152295589447021e-01,-6.896624565124511719e+00,2.557366895675659180e+01
-3.612160310149192810e-02,-2.691206634044647217e-01,-6.901794910430908203e+00,2.557869100570678711e+01
-3.566414862871170044e-02,-2.691493928432464600e-01,-6.903061866760253906e+00,2.558365797996520996e+01
-3.583423048257827759e-02,-2.693995237350463867e-01,-6.904799938201904297e+00,2.558873200416564941e+01
-3.567887842655181885e-02,-2.695879340171813965e-01,-6.906256198883056641e+00,2.559377408027648926e+01
-3.558031097054481506e-02,-2.697989046573638916e-01,-6.907721996307373047e+00,2.559882998466491699e+01
-3.491936251521110535e-02,-2.697688639163970947e-01,-6.908814907073974609e+00,2.560362815856933594e+01
-3.637172654271125793e-02,-2.686565220355987549e-01,-6.906888961791992188e+00,2.560866808891296387e+01
-3.572546690702438354e-02,-2.687130868434906006e-01,-6.907773017883300781e+00,2.561362409591674805e+01
-3.535441681742668152e-02,-2.688723206520080566e-01,-6.909118175506591797e+00,2.561882400512695312e+01
-3.473167121410369873e-02,-2.690065801143646240e-01,-6.910206794738769531e+00,2.562380814552307129e+01
-3.405354544520378113e-02,-2.691778838634490967e-01,-6.911304473876953125e+00,2.562918615341186523e+01
-3.346194699406623840e-02,-2.694581449031829834e-01,-6.912530899047851562e+00,2.563369512557983398e+01
-3.280734270811080933e-02,-2.697328925132751465e-01,-6.913811206817626953e+00,2.563867497444152832e+01
-3.567027673125267029e-02,-2.696161568164825439e-01,-6.917271614074707031e+00,2.564377498626708984e+01
-3.529879450798034668e-02,-2.698433995246887207e-01,-6.918905735015869141e+00,2.564880013465881348e+01
-3.444615751504898071e-02,-2.696564197540283203e-01,-6.919661998748779297e+00,2.565377306938171387e+01
-3.378337621688842773e-02,-2.696928381919860840e-01,-6.920907020568847656e+00,2.565883493423461914e+01
-3.304497897624969482e-02,-2.696916759014129639e-01,-6.922111511230468750e+00,2.566367602348327637e+01
-3.298803418874740601e-02,-2.696859538555145264e-01,-6.923480987548828125e+00,2.566877698898315430e+01
-3.272329643368721008e-02,-2.696530818939208984e-01,-6.924776077270507812e+00,2.567377614974975586e+01
-3.485064208507537842e-02,-2.694577276706695557e-01,-6.926523685455322266e+00,2.567912793159484863e+01
-3.509055078029632568e-02,-2.694421708583831787e-01,-6.928116798400878906e+00,2.568379592895507812e+01
-3.550942242145538330e-02,-2.693522870540618896e-01,-6.929586410522460938e+00,2.568882298469543457e+01
-3.603661060333251953e-02,-2.692561745643615723e-01,-6.931112766265869141e+00,2.569399404525756836e+01
-3.640127554535865784e-02,-2.691285908222198486e-01,-6.932607650756835938e+00,2.569898295402526855e+01
-3.690757229924201965e-02,-2.690099477767944336e-01,-6.934165954589843750e+00,2.570387792587280273e+01
-3.435017168521881104e-02,-2.689864039421081543e-01,-6.934517383575439453e+00,2.570892214775085449e+01
-3.454544022679328918e-02,-2.690476179122924805e-01,-6.936258316040039062e+00,2.571394515037536621e+01
-3.479599952697753906e-02,-2.690639495849609375e-01,-6.937897682189941406e+00,2.571902894973754883e+01
-3.506406024098396301e-02,-2.690995335578918457e-01,-6.939596652984619141e+00,2.572394800186157227e+01
-3.534515947103500366e-02,-2.691438496112823486e-01,-6.941359043121337891e+00,2.572923898696899414e+01
-3.564679622650146484e-02,-2.691572606563568115e-01,-6.943077087402343750e+00,2.573398303985595703e+01
-3.596453368663787842e-02,-2.692274153232574463e-01,-6.944888591766357422e+00,2.573897194862365723e+01
-3.573123365640640259e-02,-2.687733769416809082e-01,-6.946090698242187500e+00,2.574392199516296387e+01
-3.605626896023750305e-02,-2.686156630516052246e-01,-6.947503566741943359e+00,2.574895095825195312e+01
-3.638182207942008972e-02,-2.685448229312896729e-01,-6.949124813079833984e+00,2.575393295288085938e+01
-3.673541173338890076e-02,-2.684476971626281738e-01,-6.950724124908447266e+00,2.575917911529541016e+01
-3.701979294419288635e-02,-2.683782577514648438e-01,-6.952145576477050781e+00,2.576411008834838867e+01
-3.733585029840469360e-02,-2.682597637176513672e-01,-6.953565120697021484e+00,2.576908397674560547e+01
-3.763974830508232117e-02,-2.681107521057128906e-01,-6.954912662506103516e+00,2.577409100532531738e+01
-3.757001087069511414e-02,-2.697769999504089355e-01,-6.957741260528564453e+00,2.577917504310607910e+01
-3.784715011715888977e-02,-2.697679400444030762e-01,-6.959329128265380859e+00,2.578411698341369629e+01
-3.811798617243766785e-02,-2.697679698467254639e-01,-6.960927009582519531e+00,2.578907895088195801e+01
-3.834833949804306030e-02,-2.698134481906890869e-01,-6.962736606597900391e+00,2.579418110847473145e+01
-3.858480602502822876e-02,-2.698464095592498779e-01,-6.964530944824218750e+00,2.579923915863037109e+01
-3.881136700510978699e-02,-2.698772549629211426e-01,-6.966395378112792969e+00,2.580409693717956543e+01
-3.882304951548576355e-02,-2.695515453815460205e-01,-6.967354774475097656e+00,2.580916404724121094e+01
-3.916024416685104370e-02,-2.697303295135498047e-01,-6.969342231750488281e+00,2.581410813331604004e+01
-3.954741358757019043e-02,-2.699392437934875488e-01,-6.971396446228027344e+00,2.581929111480712891e+01
-3.997771069407463074e-02,-2.701978087425231934e-01,-6.973537445068359375e+00,2.582458496093750000e+01
-4.010032862424850464e-02,-2.700137197971343994e-01,-6.975246429443359375e+00,2.582931900024414062e+01
-4.039956629276275635e-02,-2.700133919715881348e-01,-6.977228641510009766e+00,2.583413100242614746e+01
-4.067979380488395691e-02,-2.699365913867950439e-01,-6.979183673858642578e+00,2.583925414085388184e+01
-4.299678280949592590e-02,-2.700289785861968994e-01,-6.982134819030761719e+00,2.584413409233093262e+01
-4.366739094257354736e-02,-2.701675295829772949e-01,-6.984475612640380859e+00,2.584925293922424316e+01
-4.442942515015602112e-02,-2.703225910663604736e-01,-6.986954689025878906e+00,2.585413599014282227e+01
-4.395846650004386902e-02,-2.703877091407775879e-01,-6.988646507263183594e+00,2.585929703712463379e+01
-4.437903314828872681e-02,-2.705348134040832520e-01,-6.990918636322021484e+00,2.586429405212402344e+01
-4.476065561175346375e-02,-2.707310318946838379e-01,-6.993207454681396484e+00,2.586924695968627930e+01
-4.551117494702339172e-02,-2.710534632205963135e-01,-6.995546340942382812e+00,2.587413692474365234e+01
-4.506823047995567322e-02,-2.705312669277191162e-01,-6.993831634521484375e+00,2.587927293777465820e+01
-4.577977582812309265e-02,-2.707038819789886475e-01,-6.995790004730224609e+00,2.588416409492492676e+01
-4.570447653532028198e-02,-2.704670131206512451e-01,-6.997042179107666016e+00,2.588933897018432617e+01
-4.601418972015380859e-02,-2.704655230045318604e-01,-6.998592376708984375e+00,2.589444494247436523e+01
-4.624844342470169067e-02,-2.704118490219116211e-01,-7.000056743621826172e+00,2.589933300018310547e+01
-4.640396684408187866e-02,-2.703113853931427002e-01,-7.001450538635253906e+00,2.590429496765136719e+01
-4.583790153264999390e-02,-2.717952132225036621e-01,-7.002930641174316406e+00,2.590932607650756836e+01
-4.578952863812446594e-02,-2.721011340618133545e-01,-7.004470348358154297e+00,2.591426801681518555e+01
-4.566709697246551514e-02,-2.724303901195526123e-01,-7.006012439727783203e+00,2.591932392120361328e+01
-4.526969790458679199e-02,-2.724635004997253418e-01,-7.007756710052490234e+00,2.592424607276916504e+01
-4.486097767949104309e-02,-2.726362645626068115e-01,-7.009354114532470703e+00,2.592957901954650879e+01
-4.435747489333152771e-02,-2.728347480297088623e-01,-7.010962009429931641e+00,2.593428802490234375e+01
-4.399300366640090942e-02,-2.731876075267791748e-01,-7.012028217315673828e+00,2.593931508064270020e+01
-4.314119741320610046e-02,-2.704387307167053223e-01,-7.010430335998535156e+00,2.594431114196777344e+01
-4.263196885585784912e-02,-2.701835334300994873e-01,-7.011159896850585938e+00,2.594929099082946777e+01
-4.256755486130714417e-02,-2.704179584980010986e-01,-7.012284755706787109e+00,2.595425605773925781e+01
-4.228072240948677063e-02,-2.703721523284912109e-01,-7.013140201568603516e+00,2.595942997932434082e+01
-4.204464331269264221e-02,-2.703633606433868408e-01,-7.014010906219482422e+00,2.596437811851501465e+01
-4.223909974098205566e-02,-2.705507874488830566e-01,-7.015422821044921875e+00,2.596938300132751465e+01
-4.316740110516548157e-02,-2.705825269222259521e-01,-7.017684459686279297e+00,2.597445106506347656e+01
-4.362500086426734924e-02,-2.705201804637908936e-01,-7.019106864929199219e+00,2.597946095466613770e+01
-4.364808276295661926e-02,-2.703562378883361816e-01,-7.020441055297851562e+00,2.598444604873657227e+01
-4.398901760578155518e-02,-2.701243162155151367e-01,-7.021928310394287109e+00,2.598944211006164551e+01
-4.438053444027900696e-02,-2.698355615139007568e-01,-7.023511409759521484e+00,2.599468398094177246e+01
-4.482129961252212524e-02,-2.694868445396423340e-01,-7.025205135345458984e+00,2.599962115287780762e+01
-4.499933496117591858e-02,-2.695125043392181396e-01,-7.026744365692138672e+00,2.600444602966308594e+01
-4.414717480540275574e-02,-2.706083059310913086e-01,-7.028171539306640625e+00,2.600943803787231445e+01
-4.428433254361152649e-02,-2.705634832382202148e-01,-7.029915809631347656e+00,2.601442313194274902e+01
-4.419836774468421936e-02,-2.703705132007598877e-01,-7.031229972839355469e+00,2.601946997642517090e+01
-4.418955743312835693e-02,-2.702493667602539062e-01,-7.032804965972900391e+00,2.602440214157104492e+01
-4.412098973989486694e-02,-2.701067626476287842e-01,-7.034345149993896484e+00,2.602972197532653809e+01
-4.397160187363624573e-02,-2.701848149299621582e-01,-7.035705566406250000e+00,2.603453707695007324e+01
-4.378344863653182983e-02,-2.701298296451568604e-01,-7.037074565887451172e+00,2.603950905799865723e+01
-4.402385279536247253e-02,-2.716700732707977295e-01,-7.039942741394042969e+00,2.604458594322204590e+01
-4.424408078193664551e-02,-2.717353999614715576e-01,-7.041419506072998047e+00,2.604958510398864746e+01
-4.422975331544876099e-02,-2.718241214752197266e-01,-7.042809963226318359e+00,2.605457115173339844e+01
-4.426255449652671814e-02,-2.719073891639709473e-01,-7.044183254241943359e+00,2.605973410606384277e+01
-4.422508552670478821e-02,-2.719548642635345459e-01,-7.045571327209472656e+00,2.606457304954528809e+01
-4.423416033387184143e-02,-2.720220088958740234e-01,-7.046925544738769531e+00,2.606965994834899902e+01
-4.425194114446640015e-02,-2.720752060413360596e-01,-7.048267364501953125e+00,2.607456707954406738e+01
-4.441817104816436768e-02,-2.723673582077026367e-01,-7.049883365631103516e+00,2.607965493202209473e+01
-4.389879480004310608e-02,-2.723304927349090576e-01,-7.051435947418212891e+00,2.608457708358764648e+01
-4.362941905856132507e-02,-2.723578214645385742e-01,-7.052875518798828125e+00,2.608965206146240234e+01
-4.328959807753562927e-02,-2.723755240440368652e-01,-7.054339885711669922e+00,2.609482502937316895e+01
-4.319313913583755493e-02,-2.724105715751647949e-01,-7.056080818176269531e+00,2.609972405433654785e+01
-4.298130050301551819e-02,-2.724491059780120850e-01,-7.057801723480224609e+00,2.610458612442016602e+01
-4.427807405591011047e-02,-2.715157866477966309e-01,-7.059942245483398438e+00,2.610973596572875977e+01
-4.505313560366630554e-02,-2.714833915233612061e-01,-7.061869144439697266e+00,2.611470603942871094e+01
-4.556805640459060669e-02,-2.714616656303405762e-01,-7.063898086547851562e+00,2.611974596977233887e+01
-4.623212665319442749e-02,-2.714529335498809814e-01,-7.066024303436279297e+00,2.612465596199035645e+01
-4.647307097911834717e-02,-2.714836597442626953e-01,-7.067741870880126953e+00,2.612985014915466309e+01
-4.695550352334976196e-02,-2.714577019214630127e-01,-7.069556236267089844e+00,2.613465595245361328e+01
-4.742265865206718445e-02,-2.714067697525024414e-01,-7.071252346038818359e+00,2.613973402976989746e+01
-4.595774039626121521e-02,-2.723042070865631104e-01,-7.071351528167724609e+00,2.614471197128295898e+01
-4.608091711997985840e-02,-2.724259495735168457e-01,-7.072754383087158203e+00,2.614973092079162598e+01
-4.613966494798660278e-02,-2.725612223148345947e-01,-7.074055194854736328e+00,2.615470504760742188e+01
-4.625098407268524170e-02,-2.727977633476257324e-01,-7.075803756713867188e+00,2.615999507904052734e+01
-4.629345610737800598e-02,-2.729407250881195068e-01,-7.077386856079101562e+00,2.616483807563781738e+01
-4.631483927369117737e-02,-2.731094956398010254e-01,-7.079031467437744141e+00,2.616973495483398438e+01
-4.600106924772262573e-02,-2.730036377906799316e-01,-7.080334186553955078e+00,2.617479014396667480e+01
-4.628695920109748840e-02,-2.731727957725524902e-01,-7.081905841827392578e+00,2.617985105514526367e+01
-4.643880203366279602e-02,-2.733629941940307617e-01,-7.083601474761962891e+00,2.618477797508239746e+01
-4.660914465785026550e-02,-2.735398411750793457e-01,-7.085287570953369141e+00,2.618980097770690918e+01
-4.659008607268333435e-02,-2.735452950000762939e-01,-7.086564540863037109e+00,2.619509315490722656e+01
-4.662024229764938354e-02,-2.735760807991027832e-01,-7.087882995605468750e+00,2.619983410835266113e+01
-4.661010950803756714e-02,-2.735371887683868408e-01,-7.089045047760009766e+00,2.620480203628540039e+01
-4.559589549899101257e-02,-2.729915678501129150e-01,-7.090371131896972656e+00,2.620976495742797852e+01
-4.559424519538879395e-02,-2.730962038040161133e-01,-7.091942310333251953e+00,2.621483898162841797e+01
-4.559925943613052368e-02,-2.732298076152801514e-01,-7.093566417694091797e+00,2.621998906135559082e+01
-4.568893462419509888e-02,-2.733440697193145752e-01,-7.095570087432861328e+00,2.622471594810485840e+01
-4.575591906905174255e-02,-2.734091579914093018e-01,-7.097529411315917969e+00,2.623009014129638672e+01
-4.584665596485137939e-02,-2.734573185443878174e-01,-7.099607944488525391e+00,2.623480606079101562e+01
-4.580719023942947388e-02,-2.734852135181427002e-01,-7.101488590240478516e+00,2.623978805541992188e+01
-4.393640160560607910e-02,-2.721880972385406494e-01,-7.098496437072753906e+00,2.624480700492858887e+01
-4.357333481311798096e-02,-2.721683382987976074e-01,-7.099767684936523438e+00,2.624976706504821777e+01
-4.316973313689231873e-02,-2.721220850944519043e-01,-7.100945949554443359e+00,2.625488209724426270e+01
-4.286325722932815552e-02,-2.718749642372131348e-01,-7.101541042327880859e+00,2.626004004478454590e+01
-4.249501600861549377e-02,-2.717569172382354736e-01,-7.102507114410400391e+00,2.626489901542663574e+01
-4.211919382214546204e-02,-2.716350257396697998e-01,-7.103437423706054688e+00,2.626999711990356445e+01
-4.189793393015861511e-02,-2.716082930564880371e-01,-7.104768753051757812e+00,2.627500605583190918e+01
-4.496980458498001099e-02,-2.726525664329528809e-01,-7.114296913146972656e+00,2.627988004684448242e+01
-4.509065300226211548e-02,-2.725701332092285156e-01,-7.116457462310791016e+00,2.628485298156738281e+01
-4.528647288680076599e-02,-2.727179229259490967e-01,-7.118199825286865234e+00,2.628990411758422852e+01
-4.551554098725318909e-02,-2.727484107017517090e-01,-7.120240211486816406e+00,2.629517412185668945e+01
-4.578884690999984741e-02,-2.728003859519958496e-01,-7.122292041778564453e+00,2.630002212524414062e+01
-4.597493261098861694e-02,-2.725094854831695557e-01,-7.124030113220214844e+00,2.630485796928405762e+01
-4.553125426173210144e-02,-2.727072834968566895e-01,-7.123370647430419922e+00,2.631006002426147461e+01
-4.570527374744415283e-02,-2.725641131401062012e-01,-7.124639034271240234e+00,2.631488299369812012e+01
-4.559639468789100647e-02,-2.730307281017303467e-01,-7.125796794891357422e+00,2.631999301910400391e+01
-4.559336602687835693e-02,-2.731912732124328613e-01,-7.126823425292968750e+00,2.632499694824218750e+01
-4.554770141839981079e-02,-2.734249234199523926e-01,-7.127730369567871094e+00,2.633000493049621582e+01
-4.543845355510711670e-02,-2.737359106540679932e-01,-7.128850936889648438e+00,2.633527493476867676e+01
-4.529288783669471741e-02,-2.739662826061248779e-01,-7.129817962646484375e+00,2.634008598327636719e+01
-4.552217572927474976e-02,-2.736563086509704590e-01,-7.133338451385498047e+00,2.634503912925720215e+01
-4.528267309069633484e-02,-2.737882435321807861e-01,-7.134490966796875000e+00,2.635025715827941895e+01
-4.515968263149261475e-02,-2.739246487617492676e-01,-7.136202812194824219e+00,2.635514092445373535e+01
-4.492950439453125000e-02,-2.740963995456695557e-01,-7.137672424316406250e+00,2.636049795150756836e+01
-4.466861486434936523e-02,-2.742831408977508545e-01,-7.139204978942871094e+00,2.636519408226013184e+01
-4.461346194148063660e-02,-2.744109928607940674e-01,-7.140714645385742188e+00,2.636992907524108887e+01
-4.594912752509117126e-02,-2.731651067733764648e-01,-7.142298221588134766e+00,2.637515997886657715e+01
-4.609069600701332092e-02,-2.731485962867736816e-01,-7.143863677978515625e+00,2.638007807731628418e+01
-4.602167382836341858e-02,-2.729820907115936279e-01,-7.144834995269775391e+00,2.638520503044128418e+01
-4.609376564621925354e-02,-2.728554904460906982e-01,-7.146109580993652344e+00,2.639019608497619629e+01
-4.615769162774085999e-02,-2.726558148860931396e-01,-7.147296905517578125e+00,2.639534211158752441e+01
-4.632953181862831116e-02,-2.726306617259979248e-01,-7.148791313171386719e+00,2.640018701553344727e+01
-4.649390280246734619e-02,-2.725118100643157959e-01,-7.150156021118164062e+00,2.640515303611755371e+01
-4.723037779331207275e-02,-2.745766937732696533e-01,-7.155027866363525391e+00,2.641013097763061523e+01
-4.738599434494972229e-02,-2.747331559658050537e-01,-7.157081604003906250e+00,2.641520404815673828e+01
-4.764489829540252686e-02,-2.749831080436706543e-01,-7.159111022949218750e+00,2.642015409469604492e+01
-4.791260510683059692e-02,-2.752936780452728271e-01,-7.161217689514160156e+00,2.642513298988342285e+01
-4.817270860075950623e-02,-2.756073772907257080e-01,-7.163389205932617188e+00,2.643041896820068359e+01
-4.821658134460449219e-02,-2.759524881839752197e-01,-7.165325164794921875e+00,2.643517494201660156e+01
-4.832591116428375244e-02,-2.763409316539764404e-01,-7.167589187622070312e+00,2.644029808044433594e+01
-4.655909165740013123e-02,-2.737199068069458008e-01,-7.164899349212646484e+00,2.644528007507324219e+01
-4.709948226809501648e-02,-2.738083302974700928e-01,-7.166346073150634766e+00,2.645031905174255371e+01
-4.731228947639465332e-02,-2.739143967628479004e-01,-7.167866230010986328e+00,2.645532202720642090e+01
-4.753265902400016785e-02,-2.740305364131927490e-01,-7.169262409210205078e+00,2.646047592163085938e+01
-4.757439345121383667e-02,-2.742313742637634277e-01,-7.170405387878417969e+00,2.646533107757568359e+01
-4.772043973207473755e-02,-2.743763923645019531e-01,-7.171552658081054688e+00,2.647055912017822266e+01
-4.630172625184059143e-02,-2.729893624782562256e-01,-7.172476768493652344e+00,2.647541499137878418e+01
-4.617770761251449585e-02,-2.732454836368560791e-01,-7.173857688903808594e+00,2.648035097122192383e+01
-4.607431963086128235e-02,-2.732633650302886963e-01,-7.175064086914062500e+00,2.648534202575683594e+01
-4.592119902372360229e-02,-2.733723521232604980e-01,-7.176226615905761719e+00,2.649039101600646973e+01
-4.579861462116241455e-02,-2.734285593032836914e-01,-7.177445411682128906e+00,2.649551510810852051e+01
-4.565171897411346436e-02,-2.734621465206146240e-01,-7.178662300109863281e+00,2.650051999092102051e+01
-4.549084231257438660e-02,-2.735142409801483154e-01,-7.179885387420654297e+00,2.650537800788879395e+01
-4.667545109987258911e-02,-2.727408409118652344e-01,-7.181636810302734375e+00,2.651072311401367188e+01
-4.676096513867378235e-02,-2.726565003395080566e-01,-7.183022975921630859e+00,2.651539611816406250e+01
-4.689769819378852844e-02,-2.725688219070434570e-01,-7.184451103210449219e+00,2.652051901817321777e+01
-4.708635434508323669e-02,-2.724657654762268066e-01,-7.185943126678466797e+00,2.652538108825683594e+01
-4.669757932424545288e-02,-2.723867893218994141e-01,-7.187564849853515625e+00,2.653059196472167969e+01
-4.654643684625625610e-02,-2.724274694919586182e-01,-7.189149379730224609e+00,2.653538703918457031e+01
-4.643126204609870911e-02,-2.727090418338775635e-01,-7.191618919372558594e+00,2.654052615165710449e+01
-4.594468697905540466e-02,-2.726393043994903564e-01,-7.192888736724853516e+00,2.654539799690246582e+01
-4.541585594415664673e-02,-2.725080251693725586e-01,-7.194440364837646484e+00,2.655052900314331055e+01
-4.479552432894706726e-02,-2.723887264728546143e-01,-7.195959091186523438e+00,2.655537295341491699e+01
-4.413528367877006531e-02,-2.723557651042938232e-01,-7.197125434875488281e+00,2.656072211265563965e+01
-4.337959364056587219e-02,-2.722817659378051758e-01,-7.198323726654052734e+00,2.656551003456115723e+01
-4.254177957773208618e-02,-2.722181677818298340e-01,-7.199376583099365234e+00,2.657052612304687500e+01
-4.466504976153373718e-02,-2.747607231140136719e-01,-7.201588630676269531e+00,2.657539296150207520e+01
-4.388881474733352661e-02,-2.747603058815002441e-01,-7.202584743499755859e+00,2.658059000968933105e+01
-4.304372146725654602e-02,-2.747824490070343018e-01,-7.203478813171386719e+00,2.658557915687561035e+01
-4.415248706936836243e-02,-2.750399112701416016e-01,-7.206147670745849609e+00,2.659063506126403809e+01
-4.398118332028388977e-02,-2.751494646072387695e-01,-7.207574367523193359e+00,2.659562492370605469e+01
-4.388485476374626160e-02,-2.753144204616546631e-01,-7.209042549133300781e+00,2.660064411163330078e+01
-4.388121888041496277e-02,-2.754806578159332275e-01,-7.210571765899658203e+00,2.660562896728515625e+01
-4.551988095045089722e-02,-2.737703621387481689e-01,-7.210324287414550781e+00,2.661064100265502930e+01
-4.535868391394615173e-02,-2.735818028450012207e-01,-7.211730480194091797e+00,2.661550807952880859e+01
-4.512374848127365112e-02,-2.733562290668487549e-01,-7.213154315948486328e+00,2.662078809738159180e+01
-4.484430328011512756e-02,-2.735974490642547607e-01,-7.214630603790283203e+00,2.662550115585327148e+01
-4.450321197509765625e-02,-2.735935151576995850e-01,-7.216111660003662109e+00,2.663079309463500977e+01
-4.409783333539962769e-02,-2.736165523529052734e-01,-7.217612743377685547e+00,2.663549304008483887e+01
-4.394304007291793823e-02,-2.735256850719451904e-01,-7.219019889831542969e+00,2.664068794250488281e+01
-4.521298781037330627e-02,-2.732842564582824707e-01,-7.221278667449951172e+00,2.664560198783874512e+01
-4.519151151180267334e-02,-2.731777131557464600e-01,-7.222831249237060547e+00,2.665078592300415039e+01
-4.498542472720146179e-02,-2.731634080410003662e-01,-7.224182605743408203e+00,2.665562295913696289e+01
-4.488190636038780212e-02,-2.731010913848876953e-01,-7.225589275360107422e+00,2.666084599494934082e+01
-4.476707428693771362e-02,-2.730760574340820312e-01,-7.226940155029296875e+00,2.666561198234558105e+01
-4.464845359325408936e-02,-2.730364799499511719e-01,-7.228284358978271484e+00,2.667101192474365234e+01
-4.409310966730117798e-02,-2.746449708938598633e-01,-7.230821609497070312e+00,2.667570900917053223e+01
-4.396920651197433472e-02,-2.746981680393218994e-01,-7.232378005981445312e+00,2.668072295188903809e+01
-4.379299655556678772e-02,-2.747042477130889893e-01,-7.233912944793701172e+00,2.668567895889282227e+01
-4.347195476293563843e-02,-2.748734354972839355e-01,-7.235484600067138672e+00,2.669074201583862305e+01
-4.322766512632369995e-02,-2.749616801738739014e-01,-7.237054824829101562e+00,2.669651103019714355e+01
-4.298698157072067261e-02,-2.750458121299743652e-01,-7.238666057586669922e+00,2.670083904266357422e+01
-4.270243644714355469e-02,-2.750068306922912598e-01,-7.240260124206542969e+00,2.670562815666198730e+01
-4.289456829428672791e-02,-2.748706638813018799e-01,-7.239132404327392578e+00,2.671070408821105957e+01
-4.261624813079833984e-02,-2.750046253204345703e-01,-7.240345001220703125e+00,2.671645498275756836e+01
-4.290934279561042786e-02,-2.751764953136444092e-01,-7.241705417633056641e+00,2.672079110145568848e+01
-4.295418784022331238e-02,-2.753380537033081055e-01,-7.242998600006103516e+00,2.672570896148681641e+01
-4.307677969336509705e-02,-2.755123972892761230e-01,-7.244281291961669922e+00,2.673101592063903809e+01
-4.313468933105468750e-02,-2.756586968898773193e-01,-7.245485782623291016e+00,2.673578715324401855e+01
-4.311687499284744263e-02,-2.741926312446594238e-01,-7.246833801269531250e+00,2.674104404449462891e+01
-4.326977953314781189e-02,-2.741861343383789062e-01,-7.248171806335449219e+00,2.674580693244934082e+01
-4.330600425601005554e-02,-2.741461694240570068e-01,-7.249640464782714844e+00,2.675084304809570312e+01
-4.342602193355560303e-02,-2.740659713745117188e-01,-7.251063346862792969e+00,2.675586009025573730e+01
-4.355843365192413330e-02,-2.739853262901306152e-01,-7.252505302429199219e+00,2.676110196113586426e+01
-4.360605403780937195e-02,-2.739830315113067627e-01,-7.254032611846923828e+00,2.676567912101745605e+01
-4.367702454328536987e-02,-2.739716470241546631e-01,-7.255598545074462891e+00,2.677085208892822266e+01
-4.372309148311614990e-02,-2.751670479774475098e-01,-7.257922649383544922e+00,2.677586197853088379e+01
-4.373090341687202454e-02,-2.753455042839050293e-01,-7.259689807891845703e+00,2.678094911575317383e+01
-4.376386478543281555e-02,-2.751717865467071533e-01,-7.261228561401367188e+00,2.678606200218200684e+01
-4.375931248068809509e-02,-2.751668989658355713e-01,-7.262921810150146484e+00,2.679098796844482422e+01
-4.373911768198013306e-02,-2.751230001449584961e-01,-7.264619350433349609e+00,2.679648399353027344e+01
-4.377705603837966919e-02,-2.753691971302032471e-01,-7.266229152679443359e+00,2.680089211463928223e+01
-4.379675909876823425e-02,-2.754696607589721680e-01,-7.267882347106933594e+00,2.680597209930419922e+01
-4.334447160363197327e-02,-2.755632996559143066e-01,-7.268104553222656250e+00,2.681088900566101074e+01
-4.322687536478042603e-02,-2.754925787448883057e-01,-7.269472599029541016e+00,2.681595396995544434e+01
-4.316878318786621094e-02,-2.756097018718719482e-01,-7.270882606506347656e+00,2.682089805603027344e+01
-4.309726133942604065e-02,-2.757394313812255859e-01,-7.272268772125244141e+00,2.682597899436950684e+01
-4.308997839689254761e-02,-2.760664224624633789e-01,-7.273545742034912109e+00,2.683112597465515137e+01
-4.304933920502662659e-02,-2.763069272041320801e-01,-7.274806022644042969e+00,2.683597612380981445e+01
-4.340736195445060730e-02,-2.757048308849334717e-01,-7.276575088500976562e+00,2.684089493751525879e+01
-4.320063814520835876e-02,-2.757362127304077148e-01,-7.277775287628173828e+00,2.684589815139770508e+01
-4.305404424667358398e-02,-2.758697867393493652e-01,-7.278895378112792969e+00,2.685097694396972656e+01
-4.288653284311294556e-02,-2.759824395179748535e-01,-7.279975414276123047e+00,2.685642004013061523e+01
-4.269492626190185547e-02,-2.760562002658843994e-01,-7.281019210815429688e+00,2.686131310462951660e+01
-4.251372441649436951e-02,-2.761645913124084473e-01,-7.282738208770751953e+00,2.686636400222778320e+01
-4.229075461626052856e-02,-2.762354612350463867e-01,-7.284218311309814453e+00,2.687111115455627441e+01
-4.242786392569541931e-02,-2.749181687831878662e-01,-7.287173271179199219e+00,2.687641692161560059e+01
-4.224380478262901306e-02,-2.748737931251525879e-01,-7.289197444915771484e+00,2.688109111785888672e+01
-4.202846065163612366e-02,-2.747960686683654785e-01,-7.291273593902587891e+00,2.688646197319030762e+01
-4.180061444640159607e-02,-2.746639251708984375e-01,-7.293476104736328125e+00,2.689096307754516602e+01
-4.204908385872840881e-02,-2.743962407112121582e-01,-7.295351982116699219e+00,2.689683413505554199e+01
-4.220610111951828003e-02,-2.741090357303619385e-01,-7.297417163848876953e+00,2.690127515792846680e+01
-4.249943792819976807e-02,-2.737815380096435547e-01,-7.299509048461914062e+00,2.690650892257690430e+01
-4.345283284783363342e-02,-2.749432027339935303e-01,-7.297977447509765625e+00,2.691107511520385742e+01
-4.378991201519966125e-02,-2.750062346458435059e-01,-7.298948764801025391e+00,2.691633701324462891e+01
-4.414210468530654907e-02,-2.751288712024688721e-01,-7.299682617187500000e+00,2.692136406898498535e+01
-4.440804198384284973e-02,-2.754525840282440186e-01,-7.300590038299560547e+00,2.692655706405639648e+01
-4.472807049751281738e-02,-2.756644189357757568e-01,-7.301291465759277344e+00,2.693132710456848145e+01
-4.503751918673515320e-02,-2.759175896644592285e-01,-7.301908493041992188e+00,2.693623614311218262e+01
-4.372326657176017761e-02,-2.769927084445953369e-01,-7.307229042053222656e+00,2.694121098518371582e+01
-4.368962347507476807e-02,-2.769704759120941162e-01,-7.308667182922363281e+00,2.694629311561584473e+01
-4.358022287487983704e-02,-2.768674194812774658e-01,-7.310175418853759766e+00,2.695109295845031738e+01
-4.340228438377380371e-02,-2.766919434070587158e-01,-7.311756134033203125e+00,2.695626807212829590e+01
-4.349371045827865601e-02,-2.765625417232513428e-01,-7.313628673553466797e+00,2.696144104003906250e+01
-4.343660175800323486e-02,-2.764789164066314697e-01,-7.315455436706542969e+00,2.696670603752136230e+01
-4.338848590850830078e-02,-2.764215469360351562e-01,-7.317372798919677734e+00,2.697134208679199219e+01
-4.428049176931381226e-02,-2.760813832283020020e-01,-7.316949844360351562e+00,2.697687792778015137e+01
-4.434458911418914795e-02,-2.759352326393127441e-01,-7.318599700927734375e+00,2.698127913475036621e+01
-4.439305141568183899e-02,-2.757393121719360352e-01,-7.320230007171630859e+00,2.698657298088073730e+01
-4.449311643838882446e-02,-2.757934331893920898e-01,-7.321495056152343750e+00,2.699137806892395020e+01
-4.457428306341171265e-02,-2.756644189357757568e-01,-7.322894096374511719e+00,2.699657607078552246e+01
-4.465864971280097961e-02,-2.755663394927978516e-01,-7.324231624603271484e+00,2.700131392478942871e+01
-4.467809945344924927e-02,-2.757229804992675781e-01,-7.325751781463623047e+00,2.700661706924438477e+01
-4.477972537279129028e-02,-2.783352434635162354e-01,-7.328297615051269531e+00,2.701132798194885254e+01
-4.481901973485946655e-02,-2.785558700561523438e-01,-7.329810142517089844e+00,2.701675295829772949e+01
-4.484676942229270935e-02,-2.786732614040374756e-01,-7.331402778625488281e+00,2.702165007591247559e+01
-4.485398158431053162e-02,-2.788992524147033691e-01,-7.332932472229003906e+00,2.702660799026489258e+01
-4.484913870692253113e-02,-2.791653573513031006e-01,-7.334483623504638672e+00,2.703132915496826172e+01
-4.483478888869285583e-02,-2.794445157051086426e-01,-7.336063385009765625e+00,2.703681993484497070e+01
-4.539047554135322571e-02,-2.776629626750946045e-01,-7.337222576141357422e+00,2.704130911827087402e+01
-4.560855776071548462e-02,-2.777853608131408691e-01,-7.338882923126220703e+00,2.704674100875854492e+01
-4.585517570376396179e-02,-2.778939604759216309e-01,-7.340514183044433594e+00,2.705137705802917480e+01
-4.555977135896682739e-02,-2.778092920780181885e-01,-7.341829776763916016e+00,2.705654311180114746e+01
-4.553635418415069580e-02,-2.778245508670806885e-01,-7.343282699584960938e+00,2.706160402297973633e+01
-4.545845091342926025e-02,-2.778259217739105225e-01,-7.344707489013671875e+00,2.706682300567626953e+01
-4.562225192785263062e-02,-2.778770625591278076e-01,-7.346427440643310547e+00,2.707151007652282715e+01
-4.569465294480323792e-02,-2.779032588005065918e-01,-7.348059177398681641e+00,2.707658910751342773e+01
-4.536048322916030884e-02,-2.772295176982879639e-01,-7.349483013153076172e+00,2.708147001266479492e+01
-4.522012174129486084e-02,-2.772652506828308105e-01,-7.351259231567382812e+00,2.708658814430236816e+01
-4.522922262549400330e-02,-2.772864997386932373e-01,-7.353103637695312500e+00,2.709148001670837402e+01
-4.521211981773376465e-02,-2.773356437683105469e-01,-7.354999065399169922e+00,2.709690999984741211e+01
-4.520614445209503174e-02,-2.772179841995239258e-01,-7.356570720672607422e+00,2.710153198242187500e+01
-4.516002908349037170e-02,-2.771898210048675537e-01,-7.358258724212646484e+00,2.710669302940368652e+01
-4.483631998300552368e-02,-2.765044569969177246e-01,-7.358785152435302734e+00,2.711148905754089355e+01
-4.507127031683921814e-02,-2.766229212284088135e-01,-7.360167503356933594e+00,2.711666202545166016e+01
-4.517850652337074280e-02,-2.765201330184936523e-01,-7.361562252044677734e+00,2.712146115303039551e+01
-4.532415792346000671e-02,-2.763901650905609131e-01,-7.362887859344482422e+00,2.712698507308959961e+01
-4.551860690116882324e-02,-2.762912511825561523e-01,-7.364160537719726562e+00,2.713160610198974609e+01
-4.599463194608688354e-02,-2.762546539306640625e-01,-7.365629673004150391e+00,2.713675403594970703e+01
-4.632828757166862488e-02,-2.785439789295196533e-01,-7.368931293487548828e+00,2.714162993431091309e+01
-4.688366129994392395e-02,-2.786937057971954346e-01,-7.370518207550048828e+00,2.714673113822937012e+01
-4.673582315444946289e-02,-2.787353992462158203e-01,-7.372189044952392578e+00,2.715176296234130859e+01
-4.699480906128883362e-02,-2.788353264331817627e-01,-7.373829841613769531e+00,2.715668892860412598e+01
-4.720529168844223022e-02,-2.789272964000701904e-01,-7.375468730926513672e+00,2.716174197196960449e+01
-4.742868617177009583e-02,-2.790268063545227051e-01,-7.377044200897216797e+00,2.716659712791442871e+01
-4.760982841253280640e-02,-2.791056334972381592e-01,-7.378652572631835938e+00,2.717158293724060059e+01
-4.738595336675643921e-02,-2.777190506458282471e-01,-7.378405094146728516e+00,2.717671298980712891e+01
-4.753043130040168762e-02,-2.777188420295715332e-01,-7.379940986633300781e+00,2.718157100677490234e+01
-4.763538390398025513e-02,-2.776738703250885010e-01,-7.381456375122070312e+00,2.718702197074890137e+01
-4.772896319627761841e-02,-2.776167392730712891e-01,-7.382983207702636719e+00,2.719173598289489746e+01
-4.791920259594917297e-02,-2.776653468608856201e-01,-7.384560108184814453e+00,2.719695711135864258e+01
-4.808209836483001709e-02,-2.776971757411956787e-01,-7.386143207550048828e+00,2.720173311233520508e+01
-4.826796427369117737e-02,-2.777528166770935059e-01,-7.387755870819091797e+00,2.720673513412475586e+01
-4.860407114028930664e-02,-2.786444127559661865e-01,-7.389578819274902344e+00,2.721172308921813965e+01
-4.853680729866027832e-02,-2.784502506256103516e-01,-7.390988826751708984e+00,2.721678400039672852e+01
-4.863854125142097473e-02,-2.785020172595977783e-01,-7.392524719238281250e+00,2.722168993949890137e+01
-4.870624840259552002e-02,-2.785206139087677002e-01,-7.394038677215576172e+00,2.722711896896362305e+01
-4.872154071927070618e-02,-2.787075936794281006e-01,-7.395588397979736328e+00,2.723190402984619141e+01
-4.871734231710433960e-02,-2.788241207599639893e-01,-7.397119522094726562e+00,2.723675513267517090e+01
-4.908254370093345642e-02,-2.798729240894317627e-01,-7.399055480957031250e+00,2.724176192283630371e+01
-4.937103390693664551e-02,-2.798253595829010010e-01,-7.400524616241455078e+00,2.724698305130004883e+01
-4.948998242616653442e-02,-2.799705564975738525e-01,-7.402000427246093750e+00,2.725180196762084961e+01
-4.963954165577888489e-02,-2.801134884357452393e-01,-7.403467655181884766e+00,2.725698113441467285e+01
-4.978087171912193298e-02,-2.804113328456878662e-01,-7.404969215393066406e+00,2.726200413703918457e+01
-4.993779584765434265e-02,-2.806741595268249512e-01,-7.406439304351806641e+00,2.726699304580688477e+01
-5.010687559843063354e-02,-2.809951901435852051e-01,-7.407909393310546875e+00,2.727186894416809082e+01
-4.933499172329902649e-02,-2.786934077739715576e-01,-7.408652305603027344e+00,2.727697515487670898e+01
-4.946748912334442139e-02,-2.786137461662292480e-01,-7.410005569458007812e+00,2.728185796737670898e+01
-4.962546005845069885e-02,-2.784975469112396240e-01,-7.411354064941406250e+00,2.728699302673339844e+01
-4.963338375091552734e-02,-2.784750461578369141e-01,-7.412815570831298828e+00,2.729201197624206543e+01
-4.968911781907081604e-02,-2.784272134304046631e-01,-7.414247512817382812e+00,2.729693102836608887e+01
-4.969999194145202637e-02,-2.783697843551635742e-01,-7.415697097778320312e+00,2.730187511444091797e+01
-4.967689141631126404e-02,-2.783317565917968750e-01,-7.417173385620117188e+00,2.730711293220520020e+01
-5.040822923183441162e-02,-2.792022526264190674e-01,-7.419763565063476562e+00,2.731185197830200195e+01
-5.040471628308296204e-02,-2.794117033481597900e-01,-7.421392917633056641e+00,2.731686806678771973e+01
-5.034916475415229797e-02,-2.796196639537811279e-01,-7.423024177551269531e+00,2.732187509536743164e+01
-5.010412633419036865e-02,-2.792224586009979248e-01,-7.424371719360351562e+00,2.732722306251525879e+01
-4.991596937179565430e-02,-2.792586982250213623e-01,-7.425901889801025391e+00,2.733210897445678711e+01
-4.968204721808433533e-02,-2.792791426181793213e-01,-7.427433490753173828e+00,2.733700895309448242e+01
-4.923964291810989380e-02,-2.785894870758056641e-01,-7.429277896881103516e+00,2.734200310707092285e+01
-4.914809390902519226e-02,-2.786441445350646973e-01,-7.430966377258300781e+00,2.734704303741455078e+01
-4.906006902456283569e-02,-2.787285149097442627e-01,-7.432674884796142578e+00,2.735200905799865723e+01
-4.888377338647842407e-02,-2.786068916320800781e-01,-7.434325695037841797e+00,2.735701394081115723e+01
-4.874819889664649963e-02,-2.785948812961578369e-01,-7.436024665832519531e+00,2.736222195625305176e+01
-4.860142618417739868e-02,-2.785694599151611328e-01,-7.437727451324462891e+00,2.736711406707763672e+01
-4.859796911478042603e-02,-2.786763310432434082e-01,-7.439291000366210938e+00,2.737196898460388184e+01
-4.932934045791625977e-02,-2.799096107482910156e-01,-7.440840244293212891e+00,2.737696099281311035e+01
-4.942341148853302002e-02,-2.800730168819427490e-01,-7.442379951477050781e+00,2.738204312324523926e+01
-4.953318834304809570e-02,-2.802282869815826416e-01,-7.443910121917724609e+00,2.738727807998657227e+01
-5.008759722113609314e-02,-2.801170349121093750e-01,-7.445444583892822266e+00,2.739212608337402344e+01
-5.054132267832756042e-02,-2.801594436168670654e-01,-7.446967124938964844e+00,2.739714908599853516e+01
-5.106528475880622864e-02,-2.801519632339477539e-01,-7.448447704315185547e+00,2.740207695960998535e+01
-5.121051520109176636e-02,-2.802416980266571045e-01,-7.449773788452148438e+00,2.740712308883666992e+01
-4.895781725645065308e-02,-2.801930606365203857e-01,-7.451589107513427734e+00,2.741207408905029297e+01
-4.877296835184097290e-02,-2.802923619747161865e-01,-7.452860355377197266e+00,2.741715097427368164e+01
-4.844656586647033691e-02,-2.803092300891876221e-01,-7.454427242279052734e+00,2.742206096649169922e+01
-4.811492562294006348e-02,-2.803669869899749756e-01,-7.455780506134033203e+00,2.742731595039367676e+01
-4.771621525287628174e-02,-2.804299294948577881e-01,-7.457112312316894531e+00,2.743217015266418457e+01
-4.749845340847969055e-02,-2.805287837982177734e-01,-7.458724498748779297e+00,2.743714904785156250e+01
-5.002456530928611755e-02,-2.797925174236297607e-01,-7.460557937622070312e+00,2.744208502769470215e+01
-5.000925436615943909e-02,-2.797830998897552490e-01,-7.462399959564208984e+00,2.744726300239562988e+01
-5.023590102791786194e-02,-2.797625064849853516e-01,-7.464308738708496094e+00,2.745219993591308594e+01
-5.040370672941207886e-02,-2.797369658946990967e-01,-7.466315269470214844e+00,2.745720195770263672e+01
-5.062649399042129517e-02,-2.797012627124786377e-01,-7.468405246734619141e+00,2.746231913566589355e+01
-5.071717873215675354e-02,-2.796998620033264160e-01,-7.470251560211181641e+00,2.746749401092529297e+01
-5.089097842574119568e-02,-2.796828150749206543e-01,-7.472232818603515625e+00,2.747217202186584473e+01
-4.986521601676940918e-02,-2.794046401977539062e-01,-7.470963954925537109e+00,2.747724509239196777e+01
-4.995650798082351685e-02,-2.794519662857055664e-01,-7.472663879394531250e+00,2.748217201232910156e+01
-4.995220154523849487e-02,-2.793807089328765869e-01,-7.473864078521728516e+00,2.748726511001586914e+01
-4.998137056827545166e-02,-2.793852984905242920e-01,-7.475257396697998047e+00,2.749203610420227051e+01
-5.000146478414535522e-02,-2.793830335140228271e-01,-7.476567268371582031e+00,2.749732398986816406e+01
-4.991848021745681763e-02,-2.794385552406311035e-01,-7.477807044982910156e+00,2.750220799446105957e+01
-5.040454864501953125e-02,-2.807058095932006836e-01,-7.480557441711425781e+00,2.750722599029541016e+01
-5.028334259986877441e-02,-2.807523012161254883e-01,-7.481737136840820312e+00,2.751217293739318848e+01
-5.022502690553665161e-02,-2.809411585330963135e-01,-7.483188629150390625e+00,2.751728701591491699e+01
-5.009366571903228760e-02,-2.810510396957397461e-01,-7.484424114227294922e+00,2.752216196060180664e+01
-4.994753375649452209e-02,-2.811768352985382080e-01,-7.485636234283447266e+00,2.752740907669067383e+01
-5.011182650923728943e-02,-2.812663018703460693e-01,-7.487033367156982422e+00,2.753232598304748535e+01
-5.021966621279716492e-02,-2.813383638858795166e-01,-7.488392829895019531e+00,2.753736114501953125e+01
-5.112498626112937927e-02,-2.799617052078247070e-01,-7.489558696746826172e+00,2.754233193397521973e+01
-5.087923631072044373e-02,-2.799896895885467529e-01,-7.491152286529541016e+00,2.754737806320190430e+01
-5.090767145156860352e-02,-2.800297141075134277e-01,-7.492756843566894531e+00,2.755232715606689453e+01
-5.084693431854248047e-02,-2.800083160400390625e-01,-7.494390964508056641e+00,2.755733013153076172e+01
-5.072885006666183472e-02,-2.799573838710784912e-01,-7.496069431304931641e+00,2.756256914138793945e+01
-5.074737221002578735e-02,-2.799275815486907959e-01,-7.497725963592529297e+00,2.756736612319946289e+01
-5.067107081413269043e-02,-2.799701690673828125e-01,-7.499418735504150391e+00,2.757232499122619629e+01
-4.973441362380981445e-02,-2.790461480617523193e-01,-7.500216007232666016e+00,2.757732415199279785e+01
-4.977912455797195435e-02,-2.791460156440734863e-01,-7.501492023468017578e+00,2.758232307434082031e+01
-4.972494021058082581e-02,-2.790427207946777344e-01,-7.502991676330566406e+00,2.758747506141662598e+01
-4.968038946390151978e-02,-2.789423763751983643e-01,-7.504456520080566406e+00,2.759232997894287109e+01
-4.967938736081123352e-02,-2.787359654903411865e-01,-7.505800724029541016e+00,2.759748196601867676e+01
-4.969359561800956726e-02,-2.785871624946594238e-01,-7.507127285003662109e+00,2.760244393348693848e+01
-5.021463334560394287e-02,-2.803068757057189941e-01,-7.509052753448486328e+00,2.760773396492004395e+01
-5.030131340026855469e-02,-2.805130779743194580e-01,-7.510525226593017578e+00,2.761251997947692871e+01
-5.041265115141868591e-02,-2.806352376937866211e-01,-7.511824131011962891e+00,2.761750006675720215e+01
-5.055249482393264771e-02,-2.807586789131164551e-01,-7.513101577758789062e+00,2.762245607376098633e+01
-5.055452510714530945e-02,-2.808083295822143555e-01,-7.514429569244384766e+00,2.762755513191223145e+01
-5.059159547090530396e-02,-2.808836400508880615e-01,-7.515736103057861328e+00,2.763258600234985352e+01
-5.060416460037231445e-02,-2.809503078460693359e-01,-7.517058372497558594e+00,2.763747406005859375e+01
-5.104626342654228210e-02,-2.811225354671478271e-01,-7.520163059234619141e+00,2.764265394210815430e+01
-5.114461854100227356e-02,-2.812464237213134766e-01,-7.521729469299316406e+00,2.764761805534362793e+01
-5.122415721416473389e-02,-2.814284265041351318e-01,-7.523264884948730469e+00,2.765265393257141113e+01
-5.131950229406356812e-02,-2.816275954246520996e-01,-7.524799346923828125e+00,2.765764403343200684e+01
-5.133968219161033630e-02,-2.815984487533569336e-01,-7.526351928710937500e+00,2.766276907920837402e+01
-5.139245837926864624e-02,-2.816975712776184082e-01,-7.527897357940673828e+00,2.766763710975646973e+01
-5.143555626273155212e-02,-2.818014621734619141e-01,-7.529455184936523438e+00,2.767259907722473145e+01
-5.079568549990653992e-02,-2.799971997737884521e-01,-7.529306888580322266e+00,2.767762708663940430e+01
-5.086809769272804260e-02,-2.799443304538726807e-01,-7.530746936798095703e+00,2.768259811401367188e+01
-5.095986276865005493e-02,-2.798887193202972412e-01,-7.532167911529541016e+00,2.768762493133544922e+01
-5.087695643305778503e-02,-2.798220813274383545e-01,-7.533658504486083984e+00,2.769261598587036133e+01
-5.085134506225585938e-02,-2.797709405422210693e-01,-7.535160541534423828e+00,2.769760608673095703e+01
-5.079881474375724792e-02,-2.797228693962097168e-01,-7.536695003509521484e+00,2.770260214805603027e+01
-5.114763602614402771e-02,-2.809218168258666992e-01,-7.539296150207519531e+00,2.770770692825317383e+01
-5.099644884467124939e-02,-2.809543609619140625e-01,-7.541008949279785156e+00,2.771258592605590820e+01
-5.083455890417098999e-02,-2.810251414775848389e-01,-7.542768478393554688e+00,2.771767902374267578e+01
-5.047285929322242737e-02,-2.812613546848297119e-01,-7.543252468109130859e+00,2.772273397445678711e+01
-5.017744004726409912e-02,-2.813915312290191650e-01,-7.544578552246093750e+00,2.772785305976867676e+01
-4.982943832874298096e-02,-2.815467715263366699e-01,-7.545831203460693359e+00,2.773284101486206055e+01
-4.943577200174331665e-02,-2.817027270793914795e-01,-7.547012805938720703e+00,2.773770999908447266e+01
-5.153307691216468811e-02,-2.816797494888305664e-01,-7.548872470855712891e+00,2.774272203445434570e+01
-5.149846524000167847e-02,-2.817477881908416748e-01,-7.550020217895507812e+00,2.774770998954772949e+01
-5.147524550557136536e-02,-2.817927300930023193e-01,-7.551109790802001953e+00,2.775266098976135254e+01
-5.151299759745597839e-02,-2.819970250129699707e-01,-7.552709102630615234e+00,2.775767707824707031e+01
-5.152978375554084778e-02,-2.821628153324127197e-01,-7.554042339324951172e+00,2.776278114318847656e+01
-5.155538767576217651e-02,-2.823500335216522217e-01,-7.555412292480468750e+00,2.776766109466552734e+01
-5.150384828448295593e-02,-2.824890613555908203e-01,-7.556866168975830078e+00,2.777278900146484375e+01
-5.075005814433097839e-02,-2.808309495449066162e-01,-7.558961868286132812e+00,2.777786111831665039e+01
-5.064706876873970032e-02,-2.808120846748352051e-01,-7.560584068298339844e+00,2.778277993202209473e+01
-5.070159956812858582e-02,-2.807972729206085205e-01,-7.562337398529052734e+00,2.778785395622253418e+01
-5.067718029022216797e-02,-2.807788550853729248e-01,-7.564060688018798828e+00,2.779285001754760742e+01
-5.065742507576942444e-02,-2.807045578956604004e-01,-7.565818309783935547e+00,2.779786205291748047e+01
-5.067975819110870361e-02,-2.805345058441162109e-01,-7.567416191101074219e+00,2.780283999443054199e+01
-5.036487430334091187e-02,-2.802081108093261719e-01,-7.567067146301269531e+00,2.780804800987243652e+01
-5.045068264007568359e-02,-2.802379727363586426e-01,-7.568494319915771484e+00,2.781290793418884277e+01
-5.068210884928703308e-02,-2.802874147891998291e-01,-7.569923400878906250e+00,2.781865000724792480e+01
-5.082176253199577332e-02,-2.801821529865264893e-01,-7.571300029754638672e+00,2.782286596298217773e+01
-5.104736238718032837e-02,-2.801013886928558350e-01,-7.572703361511230469e+00,2.782814812660217285e+01
-5.136014521121978760e-02,-2.800738513469696045e-01,-7.574131488800048828e+00,2.783295202255249023e+01
-5.121358111500740051e-02,-2.800395786762237549e-01,-7.575412750244140625e+00,2.783782696723937988e+01
-4.962269589304924011e-02,-2.813540399074554443e-01,-7.578860282897949219e+00,2.784283399581909180e+01
-4.930232092738151550e-02,-2.815023958683013916e-01,-7.580228805541992188e+00,2.784786415100097656e+01
-4.931228607892990112e-02,-2.814994454383850098e-01,-7.581717014312744141e+00,2.785283493995666504e+01
-4.913716018199920654e-02,-2.815854847431182861e-01,-7.583112239837646484e+00,2.785805797576904297e+01
-4.897749423980712891e-02,-2.816706895828247070e-01,-7.584487438201904297e+00,2.786315393447875977e+01
-4.872864857316017151e-02,-2.818813025951385498e-01,-7.585946083068847656e+00,2.786799597740173340e+01
-4.851298779249191284e-02,-2.820857763290405273e-01,-7.587388992309570312e+00,2.787296509742736816e+01
-5.178005620837211609e-02,-2.810176908969879150e-01,-7.589715957641601562e+00,2.787799406051635742e+01
-5.172446370124816895e-02,-2.808465659618377686e-01,-7.591102600097656250e+00,2.788303112983703613e+01
-5.166793987154960632e-02,-2.807680964469909668e-01,-7.592613220214843750e+00,2.788796496391296387e+01
-5.157954245805740356e-02,-2.806713581085205078e-01,-7.594088554382324219e+00,2.789306998252868652e+01
-5.141351744532585144e-02,-2.809290885925292969e-01,-7.595592498779296875e+00,2.789796304702758789e+01
-5.124628171324729919e-02,-2.810296416282653809e-01,-7.597094058990478516e+00,2.790303015708923340e+01
-5.182048305869102478e-02,-2.814632654190063477e-01,-7.598057746887207031e+00,2.790795612335205078e+01
-5.163836851716041565e-02,-2.817358672618865967e-01,-7.599528312683105469e+00,2.791295814514160156e+01
-5.153953656554222107e-02,-2.814739942550659180e-01,-7.601020336151123047e+00,2.791824603080749512e+01
-5.133255943655967712e-02,-2.814571559429168701e-01,-7.602479457855224609e+00,2.792303109169006348e+01
-5.113483220338821411e-02,-2.813903391361236572e-01,-7.603971004486083984e+00,2.792824411392211914e+01
-5.089835077524185181e-02,-2.815708816051483154e-01,-7.605362892150878906e+00,2.793308806419372559e+01
-5.065295472741127014e-02,-2.816332876682281494e-01,-7.606797695159912109e+00,2.793810415267944336e+01
-5.109810456633567810e-02,-2.814038395881652832e-01,-7.608723640441894531e+00,2.794313311576843262e+01
-5.132399126887321472e-02,-2.813453972339630127e-01,-7.610204696655273438e+00,2.794818592071533203e+01
-5.134871974587440491e-02,-2.813375294208526611e-01,-7.611674785614013672e+00,2.795296311378479004e+01
-5.144364014267921448e-02,-2.813163101673126221e-01,-7.613154888153076172e+00,2.795812106132507324e+01
-5.136994272470474243e-02,-2.814240753650665283e-01,-7.614642143249511719e+00,2.796315908432006836e+01
-5.139277130365371704e-02,-2.815015316009521484e-01,-7.616133213043212891e+00,2.796813392639160156e+01
-5.141115933656692505e-02,-2.816140651702880859e-01,-7.617633342742919922e+00,2.797309899330139160e+01
-5.167860165238380432e-02,-2.818258404731750488e-01,-7.619552612304687500e+00,2.797823405265808105e+01
-5.145593732595443726e-02,-2.818472087383270264e-01,-7.621014595031738281e+00,2.798311614990234375e+01
-5.115501582622528076e-02,-2.818480730056762695e-01,-7.622459411621093750e+00,2.798836994171142578e+01
-5.078495293855667114e-02,-2.818382382392883301e-01,-7.623863697052001953e+00,2.799334812164306641e+01
-5.138141661882400513e-02,-2.819672822952270508e-01,-7.625638008117675781e+00,2.799828505516052246e+01
-5.156084895133972168e-02,-2.819908559322357178e-01,-7.627284526824951172e+00,2.800327110290527344e+01
-5.309979617595672607e-02,-2.821271419525146484e-01,-7.629341602325439453e+00,2.800827693939208984e+01
-5.232735350728034973e-02,-2.820933759212493896e-01,-7.630239963531494141e+00,2.801324200630187988e+01
-5.230888724327087402e-02,-2.821381092071533203e-01,-7.631567478179931641e+00,2.801827406883239746e+01
-5.218149721622467041e-02,-2.821289002895355225e-01,-7.632780551910400391e+00,2.802326202392578125e+01
-5.247840657830238342e-02,-2.821884155273437500e-01,-7.633872032165527344e+00,2.802848792076110840e+01
-5.259136855602264404e-02,-2.822014689445495605e-01,-7.634889602661132812e+00,2.803335905075073242e+01
-5.277175828814506531e-02,-2.822606861591339111e-01,-7.635818004608154297e+00,2.803825497627258301e+01
-5.261483788490295410e-02,-2.836003005504608154e-01,-7.638928413391113281e+00,2.804320502281188965e+01
-5.256840959191322327e-02,-2.837989330291748047e-01,-7.640121459960937500e+00,2.804826498031616211e+01
-5.246578902006149292e-02,-2.840448319911956787e-01,-7.641310214996337891e+00,2.805321097373962402e+01
-5.247194319963455200e-02,-2.841465175151824951e-01,-7.642600536346435547e+00,2.805829405784606934e+01
-5.239470675587654114e-02,-2.842415869235992432e-01,-7.643881320953369141e+00,2.806333303451538086e+01
-5.229666084051132202e-02,-2.843164205551147461e-01,-7.645178794860839844e+00,2.806831598281860352e+01
-5.236532911658287048e-02,-2.843621671199798584e-01,-7.646571159362792969e+00,2.807328510284423828e+01
-5.193953216075897217e-02,-2.820079624652862549e-01,-7.647398471832275391e+00,2.807829308509826660e+01
-5.196590349078178406e-02,-2.818699777126312256e-01,-7.648783683776855469e+00,2.808318996429443359e+01
-5.204226821660995483e-02,-2.817257940769195557e-01,-7.650239944458007812e+00,2.808829498291015625e+01
-5.201851949095726013e-02,-2.815316021442413330e-01,-7.651711463928222656e+00,2.809326696395874023e+01
-5.212917923927307129e-02,-2.813591063022613525e-01,-7.653285503387451172e+00,2.809842610359191895e+01
-5.222716554999351501e-02,-2.811595499515533447e-01,-7.654872894287109375e+00,2.810317707061767578e+01
-5.104997009038925171e-02,-2.821100354194641113e-01,-7.656225204467773438e+00,2.810830593109130859e+01
-5.063839629292488098e-02,-2.819904983043670654e-01,-7.657686233520507812e+00,2.811330509185791016e+01
-5.013563856482505798e-02,-2.818527817726135254e-01,-7.659149169921875000e+00,2.811850905418395996e+01
-5.014457926154136658e-02,-2.818771004676818848e-01,-7.660558700561523438e+00,2.812333106994628906e+01
-4.983700811862945557e-02,-2.818128168582916260e-01,-7.661969661712646484e+00,2.812855911254882812e+01
-4.954458773136138916e-02,-2.817276716232299805e-01,-7.663370132446289062e+00,2.813330101966857910e+01
-4.958641529083251953e-02,-2.816688418388366699e-01,-7.664761066436767578e+00,2.813855314254760742e+01
-5.150485411286354065e-02,-2.837888896465301514e-01,-7.666760444641113281e+00,2.814338707923889160e+01
-5.186233296990394592e-02,-2.840296328067779541e-01,-7.668115615844726562e+00,2.814850115776062012e+01
-5.169053375720977783e-02,-2.840949892997741699e-01,-7.669429779052734375e+00,2.815338397026062012e+01
-5.181932449340820312e-02,-2.842869460582733154e-01,-7.670700073242187500e+00,2.815852594375610352e+01
-5.192940682172775269e-02,-2.844962775707244873e-01,-7.671943187713623047e+00,2.816353893280029297e+01
-5.202513560652732849e-02,-2.846687436103820801e-01,-7.673182010650634766e+00,2.816856098175048828e+01
-5.067168176174163818e-02,-2.823843657970428467e-01,-7.674408435821533203e+00,2.817325997352600098e+01
-5.053397640585899353e-02,-2.822333276271820068e-01,-7.675869941711425781e+00,2.817849993705749512e+01
-5.037633702158927917e-02,-2.820791602134704590e-01,-7.677372932434082031e+00,2.818332409858703613e+01
-5.026416853070259094e-02,-2.821460366249084473e-01,-7.678914546966552734e+00,2.818854713439941406e+01
-5.012663826346397400e-02,-2.820965647697448730e-01,-7.680511951446533203e+00,2.819350600242614746e+01
-4.995857551693916321e-02,-2.820454537868499756e-01,-7.682136535644531250e+00,2.819858002662658691e+01
-5.001592263579368591e-02,-2.819182574748992920e-01,-7.683769226074218750e+00,2.820338511466979980e+01
-5.195244401693344116e-02,-2.829973995685577393e-01,-7.684855461120605469e+00,2.820853805541992188e+01
-5.222992226481437683e-02,-2.831031382083892822e-01,-7.686413288116455078e+00,2.821337604522705078e+01
-5.221302062273025513e-02,-2.831827700138092041e-01,-7.687958240509033203e+00,2.821853399276733398e+01
-5.238775908946990967e-02,-2.833161056041717529e-01,-7.689542293548583984e+00,2.822351908683776855e+01
-5.256505310535430908e-02,-2.835077345371246338e-01,-7.691134929656982422e+00,2.822887206077575684e+01
-5.236653611063957214e-02,-2.837378084659576416e-01,-7.692544937133789062e+00,2.823351001739501953e+01
-5.220773071050643921e-02,-2.839586734771728516e-01,-7.693984985351562500e+00,2.823858308792114258e+01
-5.039868131279945374e-02,-2.834125459194183350e-01,-7.695966720581054688e+00,2.824338698387145996e+01
-5.075606703758239746e-02,-2.832991480827331543e-01,-7.697412967681884766e+00,2.824868392944335938e+01
-5.067697912454605103e-02,-2.831844389438629150e-01,-7.698868274688720703e+00,2.825366401672363281e+01
-5.068987235426902771e-02,-2.831199467182159424e-01,-7.700259208679199219e+00,2.825847196578979492e+01
-5.077274888753890991e-02,-2.830357849597930908e-01,-7.701579093933105469e+00,2.826365804672241211e+01
-5.050836503505706787e-02,-2.830435335636138916e-01,-7.703048706054687500e+00,2.826864814758300781e+01
-5.072653666138648987e-02,-2.837651968002319336e-01,-7.703895568847656250e+00,2.827366304397583008e+01
-5.055319517850875854e-02,-2.838992476463317871e-01,-7.705157279968261719e+00,2.827866601943969727e+01
-5.027145147323608398e-02,-2.838849425315856934e-01,-7.706243991851806641e+00,2.828351807594299316e+01
-5.000555142760276794e-02,-2.839312553405761719e-01,-7.707351684570312500e+00,2.828869795799255371e+01
-4.968098178505897522e-02,-2.839856743812561035e-01,-7.708357810974121094e+00,2.829380607604980469e+01
-4.927650466561317444e-02,-2.841701805591583252e-01,-7.709611892700195312e+00,2.829895496368408203e+01
-4.887585341930389404e-02,-2.843432426452636719e-01,-7.710786342620849609e+00,2.830370807647705078e+01
-4.923224449157714844e-02,-2.831174135208129883e-01,-7.713890552520751953e+00,2.830868315696716309e+01
-4.962871223688125610e-02,-2.831158638000488281e-01,-7.715697765350341797e+00,2.831350493431091309e+01
-4.968751221895217896e-02,-2.830619215965270996e-01,-7.717441082000732422e+00,2.831883811950683594e+01
-4.986095428466796875e-02,-2.830176055431365967e-01,-7.719244956970214844e+00,2.832352399826049805e+01
-4.972161725163459778e-02,-2.827730476856231689e-01,-7.720541954040527344e+00,2.832892894744873047e+01
-4.977921769022941589e-02,-2.826377153396606445e-01,-7.722036361694335938e+00,2.833380413055419922e+01
-4.982398450374603271e-02,-2.824755311012268066e-01,-7.723404884338378906e+00,2.833883810043334961e+01
-4.906004667282104492e-02,-2.822446227073669434e-01,-7.722300052642822266e+00,2.834380197525024414e+01
-4.874759539961814880e-02,-2.825320959091186523e-01,-7.723320484161376953e+00,2.834881401062011719e+01
-4.853251203894615173e-02,-2.825460135936737061e-01,-7.724304676055908203e+00,2.835384202003479004e+01
-4.830221831798553467e-02,-2.825923562049865723e-01,-7.725228786468505859e+00,2.835885715484619141e+01
-4.825805872678756714e-02,-2.828444540500640869e-01,-7.726488113403320312e+00,2.836393904685974121e+01
-4.816032201051712036e-02,-2.829911410808563232e-01,-7.727631568908691406e+00,2.836882710456848145e+01
-5.125940591096878052e-02,-2.846301794052124023e-01,-7.732308864593505859e+00,2.837364411354064941e+01
-5.100372433662414551e-02,-2.843967974185943604e-01,-7.733751296997070312e+00,2.837883806228637695e+01
-5.092027038335800171e-02,-2.843350768089294434e-01,-7.735348701477050781e+00,2.838394093513488770e+01
-5.080193653702735901e-02,-2.842600345611572266e-01,-7.737006664276123047e+00,2.838884902000427246e+01
-5.104043334722518921e-02,-2.846199870109558105e-01,-7.738558769226074219e+00,2.839402604103088379e+01
-5.117847770452499390e-02,-2.847749888896942139e-01,-7.740193843841552734e+00,2.839902806282043457e+01
-5.138397216796875000e-02,-2.850081920623779297e-01,-7.741846561431884766e+00,2.840380406379699707e+01
-5.214085057377815247e-02,-2.839716970920562744e-01,-7.741672039031982422e+00,2.840900897979736328e+01
-5.239086970686912537e-02,-2.839812636375427246e-01,-7.742997169494628906e+00,2.841390705108642578e+01
-5.265349149703979492e-02,-2.839669287204742432e-01,-7.744218826293945312e+00,2.841902804374694824e+01
-5.260374397039413452e-02,-2.840380370616912842e-01,-7.745723724365234375e+00,2.842392396926879883e+01
-5.262804031372070312e-02,-2.841253876686096191e-01,-7.747050762176513672e+00,2.842917895317077637e+01
-5.258485674858093262e-02,-2.842436432838439941e-01,-7.748391628265380859e+00,2.843378305435180664e+01
-5.246218293905258179e-02,-2.843876481056213379e-01,-7.749752044677734375e+00,2.843902897834777832e+01
-5.183500424027442932e-02,-2.847487032413482666e-01,-7.751898765563964844e+00,2.844394302368164062e+01
-5.149577558040618896e-02,-2.848847806453704834e-01,-7.753290176391601562e+00,2.844902110099792480e+01
-5.108681693673133850e-02,-2.850486338138580322e-01,-7.754694938659667969e+00,2.845395207405090332e+01
-5.218840762972831726e-02,-2.848348617553710938e-01,-7.755840301513671875e+00,2.845916795730590820e+01
-5.224856361746788025e-02,-2.848977148532867432e-01,-7.757048130035400391e+00,2.846425604820251465e+01
-5.235353112220764160e-02,-2.849672138690948486e-01,-7.758084774017333984e+00,2.846914410591125488e+01
-5.231184139847755432e-02,-2.840122878551483154e-01,-7.760447978973388672e+00,2.847411513328552246e+01
-5.212334170937538147e-02,-2.840155661106109619e-01,-7.762065410614013672e+00,2.847916507720947266e+01
-5.186442658305168152e-02,-2.840003967285156250e-01,-7.763722896575927734e+00,2.848411393165588379e+01
-5.185918882489204407e-02,-2.839449048042297363e-01,-7.765491485595703125e+00,2.848917794227600098e+01
-5.168356001377105713e-02,-2.838998436927795410e-01,-7.767276763916015625e+00,2.849436807632446289e+01
-5.150656029582023621e-02,-2.838435173034667969e-01,-7.769122600555419922e+00,2.849918508529663086e+01
-5.142998695373535156e-02,-2.838847637176513672e-01,-7.771011829376220703e+00,2.850410795211791992e+01
-5.322756990790367126e-02,-2.848062217235565186e-01,-7.772503376007080078e+00,2.850914096832275391e+01
-5.328635126352310181e-02,-2.848424315452575684e-01,-7.774497509002685547e+00,2.851411294937133789e+01
-5.347479134798049927e-02,-2.849858403205871582e-01,-7.776661872863769531e+00,2.851926612854003906e+01
-5.353182926774024963e-02,-2.851012647151947021e-01,-7.778160572052001953e+00,2.852423596382141113e+01
-5.360955744981765747e-02,-2.852311730384826660e-01,-7.780003070831298828e+00,2.852934694290161133e+01
-5.364629253745079041e-02,-2.854109406471252441e-01,-7.781809806823730469e+00,2.853423404693603516e+01
-5.375995486974716187e-02,-2.857041656970977783e-01,-7.783424854278564453e+00,2.853926110267639160e+01
-5.379609391093254089e-02,-2.842791080474853516e-01,-7.782760143280029297e+00,2.854413914680480957e+01
-5.398862808942794800e-02,-2.840025424957275391e-01,-7.784139633178710938e+00,2.854922699928283691e+01
-5.442546308040618896e-02,-2.840762138366699219e-01,-7.785747051239013672e+00,2.855416512489318848e+01
-5.480428785085678101e-02,-2.838861048221588135e-01,-7.787181377410888672e+00,2.855922508239746094e+01
-5.523576959967613220e-02,-2.836622595787048340e-01,-7.788585186004638672e+00,2.856414294242858887e+01
-5.526135489344596863e-02,-2.833992540836334229e-01,-7.789847850799560547e+00,2.856917405128479004e+01
-5.456231534481048584e-02,-2.861205041408538818e-01,-7.791509628295898438e+00,2.857401514053344727e+01
-5.442679673433303833e-02,-2.863954901695251465e-01,-7.792727947235107422e+00,2.857924795150756836e+01
-5.454184487462043762e-02,-2.865720987319946289e-01,-7.794299602508544922e+00,2.858429908752441406e+01
-5.448061972856521606e-02,-2.868694365024566650e-01,-7.795682907104492188e+00,2.858926892280578613e+01
-5.440469831228256226e-02,-2.872012555599212646e-01,-7.797101020812988281e+00,2.859438395500183105e+01
-5.468723922967910767e-02,-2.875685691833496094e-01,-7.798674106597900391e+00,2.859954404830932617e+01
-5.490472540259361267e-02,-2.879634201526641846e-01,-7.800245285034179688e+00,2.860421395301818848e+01
-5.498406291007995605e-02,-2.841879129409790039e-01,-7.800210475921630859e+00,2.860927700996398926e+01
-5.540382117033004761e-02,-2.842933535575866699e-01,-7.801785945892333984e+00,2.861426806449890137e+01
-5.514125898480415344e-02,-2.840871512889862061e-01,-7.802996158599853516e+00,2.861944007873535156e+01
-5.532951280474662781e-02,-2.840257287025451660e-01,-7.804495334625244141e+00,2.862423801422119141e+01
-5.550250783562660217e-02,-2.839485704898834229e-01,-7.806001663208007812e+00,2.862954902648925781e+01
-5.560899525880813599e-02,-2.841677367687225342e-01,-7.807484149932861328e+00,2.863433504104614258e+01
-5.569151788949966431e-02,-2.842492163181304932e-01,-7.808950424194335938e+00,2.863936209678649902e+01
-5.611670389771461487e-02,-2.844594717025756836e-01,-7.811382293701171875e+00,2.864414405822753906e+01
-5.617633461952209473e-02,-2.843621373176574707e-01,-7.812980651855468750e+00,2.864938092231750488e+01
-5.618660524487495422e-02,-2.842693626880645752e-01,-7.814550399780273438e+00,2.865444993972778320e+01
-5.617598444223403931e-02,-2.841582000255584717e-01,-7.816113471984863281e+00,2.865951299667358398e+01
-5.616009607911109924e-02,-2.841686308383941650e-01,-7.817652702331542969e+00,2.866448497772216797e+01
-5.612274259328842163e-02,-2.841697037220001221e-01,-7.819217681884765625e+00,2.866948008537292480e+01
-5.634316429495811462e-02,-2.858335971832275391e-01,-7.820460796356201172e+00,2.867447209358215332e+01
-5.615511164069175720e-02,-2.856637835502624512e-01,-7.821917533874511719e+00,2.867948603630065918e+01
-5.596540495753288269e-02,-2.857657968997955322e-01,-7.823367118835449219e+00,2.868448209762573242e+01
-5.576504021883010864e-02,-2.857695519924163818e-01,-7.824847221374511719e+00,2.868945002555847168e+01
-5.555181950330734253e-02,-2.856440246105194092e-01,-7.826392173767089844e+00,2.869473004341125488e+01
-5.571804195642471313e-02,-2.860554456710815430e-01,-7.827967643737792969e+00,2.869951105117797852e+01
-5.570707470178604126e-02,-2.861707210540771484e-01,-7.829506874084472656e+00,2.870440697669982910e+01
-5.610836297273635864e-02,-2.851355075836181641e-01,-7.831407546997070312e+00,2.870949506759643555e+01
-5.613122135400772095e-02,-2.847789525985717773e-01,-7.832557678222656250e+00,2.871435308456420898e+01
-5.625101923942565918e-02,-2.846132814884185791e-01,-7.833958625793457031e+00,2.871966195106506348e+01
-5.637750029563903809e-02,-2.844220399856567383e-01,-7.835273742675781250e+00,2.872447299957275391e+01
-5.644517391920089722e-02,-2.845040261745452881e-01,-7.836569309234619141e+00,2.872979307174682617e+01
-5.656591057777404785e-02,-2.844237089157104492e-01,-7.837821483612060547e+00,2.873460292816162109e+01
-5.669338628649711609e-02,-2.843813896179199219e-01,-7.839043140411376953e+00,2.873965001106262207e+01
-5.693093687295913696e-02,-2.851399779319763184e-01,-7.841091156005859375e+00,2.874453210830688477e+01
-5.719015747308731079e-02,-2.851560711860656738e-01,-7.842616558074951172e+00,2.874964499473571777e+01
-5.749751999974250793e-02,-2.852053642272949219e-01,-7.844170570373535156e+00,2.875454902648925781e+01
-5.744939669966697693e-02,-2.851016819477081299e-01,-7.845683574676513672e+00,2.875982403755187988e+01
-5.750698223710060120e-02,-2.850157916545867920e-01,-7.847273349761962891e+00,2.876467514038085938e+01
-5.749781057238578796e-02,-2.849122881889343262e-01,-7.848891735076904297e+00,2.876965403556823730e+01
-5.854106694459915161e-02,-2.860909104347229004e-01,-7.849921226501464844e+00,2.877479696273803711e+01
-5.867845192551612854e-02,-2.863064408302307129e-01,-7.851469039916992188e+00,2.877965092658996582e+01
-5.879056453704833984e-02,-2.865360677242279053e-01,-7.853037834167480469e+00,2.878454399108886719e+01
-5.888264626264572144e-02,-2.868053317070007324e-01,-7.854632377624511719e+00,2.878965210914611816e+01
-5.904684215784072876e-02,-2.868171930313110352e-01,-7.856035709381103516e+00,2.879478311538696289e+01
-5.915363878011703491e-02,-2.869539856910705566e-01,-7.857528209686279297e+00,2.879978799819946289e+01
-5.925413593649864197e-02,-2.870698571205139160e-01,-7.858994483947753906e+00,2.880473613739013672e+01
-5.782569572329521179e-02,-2.852595746517181396e-01,-7.861181735992431641e+00,2.880977201461791992e+01
-5.778402835130691528e-02,-2.851303815841674805e-01,-7.862625122070312500e+00,2.881474113464355469e+01
-5.772930011153221130e-02,-2.849734723567962646e-01,-7.864044666290283203e+00,2.881978392601013184e+01
-5.836943164467811584e-02,-2.850877344608306885e-01,-7.866018772125244141e+00,2.882472801208496094e+01
-5.858332291245460510e-02,-2.849864661693572998e-01,-7.867633819580078125e+00,2.882994604110717773e+01
-5.883894860744476318e-02,-2.848999202251434326e-01,-7.869244575500488281e+00,2.883466911315917969e+01
-5.899134650826454163e-02,-2.848119437694549561e-01,-7.870615005493164062e+00,2.883979010581970215e+01
-5.867308750748634338e-02,-2.856351733207702637e-01,-7.872303009033203125e+00,2.884466814994812012e+01
-5.882442370057106018e-02,-2.856253683567047119e-01,-7.873708248138427734e+00,2.884978604316711426e+01
-5.896070599555969238e-02,-2.858394980430603027e-01,-7.875055789947509766e+00,2.885465812683105469e+01
-5.909803509712219238e-02,-2.860079109668731689e-01,-7.876327991485595703e+00,2.886004805564880371e+01
-5.924202874302864075e-02,-2.862209379673004150e-01,-7.877561569213867188e+00,2.886479997634887695e+01
-5.939663201570510864e-02,-2.864275872707366943e-01,-7.878777027130126953e+00,2.886991715431213379e+01
-5.937228351831436157e-02,-2.854762673377990723e-01,-7.881226539611816406e+00,2.887480592727661133e+01
-5.958229303359985352e-02,-2.853041887283325195e-01,-7.882656574249267578e+00,2.887992596626281738e+01
-5.982128158211708069e-02,-2.851105034351348877e-01,-7.884098052978515625e+00,2.888480114936828613e+01
-5.974106118083000183e-02,-2.850611209869384766e-01,-7.885660648345947266e+00,2.888994812965393066e+01
-5.983349680900573730e-02,-2.849278151988983154e-01,-7.887193202972412109e+00,2.889495801925659180e+01
-5.989340692758560181e-02,-2.847842276096343994e-01,-7.888745307922363281e+00,2.890012693405151367e+01
-5.993076413869857788e-02,-2.846399247646331787e-01,-7.890253543853759766e+00,2.890485715866088867e+01
-6.015067175030708313e-02,-2.861497104167938232e-01,-7.891869068145751953e+00,2.890991401672363281e+01
-6.010375544428825378e-02,-2.861762344837188721e-01,-7.893403053283691406e+00,2.891481113433837891e+01
-5.970106646418571472e-02,-2.861776053905487061e-01,-7.894807815551757812e+00,2.892020010948181152e+01
-5.939373746514320374e-02,-2.862268388271331787e-01,-7.896273136138916016e+00,2.892483496665954590e+01
-5.899509042501449585e-02,-2.862803936004638672e-01,-7.897709846496582031e+00,2.893010807037353516e+01
-5.889092013239860535e-02,-2.863791882991790771e-01,-7.899229049682617188e+00,2.893503904342651367e+01
-5.864342302083969116e-02,-2.864776551723480225e-01,-7.900726318359375000e+00,2.894004797935485840e+01
-6.167450174689292908e-02,-2.868038713932037354e-01,-7.903695106506347656e+00,2.894503593444824219e+01
-6.192375347018241882e-02,-2.869178056716918945e-01,-7.905436515808105469e+00,2.895004701614379883e+01
-6.185755506157875061e-02,-2.869032323360443115e-01,-7.906851768493652344e+00,2.895507311820983887e+01
-6.196867674589157104e-02,-2.869689762592315674e-01,-7.908454895019531250e+00,2.896015715599060059e+01
-6.206519156694412231e-02,-2.870105803012847900e-01,-7.910037994384765625e+00,2.896511793136596680e+01
-6.259202957153320312e-02,-2.870633304119110107e-01,-7.911702156066894531e+00,2.897004699707031250e+01
-6.131701171398162842e-02,-2.873054444789886475e-01,-7.912590980529785156e+00,2.897497797012329102e+01
-6.199466064572334290e-02,-2.876161932945251465e-01,-7.914266109466552734e+00,2.898004794120788574e+01
-6.245228648185729980e-02,-2.877332270145416260e-01,-7.915974617004394531e+00,2.898504114151000977e+01
-6.313939392566680908e-02,-2.879366576671600342e-01,-7.917654514312744141e+00,2.899004507064819336e+01
-6.385948508977890015e-02,-2.881205677986145020e-01,-7.919317722320556641e+00,2.899521207809448242e+01
-6.454113870859146118e-02,-2.882581949234008789e-01,-7.921013355255126953e+00,2.900014805793762207e+01
-6.527908891439437866e-02,-2.884067893028259277e-01,-7.922698497772216797e+00,2.900504112243652344e+01
-6.061147898435592651e-02,-2.858121097087860107e-01,-7.920991420745849609e+00,2.901020097732543945e+01
-6.092707440257072449e-02,-2.856405675411224365e-01,-7.922790050506591797e+00,2.901508903503417969e+01
-6.127610430121421814e-02,-2.854735851287841797e-01,-7.924513339996337891e+00,2.902019405364990234e+01
-6.164589151740074158e-02,-2.852725386619567871e-01,-7.926316738128662109e+00,2.902505397796630859e+01
-6.203051656484603882e-02,-2.851830124855041504e-01,-7.928124427795410156e+00,2.903037905693054199e+01
-6.243515387177467346e-02,-2.850784063339233398e-01,-7.930001258850097656e+00,2.903507208824157715e+01
-6.286076456308364868e-02,-2.849935293197631836e-01,-7.931929588317871094e+00,2.904020214080810547e+01
-6.193503737449645996e-02,-2.858867049217224121e-01,-7.932557582855224609e+00,2.904503798484802246e+01
-6.167884171009063721e-02,-2.856906056404113770e-01,-7.933741569519042969e+00,2.905018806457519531e+01
-6.170439347624778748e-02,-2.856643795967102051e-01,-7.935272693634033203e+00,2.905520701408386230e+01
-6.166195496916770935e-02,-2.856160104274749756e-01,-7.936749935150146484e+00,2.906051492691040039e+01
-6.178098917007446289e-02,-2.857782840728759766e-01,-7.938239574432373047e+00,2.906530213356018066e+01
-6.179916858673095703e-02,-2.858407497406005859e-01,-7.939671993255615234e+00,2.907027697563171387e+01
-6.291142851114273071e-02,-2.882575094699859619e-01,-7.943056583404541016e+00,2.907520604133605957e+01
-6.307019293308258057e-02,-2.883205413818359375e-01,-7.944739341735839844e+00,2.908028912544250488e+01
-6.321062892675399780e-02,-2.884392440319061279e-01,-7.946329593658447266e+00,2.908521914482116699e+01
-6.336209177970886230e-02,-2.885762155055999756e-01,-7.947927474975585938e+00,2.909026503562927246e+01
-6.338620185852050781e-02,-2.886700630187988281e-01,-7.949463844299316406e+00,2.909536194801330566e+01
-6.342253088951110840e-02,-2.887444794178009033e-01,-7.950994491577148438e+00,2.910026097297668457e+01
-6.342297792434692383e-02,-2.888039648532867432e-01,-7.952495098114013672e+00,2.910526108741760254e+01
-6.246482953429222107e-02,-2.870195209980010986e-01,-7.952852725982666016e+00,2.911028504371643066e+01
-6.252776086330413818e-02,-2.870036661624908447e-01,-7.954376220703125000e+00,2.911521697044372559e+01
-6.261340528726577759e-02,-2.869791686534881592e-01,-7.955904006958007812e+00,2.912036013603210449e+01
-6.272760778665542603e-02,-2.869544923305511475e-01,-7.957445144653320312e+00,2.912517309188842773e+01
-6.262767314910888672e-02,-2.868783473968505859e-01,-7.959056377410888672e+00,2.913050293922424316e+01
-6.262775510549545288e-02,-2.867906987667083740e-01,-7.960692882537841797e+00,2.913537907600402832e+01
-6.289070844650268555e-02,-2.868406772613525391e-01,-7.961960315704345703e+00,2.914032101631164551e+01
-6.308566033840179443e-02,-2.869295179843902588e-01,-7.963718891143798828e+00,2.914528107643127441e+01
-6.317676603794097900e-02,-2.869411110877990723e-01,-7.965465068817138672e+00,2.915032601356506348e+01
-6.327223777770996094e-02,-2.869510650634765625e-01,-7.967238903045654297e+00,2.915546107292175293e+01
-6.321822851896286011e-02,-2.869000732898712158e-01,-7.968806266784667969e+00,2.916044402122497559e+01
-6.320697814226150513e-02,-2.868881821632385254e-01,-7.970447540283203125e+00,2.916542005538940430e+01
-6.315582990646362305e-02,-2.868782281875610352e-01,-7.972047328948974609e+00,2.917026305198669434e+01
-6.311607360839843750e-02,-2.869369983673095703e-01,-7.973610401153564453e+00,2.917530703544616699e+01
-6.229484453797340393e-02,-2.874324321746826172e-01,-7.974441528320312500e+00,2.918028807640075684e+01
-6.212646141648292542e-02,-2.875016033649444580e-01,-7.975858211517333984e+00,2.918535709381103516e+01
-6.232126429677009583e-02,-2.874929308891296387e-01,-7.977576255798339844e+00,2.919023108482360840e+01
-6.236352026462554932e-02,-2.874834835529327393e-01,-7.979166984558105469e+00,2.919560098648071289e+01
-6.246151402592658997e-02,-2.874721884727478027e-01,-7.980799198150634766e+00,2.920039892196655273e+01
-6.234332546591758728e-02,-2.874711453914642334e-01,-7.982361316680908203e+00,2.920549011230468750e+01
-6.213118508458137512e-02,-2.877852320671081543e-01,-7.982864856719970703e+00,2.921065306663513184e+01
-6.185000389814376831e-02,-2.877966761589050293e-01,-7.984166622161865234e+00,2.921556210517883301e+01
-6.157378107309341431e-02,-2.878422439098358154e-01,-7.985472679138183594e+00,2.922048401832580566e+01
-6.126194074749946594e-02,-2.878865301609039307e-01,-7.986349105834960938e+00,2.922543215751647949e+01
-6.089847162365913391e-02,-2.879275381565093994e-01,-7.987377643585205078e+00,2.923049998283386230e+01
-6.052795797586441040e-02,-2.879896163940429688e-01,-7.988352298736572266e+00,2.923548698425292969e+01
-6.312017142772674561e-02,-2.884331643581390381e-01,-7.993281364440917969e+00,2.924049496650695801e+01
-6.307199597358703613e-02,-2.885585427284240723e-01,-7.994769573211669922e+00,2.924536705017089844e+01
-6.301590055227279663e-02,-2.886825501918792725e-01,-7.996231555938720703e+00,2.925050306320190430e+01
-6.280314922332763672e-02,-2.886950969696044922e-01,-7.998087882995605469e+00,2.925551009178161621e+01
-6.266304850578308105e-02,-2.887791991233825684e-01,-7.999767780303955078e+00,2.926054406166076660e+01
-6.249639764428138733e-02,-2.888531982898712158e-01,-8.001491546630859375e+00,2.926551604270935059e+01
-6.255344301462173462e-02,-2.889375984668731689e-01,-8.003192901611328125e+00,2.927063012123107910e+01
-6.387054175138473511e-02,-2.884298563003540039e-01,-8.003584861755371094e+00,2.927558493614196777e+01
-6.407568603754043579e-02,-2.885926067829132080e-01,-8.005285263061523438e+00,2.928059911727905273e+01
-6.377765536308288574e-02,-2.885994315147399902e-01,-8.006616592407226562e+00,2.928561115264892578e+01
-6.370797753334045410e-02,-2.886675596237182617e-01,-8.008090972900390625e+00,2.929063701629638672e+01
-6.358248740434646606e-02,-2.887081503868103027e-01,-8.009511947631835938e+00,2.929566812515258789e+01
-6.339559704065322876e-02,-2.887454330921173096e-01,-8.010876655578613281e+00,2.930063104629516602e+01
-6.365097314119338989e-02,-2.889894843101501465e-01,-8.012389183044433594e+00,2.930559492111206055e+01
-6.275939941406250000e-02,-2.885670959949493408e-01,-8.013448715209960938e+00,2.931064105033874512e+01
-6.288333982229232788e-02,-2.887142300605773926e-01,-8.014865875244140625e+00,2.931559705734252930e+01
-6.288396567106246948e-02,-2.887327373027801514e-01,-8.016591072082519531e+00,2.932063198089599609e+01
-6.298338621854782104e-02,-2.888069748878479004e-01,-8.018182754516601562e+00,2.932558608055114746e+01
-6.310593336820602417e-02,-2.888760864734649658e-01,-8.019819259643554688e+00,2.933073592185974121e+01
-6.322569400072097778e-02,-2.889556884765625000e-01,-8.021476745605468750e+00,2.933557915687561035e+01
-6.222495809197425842e-02,-2.875788211822509766e-01,-8.022273063659667969e+00,2.934071803092956543e+01
-6.225819513201713562e-02,-2.875691950321197510e-01,-8.023994445800781250e+00,2.934658503532409668e+01
-6.224055960774421692e-02,-2.875950932502746582e-01,-8.025450706481933594e+00,2.935071802139282227e+01
-6.224958226084709167e-02,-2.875826656818389893e-01,-8.027069091796875000e+00,2.935566806793212891e+01
-6.225616112351417542e-02,-2.875536382198333740e-01,-8.028681755065917969e+00,2.936087203025817871e+01
-6.213618814945220947e-02,-2.874916195869445801e-01,-8.030147552490234375e+00,2.936559605598449707e+01
-6.203524023294448853e-02,-2.874410152435302734e-01,-8.031624794006347656e+00,2.937060594558715820e+01
-6.108875572681427002e-02,-2.881110608577728271e-01,-8.032107353210449219e+00,2.937574410438537598e+01
-6.101638823747634888e-02,-2.882910966873168945e-01,-8.033663749694824219e+00,2.938087105751037598e+01
-6.085154414176940918e-02,-2.884416878223419189e-01,-8.035037040710449219e+00,2.938572096824645996e+01
-6.071917712688446045e-02,-2.886682748794555664e-01,-8.036449432373046875e+00,2.939076209068298340e+01
-6.060755252838134766e-02,-2.889574766159057617e-01,-8.037870407104492188e+00,2.939601397514343262e+01
-6.068645417690277100e-02,-2.892002165317535400e-01,-8.039511680603027344e+00,2.940105605125427246e+01
-6.071328744292259216e-02,-2.894625365734100342e-01,-8.040970802307128906e+00,2.940592002868652344e+01
-6.261666119098663330e-02,-2.883538901805877686e-01,-8.043546676635742188e+00,2.941086006164550781e+01
-6.229018792510032654e-02,-2.881510555744171143e-01,-8.044563293457031250e+00,2.941585612297058105e+01
-6.225393712520599365e-02,-2.881306409835815430e-01,-8.045913696289062500e+00,2.942084693908691406e+01
-6.218899041414260864e-02,-2.880477905273437500e-01,-8.047243118286132812e+00,2.942583298683166504e+01
-6.240608915686607361e-02,-2.880332171916961670e-01,-8.048724174499511719e+00,2.943076300621032715e+01
-6.252059340476989746e-02,-2.879807353019714355e-01,-8.050104141235351562e+00,2.943585896492004395e+01
-6.311795860528945923e-02,-2.894553542137145996e-01,-8.052402496337890625e+00,2.944074106216430664e+01
-6.271353363990783691e-02,-2.895111143589019775e-01,-8.053975105285644531e+00,2.944583201408386230e+01
-6.259232759475708008e-02,-2.897284030914306641e-01,-8.055452346801757812e+00,2.945086812973022461e+01
-6.239921599626541138e-02,-2.899418473243713379e-01,-8.056957244873046875e+00,2.945590209960937500e+01
-6.236320734024047852e-02,-2.900809347629547119e-01,-8.058407783508300781e+00,2.946091413497924805e+01
-6.219679117202758789e-02,-2.902230024337768555e-01,-8.059874534606933594e+00,2.946588110923767090e+01
-6.200473755598068237e-02,-2.903232574462890625e-01,-8.061332702636718750e+00,2.947093892097473145e+01
-6.216497719287872314e-02,-2.883508503437042236e-01,-8.062717437744140625e+00,2.947604107856750488e+01
-6.272907555103302002e-02,-2.888666987419128418e-01,-8.064318656921386719e+00,2.948094701766967773e+01
-6.295792013406753540e-02,-2.890401184558868408e-01,-8.065803527832031250e+00,2.948669505119323730e+01
-6.328088045120239258e-02,-2.892701327800750732e-01,-8.067290306091308594e+00,2.949088907241821289e+01
-6.344193965196609497e-02,-2.892785370349884033e-01,-8.068643569946289062e+00,2.949665594100952148e+01
-6.373686343431472778e-02,-2.894206345081329346e-01,-8.070042610168457031e+00,2.950097298622131348e+01
-6.403414160013198853e-02,-2.895294427871704102e-01,-8.071402549743652344e+00,2.950602293014526367e+01
-6.267698109149932861e-02,-2.894262969493865967e-01,-8.073112487792968750e+00,2.951096701622009277e+01
-6.278175115585327148e-02,-2.895685136318206787e-01,-8.074665069580078125e+00,2.951602292060852051e+01
-6.287115067243576050e-02,-2.897536158561706543e-01,-8.076240539550781250e+00,2.952096796035766602e+01
-6.268076598644256592e-02,-2.898633480072021484e-01,-8.077733039855957031e+00,2.952658295631408691e+01
-6.249051541090011597e-02,-2.899785935878753662e-01,-8.079230308532714844e+00,2.953122806549072266e+01
-6.222242489457130432e-02,-2.901082932949066162e-01,-8.080716133117675781e+00,2.953649115562438965e+01
-6.189514696598052979e-02,-2.881408631801605225e-01,-8.080684661865234375e+00,2.954103899002075195e+01
-6.189906597137451172e-02,-2.880707383155822754e-01,-8.082149505615234375e+00,2.954611897468566895e+01
-6.197143718600273132e-02,-2.879935503005981445e-01,-8.083640098571777344e+00,2.955119013786315918e+01
-6.193364411592483521e-02,-2.880140841007232666e-01,-8.085160255432128906e+00,2.955662703514099121e+01
-6.198123097419738770e-02,-2.880057096481323242e-01,-8.086707115173339844e+00,2.956127405166625977e+01
-6.203296780586242676e-02,-2.879819571971893311e-01,-8.088276863098144531e+00,2.956633305549621582e+01
-6.209281831979751587e-02,-2.879655063152313232e-01,-8.089867591857910156e+00,2.957117700576782227e+01
-6.154728308320045471e-02,-2.885223329067230225e-01,-8.091043472290039062e+00,2.957611012458801270e+01
-6.158326938748359680e-02,-2.885747551918029785e-01,-8.092628479003906250e+00,2.958115196228027344e+01
-6.162108480930328369e-02,-2.886371910572052002e-01,-8.094228744506835938e+00,2.958639001846313477e+01
-6.150882318615913391e-02,-2.887455821037292480e-01,-8.095666885375976562e+00,2.959128808975219727e+01
-6.146526709198951721e-02,-2.888416051864624023e-01,-8.097178459167480469e+00,2.959677910804748535e+01
-6.140583008527755737e-02,-2.889643907546997070e-01,-8.098677635192871094e+00,2.960112500190734863e+01
-6.150349602103233337e-02,-2.890344560146331787e-01,-8.099979400634765625e+00,2.960664010047912598e+01
-6.207494437694549561e-02,-2.884676158428192139e-01,-8.101076126098632812e+00,2.961122298240661621e+01
-6.222600489854812622e-02,-2.884440720081329346e-01,-8.102260589599609375e+00,2.961635112762451172e+01
-6.218760088086128235e-02,-2.885297536849975586e-01,-8.103532791137695312e+00,2.962126994132995605e+01
-6.224790960550308228e-02,-2.885480523109436035e-01,-8.104695320129394531e+00,2.962668204307556152e+01
-6.229697912931442261e-02,-2.885602414608001709e-01,-8.105803489685058594e+00,2.963126897811889648e+01
-6.244282796978950500e-02,-2.885261476039886475e-01,-8.107029914855957031e+00,2.963633608818054199e+01
-6.271881610155105591e-02,-2.889725565910339355e-01,-8.109970092773437500e+00,2.964118909835815430e+01
-6.287553161382675171e-02,-2.889462709426879883e-01,-8.111411094665527344e+00,2.964634108543395996e+01
-6.306199729442596436e-02,-2.889235913753509521e-01,-8.112860679626464844e+00,2.965140795707702637e+01
-6.286060810089111328e-02,-2.891363501548767090e-01,-8.114772796630859375e+00,2.965651392936706543e+01
-6.283900141716003418e-02,-2.892417609691619873e-01,-8.116490364074707031e+00,2.966145706176757812e+01
-6.276006996631622314e-02,-2.893891632556915283e-01,-8.118278503417968750e+00,2.966666603088378906e+01
-6.268651783466339111e-02,-2.894147634506225586e-01,-8.120004653930664062e+00,2.967143011093139648e+01
-6.236714869737625122e-02,-2.877319157123565674e-01,-8.118807792663574219e+00,2.967672705650329590e+01
-6.224310770630836487e-02,-2.874527871608734131e-01,-8.120279312133789062e+00,2.968124699592590332e+01
-6.280610710382461548e-02,-2.877267599105834961e-01,-8.121629714965820312e+00,2.968677902221679688e+01
-6.306426227092742920e-02,-2.876954376697540283e-01,-8.123037338256835938e+00,2.969138598442077637e+01
-6.340502947568893433e-02,-2.877082228660583496e-01,-8.124397277832031250e+00,2.969672393798828125e+01
-6.312873214483261108e-02,-2.873245179653167725e-01,-8.125421524047851562e+00,2.970132803916931152e+01
-6.306038796901702881e-02,-2.872369289398193359e-01,-8.126502037048339844e+00,2.970664596557617188e+01
-6.167055666446685791e-02,-2.897042334079742432e-01,-8.130358695983886719e+00,2.971148014068603516e+01
-6.160588562488555908e-02,-2.896961569786071777e-01,-8.131483078002929688e+00,2.971662497520446777e+01
-6.127371639013290405e-02,-2.897734045982360840e-01,-8.132555007934570312e+00,2.972147107124328613e+01
-6.093895807862281799e-02,-2.898545563220977783e-01,-8.133590698242187500e+00,2.972670793533325195e+01
-6.059447675943374634e-02,-2.899175882339477539e-01,-8.134577751159667969e+00,2.973156809806823730e+01
-6.040222197771072388e-02,-2.901278436183929443e-01,-8.135803222656250000e+00,2.973659014701843262e+01
-6.154062598943710327e-02,-2.899801433086395264e-01,-8.138785362243652344e+00,2.974141311645507812e+01
-6.138454750180244446e-02,-2.901156246662139893e-01,-8.140057563781738281e+00,2.974656605720520020e+01
-6.165528297424316406e-02,-2.901697754859924316e-01,-8.141763687133789062e+00,2.975148797035217285e+01
-6.177309527993202209e-02,-2.902377247810363770e-01,-8.143284797668457031e+00,2.975665807723999023e+01
-6.197263300418853760e-02,-2.903006672859191895e-01,-8.144868850708007812e+00,2.976154994964599609e+01
-6.188793107867240906e-02,-2.904025018215179443e-01,-8.146463394165039062e+00,2.976674509048461914e+01
-6.192222237586975098e-02,-2.904936671257019043e-01,-8.148135185241699219e+00,2.977151608467102051e+01
-6.158374622464179993e-02,-2.893835008144378662e-01,-8.149354934692382812e+00,2.977672696113586426e+01
-6.167074665427207947e-02,-2.892693877220153809e-01,-8.151086807250976562e+00,2.978148198127746582e+01
-6.163163110613822937e-02,-2.892177700996398926e-01,-8.152916908264160156e+00,2.978677606582641602e+01
-6.160115823149681091e-02,-2.891157269477844238e-01,-8.154809951782226562e+00,2.979150009155273438e+01
-6.177544593811035156e-02,-2.891669869422912598e-01,-8.156455993652343750e+00,2.979682207107543945e+01
-6.193967536091804504e-02,-2.891427278518676758e-01,-8.158205032348632812e+00,2.980148410797119141e+01
-6.217068433761596680e-02,-2.891204357147216797e-01,-8.159927368164062500e+00,2.980681705474853516e+01
-6.318381428718566895e-02,-2.895517945289611816e-01,-8.160602569580078125e+00,2.981152510643005371e+01
-6.329990923404693604e-02,-2.895227968692779541e-01,-8.161890983581542969e+00,2.981665205955505371e+01
-6.339170783758163452e-02,-2.894838154315948486e-01,-8.163087844848632812e+00,2.982187294960021973e+01
-6.345853954553604126e-02,-2.894532382488250732e-01,-8.164216995239257812e+00,2.982683992385864258e+01
-6.362307071685791016e-02,-2.897454798221588135e-01,-8.165663719177246094e+00,2.983162307739257812e+01
-6.370474398136138916e-02,-2.898624539375305176e-01,-8.166860580444335938e+00,2.983683300018310547e+01
-6.403151154518127441e-02,-2.913556694984436035e-01,-8.169913291931152344e+00,2.984160304069519043e+01
-6.418395787477493286e-02,-2.913425266742706299e-01,-8.171456336975097656e+00,2.984671807289123535e+01
-6.431216746568679810e-02,-2.914634943008422852e-01,-8.172953605651855469e+00,2.985162210464477539e+01
-6.444025039672851562e-02,-2.915500402450561523e-01,-8.174465179443359375e+00,2.985682702064514160e+01
-6.457588076591491699e-02,-2.917164266109466553e-01,-8.176006317138671875e+00,2.986183094978332520e+01
-6.471645832061767578e-02,-2.918471097946166992e-01,-8.177570343017578125e+00,2.986670708656311035e+01
-6.486950069665908813e-02,-2.919834554195404053e-01,-8.179172515869140625e+00,2.987173604965209961e+01
-6.468357890844345093e-02,-2.896160781383514404e-01,-8.178648948669433594e+00,2.987670993804931641e+01
-6.478521227836608887e-02,-2.896190285682678223e-01,-8.180111885070800781e+00,2.988171815872192383e+01
-6.488285958766937256e-02,-2.896224558353424072e-01,-8.181586265563964844e+00,2.988668608665466309e+01
-6.497417390346527100e-02,-2.895933985710144043e-01,-8.183125495910644531e+00,2.989172506332397461e+01
-6.506315618753433228e-02,-2.895630002021789551e-01,-8.184674263000488281e+00,2.989694905281066895e+01
-6.514451652765274048e-02,-2.895220518112182617e-01,-8.186244010925292969e+00,2.990180206298828125e+01
-6.557022035121917725e-02,-2.898897230625152588e-01,-8.188224792480468750e+00,2.990679907798767090e+01
-6.559082865715026855e-02,-2.900013923645019531e-01,-8.190064430236816406e+00,2.991204214096069336e+01
-6.570044904947280884e-02,-2.900922894477844238e-01,-8.191877365112304688e+00,2.991693806648254395e+01
-6.582866609096527100e-02,-2.902297079563140869e-01,-8.193755149841308594e+00,2.992177009582519531e+01
-6.580098718404769897e-02,-2.903010547161102295e-01,-8.195414543151855469e+00,2.992702794075012207e+01
-6.575698405504226685e-02,-2.903893589973449707e-01,-8.197140693664550781e+00,2.993187904357910156e+01
-6.569034606218338013e-02,-2.905042171478271484e-01,-8.198861122131347656e+00,2.993693900108337402e+01
-6.537543982267379761e-02,-2.905106246471405029e-01,-8.199556350708007812e+00,2.994196510314941406e+01
-6.530871242284774780e-02,-2.905962765216827393e-01,-8.200965881347656250e+00,2.994681310653686523e+01
-6.522891670465469360e-02,-2.906939089298248291e-01,-8.202320098876953125e+00,2.995214915275573730e+01
-6.546580791473388672e-02,-2.907121479511260986e-01,-8.204018592834472656e+00,2.995689702033996582e+01
-6.558606773614883423e-02,-2.907440066337585449e-01,-8.205542564392089844e+00,2.996201300621032715e+01
-6.575064361095428467e-02,-2.907575666904449463e-01,-8.207080841064453125e+00,2.996698999404907227e+01
-6.599944084882736206e-02,-2.907347679138183594e-01,-8.208778381347656250e+00,2.997189497947692871e+01
-6.647903472185134888e-02,-2.909834980964660645e-01,-8.211119651794433594e+00,2.997693395614624023e+01
-6.686355173587799072e-02,-2.911109328269958496e-01,-8.212943077087402344e+00,2.998181605339050293e+01
-6.678830087184906006e-02,-2.911436259746551514e-01,-8.214323043823242188e+00,2.998708605766296387e+01
-6.693365424871444702e-02,-2.912661135196685791e-01,-8.215929985046386719e+00,2.999181604385375977e+01
-6.704343110322952271e-02,-2.913805246353149414e-01,-8.217522621154785156e+00,2.999724006652832031e+01
-6.711763888597488403e-02,-2.914570271968841553e-01,-8.219099044799804688e+00,3.000192093849182129e+01
-6.573189049959182739e-02,-2.897530794143676758e-01,-8.219495773315429688e+00,3.000698399543762207e+01
-6.554514169692993164e-02,-2.896130979061126709e-01,-8.220809936523437500e+00,3.001205992698669434e+01
-6.529680639505386353e-02,-2.894291877746582031e-01,-8.222044944763183594e+00,3.001694798469543457e+01
-6.546409428119659424e-02,-2.896388173103332520e-01,-8.223542213439941406e+00,3.002204704284667969e+01
-6.538942456245422363e-02,-2.896634638309478760e-01,-8.224877357482910156e+00,3.002725005149841309e+01
-6.533961743116378784e-02,-2.897179722785949707e-01,-8.226220130920410156e+00,3.003205513954162598e+01
-6.554044038057327271e-02,-2.896588444709777832e-01,-8.227651596069335938e+00,3.003709006309509277e+01
-6.740240752696990967e-02,-2.915866076946258545e-01,-8.230889320373535156e+00,3.004204297065734863e+01
-6.788551807403564453e-02,-2.917109727859497070e-01,-8.232457160949707031e+00,3.004687404632568359e+01
-6.783749908208847046e-02,-2.920325398445129395e-01,-8.233945846557617188e+00,3.005193495750427246e+01
-6.809709966182708740e-02,-2.922985553741455078e-01,-8.235466003417968750e+00,3.005707001686096191e+01
-6.833600997924804688e-02,-2.926268279552459717e-01,-8.236977577209472656e+00,3.006214308738708496e+01
-6.840974837541580200e-02,-2.926956415176391602e-01,-8.238278388977050781e+00,3.006716895103454590e+01
-6.846316158771514893e-02,-2.928878664970397949e-01,-8.239604949951171875e+00,3.007216310501098633e+01
-6.786488741636276245e-02,-2.903592288494110107e-01,-8.240818023681640625e+00,3.007724499702453613e+01
-6.776543706655502319e-02,-2.900947332382202148e-01,-8.242088317871093750e+00,3.008216714859008789e+01
-6.786903738975524902e-02,-2.902906537055969238e-01,-8.244011878967285156e+00,3.008717799186706543e+01
-6.777196377515792847e-02,-2.901955544948577881e-01,-8.245536804199218750e+00,3.009216713905334473e+01
-6.764198094606399536e-02,-2.901450097560882568e-01,-8.247086524963378906e+00,3.009721398353576660e+01
-6.766044348478317261e-02,-2.901231944561004639e-01,-8.248814582824707031e+00,3.010216403007507324e+01
-6.761705130338668823e-02,-2.904568016529083252e-01,-8.249692916870117188e+00,3.010726594924926758e+01
-6.767182797193527222e-02,-2.902787625789642334e-01,-8.251542091369628906e+00,3.011235213279724121e+01
-6.759968400001525879e-02,-2.902836501598358154e-01,-8.253141403198242188e+00,3.011714005470275879e+01
-6.761516630649566650e-02,-2.902157902717590332e-01,-8.254976272583007812e+00,3.012215113639831543e+01
-6.762993335723876953e-02,-2.901723980903625488e-01,-8.256893157958984375e+00,3.012749099731445312e+01
-6.780643016099929810e-02,-2.900217771530151367e-01,-8.258689880371093750e+00,3.013228893280029297e+01
-6.795322895050048828e-02,-2.899537086486816406e-01,-8.260521888732910156e+00,3.013725709915161133e+01
-6.719624996185302734e-02,-2.917902171611785889e-01,-8.260432243347167969e+00,3.014224004745483398e+01
-6.742679327726364136e-02,-2.917473316192626953e-01,-8.261831283569335938e+00,3.014725303649902344e+01
-6.766772270202636719e-02,-2.917355298995971680e-01,-8.263135910034179688e+00,3.015229392051696777e+01
-6.792960315942764282e-02,-2.917673289775848389e-01,-8.264359474182128906e+00,3.015731406211853027e+01
-6.785735487937927246e-02,-2.918874323368072510e-01,-8.265780448913574219e+00,3.016267395019531250e+01
-6.789747625589370728e-02,-2.919787466526031494e-01,-8.267137527465820312e+00,3.016728115081787109e+01
-6.786776334047317505e-02,-2.921114265918731689e-01,-8.268508911132812500e+00,3.017229104042053223e+01
-6.692951172590255737e-02,-2.922120988368988037e-01,-8.272685050964355469e+00,3.017725396156311035e+01
-6.725355237722396851e-02,-2.921472787857055664e-01,-8.274542808532714844e+00,3.018224310874938965e+01
-6.723623722791671753e-02,-2.920667827129364014e-01,-8.276335716247558594e+00,3.018732810020446777e+01
-6.724582612514495850e-02,-2.919755578041076660e-01,-8.278160095214843750e+00,3.019228506088256836e+01
-6.716370582580566406e-02,-2.918570935726165771e-01,-8.279787063598632812e+00,3.019737315177917480e+01
-6.713447719812393188e-02,-2.917297780513763428e-01,-8.281492233276367188e+00,3.020226502418518066e+01
-6.784381717443466187e-02,-2.920739054679870605e-01,-8.281600952148437500e+00,3.020748305320739746e+01
-6.835985928773880005e-02,-2.922307252883911133e-01,-8.283325195312500000e+00,3.021241807937622070e+01
-6.868992000818252563e-02,-2.922329604625701904e-01,-8.284959793090820312e+00,3.021744513511657715e+01
-6.907897442579269409e-02,-2.922903299331665039e-01,-8.286569595336914062e+00,3.022252106666564941e+01
-6.885918974876403809e-02,-2.923080921173095703e-01,-8.288014411926269531e+00,3.022763013839721680e+01
-6.882920116186141968e-02,-2.923484444618225098e-01,-8.289546012878417969e+00,3.023243904113769531e+01
-6.868395954370498657e-02,-2.924059629440307617e-01,-8.291030883789062500e+00,3.023744010925292969e+01
-6.919551640748977661e-02,-2.929219305515289307e-01,-8.293292045593261719e+00,3.024242806434631348e+01
-6.924082338809967041e-02,-2.929909229278564453e-01,-8.294647216796875000e+00,3.024739503860473633e+01
-6.931607425212860107e-02,-2.931196987628936768e-01,-8.295889854431152344e+00,3.025241899490356445e+01
-6.938932090997695923e-02,-2.932083904743194580e-01,-8.297038078308105469e+00,3.025744199752807617e+01
-6.980517506599426270e-02,-2.932953536510467529e-01,-8.298370361328125000e+00,3.026254510879516602e+01
-7.012246549129486084e-02,-2.933371067047119141e-01,-8.299515724182128906e+00,3.026753902435302734e+01
-7.053031772375106812e-02,-2.934117019176483154e-01,-8.300647735595703125e+00,3.027245092391967773e+01
-7.058817893266677856e-02,-2.934949398040771484e-01,-8.303401947021484375e+00,3.027760410308837891e+01
-7.097867131233215332e-02,-2.934784889221191406e-01,-8.304894447326660156e+00,3.028259205818176270e+01
-7.140005379915237427e-02,-2.934693098068237305e-01,-8.306422233581542969e+00,3.028776907920837402e+01
-7.121593505144119263e-02,-2.934250235557556152e-01,-8.308094024658203125e+00,3.029258298873901367e+01
-7.130249589681625366e-02,-2.934027612209320068e-01,-8.309750556945800781e+00,3.029768395423889160e+01
-7.131190598011016846e-02,-2.933656871318817139e-01,-8.311455726623535156e+00,3.030256700515747070e+01
-7.095453143119812012e-02,-2.929869592189788818e-01,-8.312200546264648438e+00,3.030760312080383301e+01
-7.071029394865036011e-02,-2.928508222103118896e-01,-8.313891410827636719e+00,3.031276297569274902e+01
-7.039075344800949097e-02,-2.926979064941406250e-01,-8.315629959106445312e+00,3.031785011291503906e+01
-7.125099003314971924e-02,-2.926388382911682129e-01,-8.316925048828125000e+00,3.032258605957031250e+01
-7.129268348217010498e-02,-2.924770414829254150e-01,-8.318583488464355469e+00,3.032780504226684570e+01
-7.135406136512756348e-02,-2.923231720924377441e-01,-8.320241928100585938e+00,3.033267807960510254e+01
-7.121159136295318604e-02,-2.923416197299957275e-01,-8.321797370910644531e+00,3.033789706230163574e+01
-7.114933431148529053e-02,-2.938085794448852539e-01,-8.323252677917480469e+00,3.034253001213073730e+01
-7.084234803915023804e-02,-2.939071357250213623e-01,-8.324693679809570312e+00,3.034759593009948730e+01
-7.050786912441253662e-02,-2.940288186073303223e-01,-8.326119422912597656e+00,3.035252404212951660e+01
-7.030154019594192505e-02,-2.938802838325500488e-01,-8.327589988708496094e+00,3.035769104957580566e+01
-7.002821564674377441e-02,-2.939116060733795166e-01,-8.329060554504394531e+00,3.036263012886047363e+01
-6.972171366214752197e-02,-2.939039766788482666e-01,-8.330514907836914062e+00,3.036765503883361816e+01
-6.963797658681869507e-02,-2.940114140510559082e-01,-8.332005500793457031e+00,3.037259697914123535e+01
-7.271271944046020508e-02,-2.937572300434112549e-01,-8.335672378540039062e+00,3.037766909599304199e+01
-7.293231040239334106e-02,-2.938399016857147217e-01,-8.337316513061523438e+00,3.038263201713562012e+01
-7.283387333154678345e-02,-2.936806678771972656e-01,-8.339128494262695312e+00,3.038751506805419922e+01
-7.291608303785324097e-02,-2.935945391654968262e-01,-8.340888023376464844e+00,3.039276409149169922e+01
-7.297739386558532715e-02,-2.934569418430328369e-01,-8.342679023742675781e+00,3.039767193794250488e+01
-7.308048754930496216e-02,-2.935367822647094727e-01,-8.344579696655273438e+00,3.040257596969604492e+01
-7.269491255283355713e-02,-2.944927513599395752e-01,-8.345072746276855469e+00,3.040762805938720703e+01
-7.274448871612548828e-02,-2.949438691139221191e-01,-8.346928596496582031e+00,3.041256904602050781e+01
-7.256451994180679321e-02,-2.945859432220458984e-01,-8.348149299621582031e+00,3.041784095764160156e+01
-7.245968282222747803e-02,-2.946593761444091797e-01,-8.349619865417480469e+00,3.042263293266296387e+01
-7.231174409389495850e-02,-2.946611046791076660e-01,-8.350985527038574219e+00,3.042805314064025879e+01
-7.212291657924652100e-02,-2.946103513240814209e-01,-8.352277755737304688e+00,3.043292498588562012e+01
-7.257986813783645630e-02,-2.952078878879547119e-01,-8.353691101074218750e+00,3.043772411346435547e+01
-7.272206246852874756e-02,-2.953875064849853516e-01,-8.355795860290527344e+00,3.044287395477294922e+01
-7.312352210283279419e-02,-2.956869304180145264e-01,-8.357193946838378906e+00,3.044782614707946777e+01
-7.310448586940765381e-02,-2.957360744476318359e-01,-8.359075546264648438e+00,3.045281195640563965e+01
-7.336068153381347656e-02,-2.958417236804962158e-01,-8.360687255859375000e+00,3.045776414871215820e+01
-7.363566011190414429e-02,-2.959080636501312256e-01,-8.362320899963378906e+00,3.046309709548950195e+01
-7.398431003093719482e-02,-2.960290610790252686e-01,-8.363924980163574219e+00,3.046775293350219727e+01
-7.433312386274337769e-02,-2.961344718933105469e-01,-8.365609169006347656e+00,3.047281908988952637e+01
-7.310894876718521118e-02,-2.940952479839324951e-01,-8.366901397705078125e+00,3.047782897949218750e+01
-7.297941297292709351e-02,-2.939177751541137695e-01,-8.368465423583984375e+00,3.048264908790588379e+01
-7.301645725965499878e-02,-2.938648760318756104e-01,-8.370231628417968750e+00,3.048796200752258301e+01
-7.300417870283126831e-02,-2.937681972980499268e-01,-8.372008323669433594e+00,3.049287009239196777e+01
-7.294882088899612427e-02,-2.939018607139587402e-01,-8.373387336730957031e+00,3.049794006347656250e+01
-7.283952087163925171e-02,-2.938665151596069336e-01,-8.374814033508300781e+00,3.050285911560058594e+01
-7.379495352506637573e-02,-2.950772941112518311e-01,-8.374857902526855469e+00,3.050797295570373535e+01
-7.373130321502685547e-02,-2.952280938625335693e-01,-8.375846862792968750e+00,3.051283812522888184e+01
-7.356541603803634644e-02,-2.955386638641357422e-01,-8.377585411071777344e+00,3.051782298088073730e+01
-7.338818162679672241e-02,-2.958008348941802979e-01,-8.378809928894042969e+00,3.052283596992492676e+01
-7.312093675136566162e-02,-2.960965931415557861e-01,-8.380022048950195312e+00,3.052816104888916016e+01
-7.291027158498764038e-02,-2.963793873786926270e-01,-8.381544113159179688e+00,3.053300499916076660e+01
-7.263483107089996338e-02,-2.965884208679199219e-01,-8.383021354675292969e+00,3.053783893585205078e+01
-7.191416621208190918e-02,-2.949738502502441406e-01,-8.384442329406738281e+00,3.054295802116394043e+01
-7.215906679630279541e-02,-2.949588894844055176e-01,-8.386122703552246094e+00,3.054791712760925293e+01
-7.217362523078918457e-02,-2.949939668178558350e-01,-8.387784004211425781e+00,3.055299901962280273e+01
-7.227161526679992676e-02,-2.949803471565246582e-01,-8.389531135559082031e+00,3.055795407295227051e+01
-7.231520861387252808e-02,-2.950524687767028809e-01,-8.391113281250000000e+00,3.056316709518432617e+01
-7.244833558797836304e-02,-2.950390875339508057e-01,-8.392802238464355469e+00,3.056791901588439941e+01
-7.261315733194351196e-02,-2.950162887573242188e-01,-8.394494056701660156e+00,3.057300710678100586e+01
-7.270515710115432739e-02,-2.944969832897186279e-01,-8.395729064941406250e+00,3.057804298400878906e+01
-7.307278364896774292e-02,-2.944851219654083252e-01,-8.397332191467285156e+00,3.058302593231201172e+01
-7.351209223270416260e-02,-2.944961786270141602e-01,-8.398928642272949219e+00,3.058800315856933594e+01
-7.356429100036621094e-02,-2.946229577064514160e-01,-8.400539398193359375e+00,3.059312605857849121e+01
-7.376901060342788696e-02,-2.947166264057159424e-01,-8.402137756347656250e+00,3.059810614585876465e+01
-7.392236590385437012e-02,-2.948341965675354004e-01,-8.403734207153320312e+00,3.060302615165710449e+01
-7.221374660730361938e-02,-2.955085635185241699e-01,-8.405088424682617188e+00,3.060810995101928711e+01
-7.227564603090286255e-02,-2.955978214740753174e-01,-8.406530380249023438e+00,3.061315298080444336e+01
-7.217577099800109863e-02,-2.957571148872375488e-01,-8.407984733581542969e+00,3.061811494827270508e+01
-7.204689830541610718e-02,-2.959070205688476562e-01,-8.409414291381835938e+00,3.062342596054077148e+01
-7.196879386901855469e-02,-2.959703207015991211e-01,-8.410676002502441406e+00,3.062847709655761719e+01
-7.187218219041824341e-02,-2.960450053215026855e-01,-8.411940574645996094e+00,3.063315510749816895e+01
-7.176800817251205444e-02,-2.960914969444274902e-01,-8.413133621215820312e+00,3.063813900947570801e+01
-7.252810895442962646e-02,-2.955739200115203857e-01,-8.414539337158203125e+00,3.064324212074279785e+01
-7.243504375219345093e-02,-2.956548929214477539e-01,-8.415748596191406250e+00,3.064808201789855957e+01
-7.232131808996200562e-02,-2.957459986209869385e-01,-8.416922569274902344e+00,3.065313100814819336e+01
-7.209502160549163818e-02,-2.958432435989379883e-01,-8.418262481689453125e+00,3.065815401077270508e+01
-7.184522598981857300e-02,-2.959305942058563232e-01,-8.419546127319335938e+00,3.066342592239379883e+01
-7.156450301408767700e-02,-2.960759401321411133e-01,-8.420872688293457031e+00,3.066818404197692871e+01
-7.153644412755966187e-02,-2.962088584899902344e-01,-8.422255516052246094e+00,3.067314100265502930e+01
-7.182455807924270630e-02,-2.947447299957275391e-01,-8.424716949462890625e+00,3.067831110954284668e+01
-7.183235138654708862e-02,-2.946413755416870117e-01,-8.426357269287109375e+00,3.068330311775207520e+01
-7.188834995031356812e-02,-2.945013344287872314e-01,-8.428045272827148438e+00,3.068833208084106445e+01
-7.176172733306884766e-02,-2.943218350410461426e-01,-8.429354667663574219e+00,3.069338202476501465e+01
-7.176718860864639282e-02,-2.940926551818847656e-01,-8.430891036987304688e+00,3.069842195510864258e+01
-7.179037481546401978e-02,-2.938335835933685303e-01,-8.432406425476074219e+00,3.070330905914306641e+01
-7.258304953575134277e-02,-2.955797016620635986e-01,-8.433516502380371094e+00,3.070825910568237305e+01
-7.248318195343017578e-02,-2.955941557884216309e-01,-8.434944152832031250e+00,3.071324801445007324e+01
-7.234430313110351562e-02,-2.956128418445587158e-01,-8.436349868774414062e+00,3.071828508377075195e+01
-7.267651706933975220e-02,-2.957459092140197754e-01,-8.437722206115722656e+00,3.072327208518981934e+01
-7.278320938348770142e-02,-2.958109080791473389e-01,-8.439085960388183594e+00,3.072855496406555176e+01
-7.294023036956787109e-02,-2.958676815032958984e-01,-8.440438270568847656e+00,3.073336696624755859e+01
-7.302565872669219971e-02,-2.959119677543640137e-01,-8.441704750061035156e+00,3.073827195167541504e+01
-7.243359833955764771e-02,-2.962569892406463623e-01,-8.442240715026855469e+00,3.074343013763427734e+01
-7.247750461101531982e-02,-2.964474558830261230e-01,-8.443321228027343750e+00,3.074823212623596191e+01
-7.211360335350036621e-02,-2.964601814746856689e-01,-8.444618225097656250e+00,3.075338292121887207e+01
-7.190805673599243164e-02,-2.965611219406127930e-01,-8.445796966552734375e+00,3.075840115547180176e+01
-7.164704799652099609e-02,-2.966679334640502930e-01,-8.447005271911621094e+00,3.076351499557495117e+01
-7.132833451032638550e-02,-2.967854142189025879e-01,-8.448252677917480469e+00,3.076839995384216309e+01
-7.095640897750854492e-02,-2.969187200069427490e-01,-8.449508666992187500e+00,3.077338504791259766e+01
-7.342998683452606201e-02,-2.962210774421691895e-01,-8.452369689941406250e+00,3.077841711044311523e+01
-7.322020828723907471e-02,-2.962138354778289795e-01,-8.453708648681640625e+00,3.078340506553649902e+01
-7.334078848361968994e-02,-2.959601283073425293e-01,-8.454989433288574219e+00,3.078843307495117188e+01
-7.324028015136718750e-02,-2.958090603351593018e-01,-8.456319808959960938e+00,3.079365611076354980e+01
-7.316480576992034912e-02,-2.956205606460571289e-01,-8.457681655883789062e+00,3.079839611053466797e+01
-7.317242026329040527e-02,-2.955516874790191650e-01,-8.459293365478515625e+00,3.080337905883789062e+01
-7.195118069648742676e-02,-2.974921464920043945e-01,-8.460941314697265625e+00,3.080843901634216309e+01
-7.187478244304656982e-02,-2.978944182395935059e-01,-8.462632179260253906e+00,3.081342601776123047e+01
-7.145448774099349976e-02,-2.979682087898254395e-01,-8.464306831359863281e+00,3.081851315498352051e+01
-7.118270546197891235e-02,-2.981876134872436523e-01,-8.466032981872558594e+00,3.082353210449218750e+01
-7.088471949100494385e-02,-2.983735203742980957e-01,-8.467803001403808594e+00,3.082872915267944336e+01
-7.071238756179809570e-02,-2.987345755100250244e-01,-8.469502449035644531e+00,3.083349204063415527e+01
-7.046677917242050171e-02,-2.990109622478485107e-01,-8.471249580383300781e+00,3.083852910995483398e+01
-7.191029936075210571e-02,-2.973761558532714844e-01,-8.472740173339843750e+00,3.084352612495422363e+01
-7.263816893100738525e-02,-2.971934676170349121e-01,-8.474173545837402344e+00,3.084854006767272949e+01
-7.310285419225692749e-02,-2.972837090492248535e-01,-8.475751876831054688e+00,3.085352897644042969e+01
-7.373048365116119385e-02,-2.974171042442321777e-01,-8.477341651916503906e+00,3.085852599143981934e+01
-7.454343885183334351e-02,-2.975186705589294434e-01,-8.478957176208496094e+00,3.086354303359985352e+01
-7.378964126110076904e-02,-2.976284325122833252e-01,-8.480044364929199219e+00,3.086851501464843750e+01
-7.037646323442459106e-02,-2.966839075088500977e-01,-8.480145454406738281e+00,3.087349295616149902e+01
-6.958448886871337891e-02,-2.966643869876861572e-01,-8.481149673461914062e+00,3.087864708900451660e+01
-6.937973201274871826e-02,-2.967344224452972412e-01,-8.482155799865722656e+00,3.088367104530334473e+01
-6.872837990522384644e-02,-2.967745065689086914e-01,-8.483079910278320312e+00,3.088849806785583496e+01
-6.802850961685180664e-02,-2.968410253524780273e-01,-8.483924865722656250e+00,3.089369797706604004e+01
-6.752515584230422974e-02,-2.969916164875030518e-01,-8.485155105590820312e+00,3.089862895011901855e+01
-6.692229211330413818e-02,-2.970746755599975586e-01,-8.486234664916992188e+00,3.090363311767578125e+01
-7.109355181455612183e-02,-2.969972193241119385e-01,-8.490428924560546875e+00,3.090862798690795898e+01
-7.127526402473449707e-02,-2.969197034835815430e-01,-8.492465019226074219e+00,3.091358709335327148e+01
-7.135844230651855469e-02,-2.968167662620544434e-01,-8.494319915771484375e+00,3.091866898536682129e+01
-7.151716202497482300e-02,-2.966849207878112793e-01,-8.496294975280761719e+00,3.092369198799133301e+01
-7.147548347711563110e-02,-2.964219450950622559e-01,-8.498142242431640625e+00,3.092898201942443848e+01
-7.155992835760116577e-02,-2.961846590042114258e-01,-8.500146865844726562e+00,3.093376612663269043e+01
-7.164274156093597412e-02,-2.959075868129730225e-01,-8.502179145812988281e+00,3.093863105773925781e+01
-7.102897763252258301e-02,-2.957924008369445801e-01,-8.500150680541992188e+00,3.094390392303466797e+01
-7.086364924907684326e-02,-2.958704829216003418e-01,-8.501874923706054688e+00,3.094861102104187012e+01
-7.064071297645568848e-02,-2.959560751914978027e-01,-8.503582954406738281e+00,3.095376396179199219e+01
-7.034754008054733276e-02,-2.959783673286437988e-01,-8.505237579345703125e+00,3.095874810218811035e+01
-7.002459466457366943e-02,-2.958374023437500000e-01,-8.506661415100097656e+00,3.096375703811645508e+01
-6.966468691825866699e-02,-2.958967983722686768e-01,-8.508039474487304688e+00,3.096883511543273926e+01
-7.005876302719116211e-02,-2.958792150020599365e-01,-8.508907318115234375e+00,3.097370195388793945e+01
-7.053299993276596069e-02,-2.962985634803771973e-01,-8.509895324707031250e+00,3.097879409790039062e+01
-7.061384618282318115e-02,-2.963196635246276855e-01,-8.510876655578613281e+00,3.098372602462768555e+01
-7.081653922796249390e-02,-2.963587045669555664e-01,-8.511760711669921875e+00,3.098883104324340820e+01
-7.074209302663803101e-02,-2.957812547683715820e-01,-8.512557983398437500e+00,3.099401807785034180e+01
-7.082838565111160278e-02,-2.954450249671936035e-01,-8.513223648071289062e+00,3.099882602691650391e+01
-7.091511040925979614e-02,-2.950190007686614990e-01,-8.513737678527832031e+00,3.100371909141540527e+01
-7.213173061609268188e-02,-2.993079721927642822e-01,-8.519268035888671875e+00,3.100899004936218262e+01
-7.249623537063598633e-02,-2.995984256267547607e-01,-8.520699501037597656e+00,3.101368904113769531e+01
-7.294633239507675171e-02,-2.999389171600341797e-01,-8.522220611572265625e+00,3.101904296875000000e+01
-7.286594808101654053e-02,-3.002927005290985107e-01,-8.523959159851074219e+00,3.102386593818664551e+01
-7.289315760135650635e-02,-3.003009557723999023e-01,-8.525767326354980469e+00,3.102902007102966309e+01
-7.278838753700256348e-02,-3.002668321132659912e-01,-8.527680397033691406e+00,3.103388810157775879e+01
-7.256861031055450439e-02,-3.001343905925750732e-01,-8.529726982116699219e+00,3.103889513015747070e+01
-7.489880174398422241e-02,-2.974323928356170654e-01,-8.528401374816894531e+00,3.104389500617980957e+01
-7.550917565822601318e-02,-2.974581420421600342e-01,-8.530133247375488281e+00,3.104883599281311035e+01
-7.613440603017807007e-02,-2.974949181079864502e-01,-8.532007217407226562e+00,3.105389308929443359e+01
-7.576281577348709106e-02,-2.974900603294372559e-01,-8.530595779418945312e+00,3.105889511108398438e+01
-7.635361701250076294e-02,-2.972843647003173828e-01,-8.531929016113281250e+00,3.106402707099914551e+01
-7.694644480943679810e-02,-2.969915270805358887e-01,-8.533043861389160156e+00,3.106888794898986816e+01
-7.200199365615844727e-02,-2.996097505092620850e-01,-8.538649559020996094e+00,3.107386493682861328e+01
-7.203395664691925049e-02,-2.999268472194671631e-01,-8.539572715759277344e+00,3.107889294624328613e+01
-7.209119200706481934e-02,-3.002749085426330566e-01,-8.540291786193847656e+00,3.108401894569396973e+01
-7.279060781002044678e-02,-3.009761869907379150e-01,-8.542057991027832031e+00,3.108892011642456055e+01
-7.329665124416351318e-02,-3.015677034854888916e-01,-8.543168067932128906e+00,3.109414410591125488e+01
-7.393881678581237793e-02,-3.022478222846984863e-01,-8.544329643249511719e+00,3.109914898872375488e+01
-7.411458343267440796e-02,-3.030464649200439453e-01,-8.545569419860839844e+00,3.110398411750793457e+01
-7.194547355175018311e-02,-2.994221150875091553e-01,-8.545983314514160156e+00,3.110907006263732910e+01
-7.189480960369110107e-02,-2.992353737354278564e-01,-8.547042846679687500e+00,3.111402511596679688e+01
-7.220515608787536621e-02,-2.992711365222930908e-01,-8.548469543457031250e+00,3.111929607391357422e+01
-7.234891504049301147e-02,-2.993355095386505127e-01,-8.549852371215820312e+00,3.112401914596557617e+01
-7.253971695899963379e-02,-2.994387447834014893e-01,-8.551359176635742188e+00,3.112924599647521973e+01
-7.277143001556396484e-02,-2.995667755603790283e-01,-8.552969932556152344e+00,3.113401603698730469e+01
-7.292573153972625732e-02,-2.993087172508239746e-01,-8.554695129394531250e+00,3.113907098770141602e+01
-7.395778596401214600e-02,-2.965944707393646240e-01,-8.555635452270507812e+00,3.114402604103088379e+01
-7.420092821121215820e-02,-2.962056398391723633e-01,-8.557523727416992188e+00,3.114889907836914062e+01
-7.388175278902053833e-02,-2.965640723705291748e-01,-8.559031486511230469e+00,3.115411210060119629e+01
-7.381308078765869141e-02,-2.964985668659210205e-01,-8.560873031616210938e+00,3.115921592712402344e+01
-7.366916537284851074e-02,-2.965271174907684326e-01,-8.562753677368164062e+00,3.116407203674316406e+01
-7.382336258888244629e-02,-2.961373627185821533e-01,-8.564202308654785156e+00,3.116917014122009277e+01
-7.697592675685882568e-02,-2.972308993339538574e-01,-8.566527366638183594e+00,3.117416906356811523e+01
-7.744528353214263916e-02,-2.969391942024230957e-01,-8.567956924438476562e+00,3.117933106422424316e+01
-7.752593606710433960e-02,-2.973396182060241699e-01,-8.569153785705566406e+00,3.118411493301391602e+01
-7.778958976268768311e-02,-2.972781956195831299e-01,-8.570295333862304688e+00,3.118918609619140625e+01
-7.799278199672698975e-02,-2.972392141819000244e-01,-8.571328163146972656e+00,3.119440793991088867e+01
-7.811136543750762939e-02,-2.972380816936492920e-01,-8.572520256042480469e+00,3.119931507110595703e+01
-7.819018512964248657e-02,-2.971932888031005859e-01,-8.573534965515136719e+00,3.120411705970764160e+01
-7.567924261093139648e-02,-2.988685965538024902e-01,-8.576100349426269531e+00,3.120916604995727539e+01
-7.546696066856384277e-02,-2.989559173583984375e-01,-8.577197074890136719e+00,3.121424198150634766e+01
-7.564988732337951660e-02,-2.988994717597961426e-01,-8.578831672668457031e+00,3.121932506561279297e+01
-7.559061795473098755e-02,-2.989281117916107178e-01,-8.580175399780273438e+00,3.122427296638488770e+01
-7.555029541254043579e-02,-2.989401817321777344e-01,-8.581571578979492188e+00,3.122935605049133301e+01
-7.555291056632995605e-02,-2.987853884696960449e-01,-8.583456039428710938e+00,3.123426914215087891e+01
-7.554908096790313721e-02,-2.986194193363189697e-01,-8.585300445556640625e+00,3.123935008049011230e+01
-7.409545779228210449e-02,-2.967591583728790283e-01,-8.584220886230468750e+00,3.124425697326660156e+01
-7.467183470726013184e-02,-2.965890169143676758e-01,-8.586154937744140625e+00,3.124922394752502441e+01
-7.503549754619598389e-02,-2.963783740997314453e-01,-8.588243484497070312e+00,3.125425195693969727e+01
-7.552984356880187988e-02,-2.961679697036743164e-01,-8.590467453002929688e+00,3.125931215286254883e+01
-7.553385943174362183e-02,-2.957175970077514648e-01,-8.592568397521972656e+00,3.126434993743896484e+01
-7.577193528413772583e-02,-2.953701913356781006e-01,-8.594845771789550781e+00,3.126943898200988770e+01
-7.476091384887695312e-02,-2.961507439613342285e-01,-8.596706390380859375e+00,3.127418708801269531e+01
-7.490953803062438965e-02,-2.964546382427215576e-01,-8.598036766052246094e+00,3.127930402755737305e+01
-7.490638643503189087e-02,-2.964277863502502441e-01,-8.599810600280761719e+00,3.128436899185180664e+01
-7.490954548120498657e-02,-2.964661717414855957e-01,-8.601469039916992188e+00,3.128932094573974609e+01
-7.491274178028106689e-02,-2.965788543224334717e-01,-8.602977752685546875e+00,3.129450201988220215e+01
-7.479742914438247681e-02,-2.964335083961486816e-01,-8.603762626647949219e+00,3.129936504364013672e+01
-7.473471760749816895e-02,-2.966767549514770508e-01,-8.604657173156738281e+00,3.130437397956848145e+01
-7.543637603521347046e-02,-3.008385002613067627e-01,-8.606231689453125000e+00,3.130938196182250977e+01
-7.535321265459060669e-02,-3.012701570987701416e-01,-8.607768058776855469e+00,3.131436800956726074e+01
-7.525272667407989502e-02,-3.017706871032714844e-01,-8.608508110046386719e+00,3.131941914558410645e+01
-7.513605803251266479e-02,-3.023110926151275635e-01,-8.609186172485351562e+00,3.132438111305236816e+01
-7.527288049459457397e-02,-3.028527498245239258e-01,-8.610197067260742188e+00,3.132963299751281738e+01
-7.537513226270675659e-02,-3.033145070075988770e-01,-8.611108779907226562e+00,3.133437705039978027e+01
-7.553899288177490234e-02,-3.037410378456115723e-01,-8.612084388732910156e+00,3.133933305740356445e+01
-7.641621679067611694e-02,-2.979508340358734131e-01,-8.616150856018066406e+00,3.134439897537231445e+01
-7.649751007556915283e-02,-2.978692650794982910e-01,-8.617794036865234375e+00,3.134930992126464844e+01
-7.654027640819549561e-02,-2.977486252784729004e-01,-8.619556427001953125e+00,3.135433197021484375e+01
-7.680463790893554688e-02,-2.978162765502929688e-01,-8.621175765991210938e+00,3.135938811302185059e+01
-7.700318098068237305e-02,-2.977938055992126465e-01,-8.622973442077636719e+00,3.136450409889221191e+01
-7.722334563732147217e-02,-2.977230846881866455e-01,-8.624821662902832031e+00,3.136950492858886719e+01
-7.847360521554946899e-02,-2.977144718170166016e-01,-8.625662803649902344e+00,3.137434005737304688e+01
-7.881378382444381714e-02,-2.977649867534637451e-01,-8.627390861511230469e+00,3.137950992584228516e+01
-7.909854501485824585e-02,-2.976652085781097412e-01,-8.629063606262207031e+00,3.138449501991271973e+01
-7.936878502368927002e-02,-2.974824607372283936e-01,-8.630705833435058594e+00,3.138948106765747070e+01
-8.016262948513031006e-02,-2.977648377418518066e-01,-8.632501602172851562e+00,3.139470410346984863e+01
-8.076970279216766357e-02,-2.977289259433746338e-01,-8.634222030639648438e+00,3.139961814880371094e+01
-8.147857338190078735e-02,-2.977254688739776611e-01,-8.635972023010253906e+00,3.140446805953979492e+01
-7.887166738510131836e-02,-2.980567216873168945e-01,-8.636738777160644531e+00,3.140994095802307129e+01
-7.882901281118392944e-02,-2.980611622333526611e-01,-8.638237953186035156e+00,3.141448211669921875e+01
-7.868627458810806274e-02,-2.980611920356750488e-01,-8.639698982238769531e+00,3.141971802711486816e+01
-7.880897819995880127e-02,-2.981064319610595703e-01,-8.641049385070800781e+00,3.142457413673400879e+01
-7.869012653827667236e-02,-2.981067597866058350e-01,-8.642376899719238281e+00,3.142971014976501465e+01
-7.853133976459503174e-02,-2.980909347534179688e-01,-8.643656730651855469e+00,3.143454694747924805e+01
-7.847554236650466919e-02,-2.980495989322662354e-01,-8.645276069641113281e+00,3.143954992294311523e+01
-8.004438132047653198e-02,-2.990836203098297119e-01,-8.650142669677734375e+00,3.144458293914794922e+01
-8.007524907588958740e-02,-2.991226613521575928e-01,-8.652095794677734375e+00,3.144952797889709473e+01
-8.015836775302886963e-02,-2.990111112594604492e-01,-8.654044151306152344e+00,3.145459103584289551e+01
-8.024067431688308716e-02,-2.989486157894134521e-01,-8.656121253967285156e+00,3.145970511436462402e+01
-8.035060763359069824e-02,-2.987901866436004639e-01,-8.658293724060058594e+00,3.146473002433776855e+01
-8.047606796026229858e-02,-2.985439598560333252e-01,-8.660530090332031250e+00,3.146961498260498047e+01
-7.870510220527648926e-02,-2.985915243625640869e-01,-8.656097412109375000e+00,3.147451710700988770e+01
-7.876089215278625488e-02,-2.985147833824157715e-01,-8.657524108886718750e+00,3.147959804534912109e+01
-7.888621091842651367e-02,-2.984268665313720703e-01,-8.658993721008300781e+00,3.148455095291137695e+01
-7.848674058914184570e-02,-2.980908453464508057e-01,-8.659896850585937500e+00,3.148972511291503906e+01
-7.843284308910369873e-02,-2.979001700878143311e-01,-8.661131858825683594e+00,3.149472713470458984e+01
-7.833375781774520874e-02,-2.976810634136199951e-01,-8.662300109863281250e+00,3.149970602989196777e+01
-7.831759750843048096e-02,-2.978586852550506592e-01,-8.663427352905273438e+00,3.150467109680175781e+01
-8.098267763853073120e-02,-2.996667921543121338e-01,-8.668080329895019531e+00,3.150973606109619141e+01
-8.116246014833450317e-02,-2.997721731662750244e-01,-8.669334411621093750e+00,3.151471209526062012e+01
-8.151067793369293213e-02,-2.998766303062438965e-01,-8.670938491821289062e+00,3.151971912384033203e+01
-8.179304003715515137e-02,-3.000158667564392090e-01,-8.672322273254394531e+00,3.152466702461242676e+01
-8.210746943950653076e-02,-3.002070486545562744e-01,-8.673719406127929688e+00,3.152989196777343750e+01
-8.258173614740371704e-02,-3.003883063793182373e-01,-8.675389289855957031e+00,3.153465104103088379e+01
-8.115609735250473022e-02,-2.982609570026397705e-01,-8.676412582397460938e+00,3.153971600532531738e+01
-8.153132349252700806e-02,-2.980924248695373535e-01,-8.678111076354980469e+00,3.154470014572143555e+01
-8.150116354227066040e-02,-2.979749739170074463e-01,-8.679946899414062500e+00,3.154989504814147949e+01
-8.168951421976089478e-02,-2.978579998016357422e-01,-8.681828498840332031e+00,3.155486392974853516e+01
-8.186497539281845093e-02,-2.977281510829925537e-01,-8.683812141418457031e+00,3.156013011932373047e+01
-8.202236145734786987e-02,-2.975834906101226807e-01,-8.685915946960449219e+00,3.156486701965332031e+01
-8.202024549245834351e-02,-2.972707152366638184e-01,-8.687582969665527344e+00,3.156989908218383789e+01
-8.281702548265457153e-02,-2.981145083904266357e-01,-8.689554214477539062e+00,3.157477092742919922e+01
-8.277811110019683838e-02,-2.978623509407043457e-01,-8.691436767578125000e+00,3.157991504669189453e+01
-8.311241865158081055e-02,-2.981771826744079590e-01,-8.692783355712890625e+00,3.158477807044982910e+01
-8.321661502122879028e-02,-2.981298863887786865e-01,-8.694355010986328125e+00,3.158991003036499023e+01
-8.332635462284088135e-02,-2.980883121490478516e-01,-8.695868492126464844e+00,3.159504008293151855e+01
-8.316925168037414551e-02,-2.977643013000488281e-01,-8.697259902954101562e+00,3.159991192817687988e+01
-8.307824283838272095e-02,-2.976310253143310547e-01,-8.698565483093261719e+00,3.160486006736755371e+01
-8.322395384311676025e-02,-3.006474673748016357e-01,-8.699489593505859375e+00,3.160986495018005371e+01
-8.297377824783325195e-02,-3.009918034076690674e-01,-8.700796127319335938e+00,3.161482214927673340e+01
-8.265206217765808105e-02,-3.012977838516235352e-01,-8.701785087585449219e+00,3.162006402015686035e+01
-8.226810395717620850e-02,-3.016208708286285400e-01,-8.702721595764160156e+00,3.162495613098144531e+01
-8.222855627536773682e-02,-3.019101917743682861e-01,-8.704047203063964844e+00,3.163013601303100586e+01
-8.208665251731872559e-02,-3.021368682384490967e-01,-8.705275535583496094e+00,3.163484597206115723e+01
-8.300125598907470703e-02,-2.999554872512817383e-01,-8.707998275756835938e+00,3.163987493515014648e+01
-8.306448906660079956e-02,-2.998680472373962402e-01,-8.709474563598632812e+00,3.164496707916259766e+01
-8.275715261697769165e-02,-2.998178005218505859e-01,-8.710728645324707031e+00,3.165002894401550293e+01
-8.269549906253814697e-02,-2.997706532478332520e-01,-8.712221145629882812e+00,3.165509510040283203e+01
-8.268572390079498291e-02,-2.997327446937561035e-01,-8.713814735412597656e+00,3.166024112701416016e+01
-8.282674103975296021e-02,-2.994442880153656006e-01,-8.715280532836914062e+00,3.166508913040161133e+01
-8.291883766651153564e-02,-2.992418408393859863e-01,-8.716796875000000000e+00,3.167000412940979004e+01
-8.407849073410034180e-02,-3.002533614635467529e-01,-8.718849182128906250e+00,3.167508506774902344e+01
-8.412906527519226074e-02,-3.004863858222961426e-01,-8.720429420471191406e+00,3.168004393577575684e+01
-8.433721959590911865e-02,-3.005651235580444336e-01,-8.721922874450683594e+00,3.168512105941772461e+01
-8.454237878322601318e-02,-3.006600737571716309e-01,-8.723417282104492188e+00,3.169003796577453613e+01
-8.491885662078857422e-02,-3.007290959358215332e-01,-8.724997520446777344e+00,3.169528293609619141e+01
-8.525716513395309448e-02,-3.008070588111877441e-01,-8.726555824279785156e+00,3.170017004013061523e+01
-8.564771711826324463e-02,-3.008698523044586182e-01,-8.728148460388183594e+00,3.170512294769287109e+01
-8.495934307575225830e-02,-3.008123636245727539e-01,-8.729656219482421875e+00,3.171016001701354980e+01
-8.532865345478057861e-02,-3.008404672145843506e-01,-8.731252670288085938e+00,3.171515107154846191e+01
-8.572437614202499390e-02,-3.008726239204406738e-01,-8.732864379882812500e+00,3.172016215324401855e+01
-8.589695394039154053e-02,-3.009886741638183594e-01,-8.734349250793457031e+00,3.172536611557006836e+01
-8.614151179790496826e-02,-3.010464310646057129e-01,-8.735869407653808594e+00,3.173026895523071289e+01
-8.633677661418914795e-02,-3.011195659637451172e-01,-8.737351417541503906e+00,3.173517012596130371e+01
-8.404669165611267090e-02,-3.002529144287109375e-01,-8.738149642944335938e+00,3.174037313461303711e+01
-8.396701514720916748e-02,-3.001670241355895996e-01,-8.739696502685546875e+00,3.174511003494262695e+01
-8.381055295467376709e-02,-3.001249134540557861e-01,-8.741120338439941406e+00,3.175013995170593262e+01
-8.362945914268493652e-02,-3.000752031803131104e-01,-8.742554664611816406e+00,3.175524306297302246e+01
-8.360683172941207886e-02,-3.001755177974700928e-01,-8.744126319885253906e+00,3.176042008399963379e+01
-8.351904153823852539e-02,-3.002752065658569336e-01,-8.745670318603515625e+00,3.176532101631164551e+01
-8.344441652297973633e-02,-3.004297912120819092e-01,-8.747231483459472656e+00,3.177050805091857910e+01
-8.501627296209335327e-02,-3.010782599449157715e-01,-8.749408721923828125e+00,3.177526497840881348e+01
-8.504832535982131958e-02,-3.010938465595245361e-01,-8.750958442687988281e+00,3.178022694587707520e+01
-8.508727699518203735e-02,-3.010800480842590332e-01,-8.752504348754882812e+00,3.178517794609069824e+01
-8.544076234102249146e-02,-3.014188408851623535e-01,-8.754075050354003906e+00,3.179023814201354980e+01
-8.568980544805526733e-02,-3.015777766704559326e-01,-8.755656242370605469e+00,3.179546499252319336e+01
-8.599611371755599976e-02,-3.017964661121368408e-01,-8.757240295410156250e+00,3.180035400390625000e+01
-8.600331097841262817e-02,-3.018281757831573486e-01,-8.758791923522949219e+00,3.180533814430236816e+01
-8.505978435277938843e-02,-3.007213175296783447e-01,-8.759727478027343750e+00,3.181022000312805176e+01
-8.498878777027130127e-02,-3.006105720996856689e-01,-8.761194229125976562e+00,3.181524109840393066e+01
-8.486662060022354126e-02,-3.004673421382904053e-01,-8.762636184692382812e+00,3.182039093971252441e+01
-8.467696607112884521e-02,-3.006624579429626465e-01,-8.764425277709960938e+00,3.182533097267150879e+01
-8.446125686168670654e-02,-3.006381690502166748e-01,-8.766033172607421875e+00,3.183043599128723145e+01
-8.420658856630325317e-02,-3.006562888622283936e-01,-8.767665863037109375e+00,3.183537006378173828e+01
-8.555425703525543213e-02,-3.010333478450775146e-01,-8.770822525024414062e+00,3.184041714668273926e+01
-8.528706431388854980e-02,-3.009373545646667480e-01,-8.772785186767578125e+00,3.184534597396850586e+01
-8.496218919754028320e-02,-3.008048832416534424e-01,-8.774806976318359375e+00,3.185051703453063965e+01
-8.521980047225952148e-02,-3.006700277328491211e-01,-8.776327133178710938e+00,3.185544514656066895e+01
-8.518709242343902588e-02,-3.005121648311614990e-01,-8.778119087219238281e+00,3.186053299903869629e+01
-8.521132916212081909e-02,-3.003369271755218506e-01,-8.779879570007324219e+00,3.186553692817687988e+01
-8.541785925626754761e-02,-3.003627359867095947e-01,-8.781368255615234375e+00,3.187043809890747070e+01
-8.696538954973220825e-02,-3.025478124618530273e-01,-8.781680107116699219e+00,3.187536311149597168e+01
-8.746367692947387695e-02,-3.027269542217254639e-01,-8.782895088195800781e+00,3.188044095039367676e+01
-8.732812106609344482e-02,-3.027316629886627197e-01,-8.783836364746093750e+00,3.188537001609802246e+01
-8.753405511379241943e-02,-3.028511106967926025e-01,-8.784718513488769531e+00,3.189043593406677246e+01
-8.769790828227996826e-02,-3.029660880565643311e-01,-8.785461425781250000e+00,3.189565110206604004e+01
-8.771757036447525024e-02,-3.029587864875793457e-01,-8.786492347717285156e+00,3.190083193778991699e+01
-8.773221820592880249e-02,-3.030509650707244873e-01,-8.787332534790039062e+00,3.190552711486816406e+01
-8.786045759916305542e-02,-3.028667271137237549e-01,-8.791998863220214844e+00,3.191048812866210938e+01
-8.781132847070693970e-02,-3.028573691844940186e-01,-8.793353080749511719e+00,3.191546607017517090e+01
-8.782485872507095337e-02,-3.029558658599853516e-01,-8.795569419860839844e+00,3.192042303085327148e+01
-8.772604912519454956e-02,-3.030086457729339600e-01,-8.797391891479492188e+00,3.192547798156738281e+01
-8.758916705846786499e-02,-3.030883967876434326e-01,-8.799336433410644531e+00,3.193062901496887207e+01
-8.752956986427307129e-02,-3.031494915485382080e-01,-8.801378250122070312e+00,3.193549513816833496e+01
-8.649620413780212402e-02,-3.016674518585205078e-01,-8.798221588134765625e+00,3.194048714637756348e+01
-8.632379770278930664e-02,-3.015926182270050049e-01,-8.800033569335937500e+00,3.194551396369934082e+01
-8.592855185270309448e-02,-3.015159368515014648e-01,-8.801594734191894531e+00,3.195063614845275879e+01
-8.561173826456069946e-02,-3.014152646064758301e-01,-8.803395271301269531e+00,3.195553112030029297e+01
-8.524947613477706909e-02,-3.012869358062744141e-01,-8.805234909057617188e+00,3.196077013015747070e+01
-8.506833761930465698e-02,-3.012064993381500244e-01,-8.806947708129882812e+00,3.196561098098754883e+01
-8.480720221996307373e-02,-3.010949790477752686e-01,-8.808728218078613281e+00,3.197063302993774414e+01
-8.539544790983200073e-02,-3.022083938121795654e-01,-8.810805320739746094e+00,3.197556805610656738e+01
-8.562733232975006104e-02,-3.023259937763214111e-01,-8.812398910522460938e+00,3.198064708709716797e+01
-8.577881753444671631e-02,-3.023245930671691895e-01,-8.814063072204589844e+00,3.198556399345397949e+01
-8.599124848842620850e-02,-3.023699223995208740e-01,-8.815663337707519531e+00,3.199064207077026367e+01
-8.628327399492263794e-02,-3.024430572986602783e-01,-8.817208290100097656e+00,3.199581503868103027e+01
-8.632580935955047607e-02,-3.022821843624114990e-01,-8.818323135375976562e+00,3.200062012672424316e+01
-8.656568825244903564e-02,-3.022314608097076416e-01,-8.819493293762207031e+00,3.200574207305908203e+01
-8.576500415802001953e-02,-3.034236431121826172e-01,-8.820499420166015625e+00,3.201063704490661621e+01
-8.578313142061233521e-02,-3.035652041435241699e-01,-8.821813583374023438e+00,3.201561093330383301e+01
-8.586332947015762329e-02,-3.036431372165679932e-01,-8.822820663452148438e+00,3.202075409889221191e+01
-8.594381064176559448e-02,-3.037140965461730957e-01,-8.823768615722656250e+00,3.202574706077575684e+01
-8.582969009876251221e-02,-3.038374781608581543e-01,-8.825066566467285156e+00,3.203074312210083008e+01
-8.574662357568740845e-02,-3.039264082908630371e-01,-8.826263427734375000e+00,3.203577399253845215e+01
-8.581110835075378418e-02,-3.039056062698364258e-01,-8.829538345336914062e+00,3.204067206382751465e+01
-8.590238541364669800e-02,-3.039136826992034912e-01,-8.831333160400390625e+00,3.204573702812194824e+01
-8.582904934883117676e-02,-3.039250969886779785e-01,-8.833148956298828125e+00,3.205076193809509277e+01
-8.575270324945449829e-02,-3.038990795612335205e-01,-8.835041999816894531e+00,3.205574512481689453e+01
-8.565663546323776245e-02,-3.039637506008148193e-01,-8.836689949035644531e+00,3.206086707115173340e+01
-8.557168394327163696e-02,-3.039322793483734131e-01,-8.838476181030273438e+00,3.206584000587463379e+01
-8.548091351985931396e-02,-3.039113581180572510e-01,-8.840261459350585938e+00,3.207106804847717285e+01
-8.507654815912246704e-02,-3.021116852760314941e-01,-8.839155197143554688e+00,3.207633495330810547e+01
-8.475682884454727173e-02,-3.018967807292938232e-01,-8.839893341064453125e+00,3.208079099655151367e+01
-8.452593535184860229e-02,-3.017690479755401611e-01,-8.840981483459472656e+00,3.208594107627868652e+01
-8.429998904466629028e-02,-3.016088604927062988e-01,-8.842002868652343750e+00,3.209072899818420410e+01
-8.424282819032669067e-02,-3.015871047973632812e-01,-8.843278884887695312e+00,3.209612011909484863e+01
-8.410380780696868896e-02,-3.014670312404632568e-01,-8.844363212585449219e+00,3.210091710090637207e+01
-8.399102836847305298e-02,-3.013346493244171143e-01,-8.845444679260253906e+00,3.210590410232543945e+01
-8.618408441543579102e-02,-3.054692745208740234e-01,-8.850161552429199219e+00,3.211082696914672852e+01
-8.604624867439270020e-02,-3.056180775165557861e-01,-8.851530075073242188e+00,3.211591196060180664e+01
-8.584916591644287109e-02,-3.057645559310913086e-01,-8.852897644042968750e+00,3.212086296081542969e+01
-8.569079637527465820e-02,-3.060083091259002686e-01,-8.854314804077148438e+00,3.212588310241699219e+01
-8.547429740428924561e-02,-3.062310516834259033e-01,-8.855710983276367188e+00,3.213084197044372559e+01
-8.522908389568328857e-02,-3.064778745174407959e-01,-8.857103347778320312e+00,3.213574099540710449e+01
-8.421953767538070679e-02,-3.032194674015045166e-01,-8.857719421386718750e+00,3.214098715782165527e+01
-8.390778303146362305e-02,-3.031275272369384766e-01,-8.859354972839355469e+00,3.214653301239013672e+01
-8.358217030763626099e-02,-3.029911220073699951e-01,-8.861083030700683594e+00,3.215106797218322754e+01
-8.348247408866882324e-02,-3.028787970542907715e-01,-8.863152503967285156e+00,3.215639901161193848e+01
-8.335018903017044067e-02,-3.027726411819458008e-01,-8.865256309509277344e+00,3.216123604774475098e+01
-8.328215032815933228e-02,-3.026748597621917725e-01,-8.867490768432617188e+00,3.216604495048522949e+01
-8.327782154083251953e-02,-3.025851845741271973e-01,-8.869856834411621094e+00,3.217113304138183594e+01
-8.473417907953262329e-02,-3.033136427402496338e-01,-8.868513107299804688e+00,3.217607712745666504e+01
-8.506724238395690918e-02,-3.032895624637603760e-01,-8.870356559753417969e+00,3.218102812767028809e+01
-8.550631254911422729e-02,-3.032809197902679443e-01,-8.872233390808105469e+00,3.218590593338012695e+01
-8.560262620449066162e-02,-3.031522929668426514e-01,-8.872777938842773438e+00,3.219095015525817871e+01
-8.597747236490249634e-02,-3.030427098274230957e-01,-8.873908042907714844e+00,3.219640612602233887e+01
-8.638051152229309082e-02,-3.028902113437652588e-01,-8.874860763549804688e+00,3.220096611976623535e+01
-8.673609793186187744e-02,-3.033314347267150879e-01,-8.875937461853027344e+00,3.220651507377624512e+01
-8.712128549814224243e-02,-3.064844012260437012e-01,-8.880428314208984375e+00,3.221107196807861328e+01
-8.745289593935012817e-02,-3.069036304950714111e-01,-8.881509780883789062e+00,3.221599602699279785e+01
-8.723825961351394653e-02,-3.071188032627105713e-01,-8.882923126220703125e+00,3.222114896774291992e+01
-8.721151202917098999e-02,-3.073787987232208252e-01,-8.884073257446289062e+00,3.222697496414184570e+01
-8.708988130092620850e-02,-3.076337575912475586e-01,-8.885213851928710938e+00,3.223126792907714844e+01
-8.732167631387710571e-02,-3.077415823936462402e-01,-8.886586189270019531e+00,3.223668098449707031e+01
-8.803115040063858032e-02,-3.050725460052490234e-01,-8.887625694274902344e+00,3.224104809761047363e+01
-8.824991434812545776e-02,-3.050045967102050781e-01,-8.889080047607421875e+00,3.224646902084350586e+01
-8.851134777069091797e-02,-3.049463033676147461e-01,-8.890648841857910156e+00,3.225123500823974609e+01
-8.801265805959701538e-02,-3.049225509166717529e-01,-8.892172813415527344e+00,3.225652194023132324e+01
-8.789888024330139160e-02,-3.048338294029235840e-01,-8.893735885620117188e+00,3.226136493682861328e+01
-8.771393448114395142e-02,-3.047150671482086182e-01,-8.895300865173339844e+00,3.226671099662780762e+01
-8.772448450326919556e-02,-3.045005202293395996e-01,-8.896946907043457031e+00,3.227118301391601562e+01
-8.739464730024337769e-02,-3.040766417980194092e-01,-8.897240638732910156e+00,3.227664995193481445e+01
-8.731121569871902466e-02,-3.039755523204803467e-01,-8.899031639099121094e+00,3.228110694885253906e+01
-8.702401816844940186e-02,-3.040522933006286621e-01,-8.900758743286132812e+00,3.228649306297302246e+01
-8.682077378034591675e-02,-3.040692210197448730e-01,-8.902606010437011719e+00,3.229113197326660156e+01
-8.657917380332946777e-02,-3.041042685508728027e-01,-8.904491424560546875e+00,3.229647803306579590e+01
-8.645195513963699341e-02,-3.039321601390838623e-01,-8.906083106994628906e+00,3.230131006240844727e+01
-8.626745641231536865e-02,-3.039004802703857422e-01,-8.907784461975097656e+00,3.230678105354309082e+01
-8.842290937900543213e-02,-3.050837516784667969e-01,-8.907879829406738281e+00,3.231132197380065918e+01
-8.867724239826202393e-02,-3.053091466426849365e-01,-8.909244537353515625e+00,3.231675505638122559e+01
-8.890675753355026245e-02,-3.054935336112976074e-01,-8.910552024841308594e+00,3.232129597663879395e+01
-8.916950970888137817e-02,-3.057500720024108887e-01,-8.911819458007812500e+00,3.232649707794189453e+01
-8.946768939495086670e-02,-3.060094118118286133e-01,-8.913166999816894531e+00,3.233146595954895020e+01
-8.980002254247665405e-02,-3.062857985496520996e-01,-8.914432525634765625e+00,3.233653402328491211e+01
-8.785355091094970703e-02,-3.059385418891906738e-01,-8.917025566101074219e+00,3.234137892723083496e+01
-8.799373358488082886e-02,-3.061153590679168701e-01,-8.918506622314453125e+00,3.234672498703002930e+01
-8.778536319732666016e-02,-3.060226440429687500e-01,-8.920069694519042969e+00,3.235130214691162109e+01
-8.777540922164916992e-02,-3.060589730739593506e-01,-8.921557426452636719e+00,3.235680603981018066e+01
-8.771564066410064697e-02,-3.060608506202697754e-01,-8.923019409179687500e+00,3.236147713661193848e+01
-8.781242370605468750e-02,-3.060205280780792236e-01,-8.924796104431152344e+00,3.236683797836303711e+01
-8.787275850772857666e-02,-3.060387670993804932e-01,-8.926544189453125000e+00,3.237147092819213867e+01
-8.923854678869247437e-02,-3.066931068897247314e-01,-8.926276206970214844e+00,3.237660312652587891e+01
-8.940003067255020142e-02,-3.069595694541931152e-01,-8.928157806396484375e+00,3.238145613670349121e+01
-8.963584899902343750e-02,-3.072477281093597412e-01,-8.930078506469726562e+00,3.238665413856506348e+01
-8.986481279134750366e-02,-3.075113892555236816e-01,-8.932060241699218750e+00,3.239146494865417480e+01
-9.029868245124816895e-02,-3.077790439128875732e-01,-8.933881759643554688e+00,3.239688301086425781e+01
-9.069363772869110107e-02,-3.079750537872314453e-01,-8.935821533203125000e+00,3.240145015716552734e+01
-9.113808721303939819e-02,-3.081524670124053955e-01,-8.937769889831542969e+00,3.240655708312988281e+01
-8.908265829086303711e-02,-3.046366870403289795e-01,-8.936773300170898438e+00,3.241146206855773926e+01
-8.917117118835449219e-02,-3.044101893901824951e-01,-8.938395500183105469e+00,3.241666197776794434e+01
-8.922563493251800537e-02,-3.041179776191711426e-01,-8.939998626708984375e+00,3.242146301269531250e+01
-8.923261612653732300e-02,-3.038152754306793213e-01,-8.941572189331054688e+00,3.242675995826721191e+01
-8.929068595170974731e-02,-3.039145767688751221e-01,-8.943051338195800781e+00,3.243157911300659180e+01
-8.927872031927108765e-02,-3.038118481636047363e-01,-8.944526672363281250e+00,3.243663907051086426e+01
-9.092205017805099487e-02,-3.078292906284332275e-01,-8.947333335876464844e+00,3.244153809547424316e+01
-9.152627736330032349e-02,-3.078373968601226807e-01,-8.948902130126953125e+00,3.244668006896972656e+01
-9.187321364879608154e-02,-3.080201745033264160e-01,-8.950428009033203125e+00,3.245154404640197754e+01
-9.229112416505813599e-02,-3.082189261913299561e-01,-8.951971054077148438e+00,3.245680809020996094e+01
-9.257862716913223267e-02,-3.084601759910583496e-01,-8.953578948974609375e+00,3.246166992187500000e+01
-9.294444322586059570e-02,-3.086856305599212646e-01,-8.955113410949707031e+00,3.246665000915527344e+01
-9.330723434686660767e-02,-3.089073002338409424e-01,-8.956613540649414062e+00,3.247142815589904785e+01
-9.184420853853225708e-02,-3.064624667167663574e-01,-8.955994606018066406e+00,3.247683310508728027e+01
-9.207358956336975098e-02,-3.063985109329223633e-01,-8.957240104675292969e+00,3.248152995109558105e+01
-9.227214753627777100e-02,-3.062785863876342773e-01,-8.958440780639648438e+00,3.248682808876037598e+01
-9.194220602512359619e-02,-3.061824440956115723e-01,-8.961092948913574219e+00,3.249166107177734375e+01
-9.195252507925033569e-02,-3.060918152332305908e-01,-8.962833404541015625e+00,3.249696612358093262e+01
-9.193766862154006958e-02,-3.059292137622833252e-01,-8.964715003967285156e+00,3.250173592567443848e+01
-9.123185276985168457e-02,-3.061496019363403320e-01,-8.965793609619140625e+00,3.250677609443664551e+01
-9.107983112335205078e-02,-3.060767948627471924e-01,-8.967385292053222656e+00,3.251166200637817383e+01
-9.094229340553283691e-02,-3.060033023357391357e-01,-8.968954086303710938e+00,3.251676297187805176e+01
-9.081602841615676880e-02,-3.059417307376861572e-01,-8.970468521118164062e+00,3.252165603637695312e+01
-9.117357432842254639e-02,-3.058337271213531494e-01,-8.971985816955566406e+00,3.252678298950195312e+01
-9.136769175529479980e-02,-3.057191669940948486e-01,-8.973532676696777344e+00,3.253176498413085938e+01
-9.165580570697784424e-02,-3.055767118930816650e-01,-8.975119590759277344e+00,3.253668093681335449e+01
-9.246066957712173462e-02,-3.074632883071899414e-01,-8.976362228393554688e+00,3.254160499572753906e+01
-9.289271384477615356e-02,-3.076204657554626465e-01,-8.977844238281250000e+00,3.254665803909301758e+01
-9.338852018117904663e-02,-3.077947497367858887e-01,-8.979325294494628906e+00,3.255171203613281250e+01
-9.310752153396606445e-02,-3.077141046524047852e-01,-8.981006622314453125e+00,3.255682110786437988e+01
-9.319580346345901489e-02,-3.077279925346374512e-01,-8.982630729675292969e+00,3.256193709373474121e+01
-9.320366382598876953e-02,-3.077023923397064209e-01,-8.984301567077636719e+00,3.256698012351989746e+01
-9.356968104839324951e-02,-3.078134059906005859e-01,-8.985991477966308594e+00,3.257177996635437012e+01
-9.495754539966583252e-02,-3.076803386211395264e-01,-8.987524032592773438e+00,3.257678699493408203e+01
-9.549846500158309937e-02,-3.078546524047851562e-01,-8.989182472229003906e+00,3.258180212974548340e+01
-9.549018740653991699e-02,-3.077483177185058594e-01,-8.990456581115722656e+00,3.258700799942016602e+01
-9.574806690216064453e-02,-3.078001737594604492e-01,-8.991914749145507812e+00,3.259180998802185059e+01
-9.592791646718978882e-02,-3.077909946441650391e-01,-8.993366241455078125e+00,3.259689807891845703e+01
-9.603486210107803345e-02,-3.077150583267211914e-01,-8.994820594787597656e+00,3.260185694694519043e+01
-9.678184986114501953e-02,-3.082603216171264648e-01,-8.996282577514648438e+00,3.260696411132812500e+01
-9.722840040922164917e-02,-3.090634346008300781e-01,-9.001279830932617188e+00,3.261185002326965332e+01
-9.794411063194274902e-02,-3.092901706695556641e-01,-9.003219604492187500e+00,3.261680912971496582e+01
-9.809266030788421631e-02,-3.088897466659545898e-01,-9.005120277404785156e+00,3.262194895744323730e+01
-9.858842194080352783e-02,-3.088652491569519043e-01,-9.007057189941406250e+00,3.262704801559448242e+01
-9.903532266616821289e-02,-3.088036775588989258e-01,-9.008977890014648438e+00,3.263195514678955078e+01
-9.923600405454635620e-02,-3.093003630638122559e-01,-9.010756492614746094e+00,3.263690400123596191e+01
-9.623084217309951782e-02,-3.089509010314941406e-01,-9.010135650634765625e+00,3.264195108413696289e+01
-9.601744264364242554e-02,-3.091656863689422607e-01,-9.011727333068847656e+00,3.264693713188171387e+01
-9.622995555400848389e-02,-3.089334964752197266e-01,-9.012874603271484375e+00,3.265179514884948730e+01
-9.616460651159286499e-02,-3.089677691459655762e-01,-9.014170646667480469e+00,3.265698695182800293e+01
-9.609675407409667969e-02,-3.089931905269622803e-01,-9.015357971191406250e+00,3.266191792488098145e+01
-9.622287005186080933e-02,-3.092675209045410156e-01,-9.016826629638671875e+00,3.266702294349670410e+01
-9.630761295557022095e-02,-3.094710111618041992e-01,-9.018140792846679688e+00,3.267180800437927246e+01
-9.623175114393234253e-02,-3.086988925933837891e-01,-9.019075393676757812e+00,3.267681193351745605e+01
-9.633072465658187866e-02,-3.087392449378967285e-01,-9.020870208740234375e+00,3.268206715583801270e+01
-9.650571644306182861e-02,-3.087123930454254150e-01,-9.022528648376464844e+00,3.268713998794555664e+01
-9.669145196676254272e-02,-3.086824119091033936e-01,-9.024225234985351562e+00,3.269179892539978027e+01
-9.690073132514953613e-02,-3.086374998092651367e-01,-9.026032447814941406e+00,3.269722795486450195e+01
-9.699063003063201904e-02,-3.085320293903350830e-01,-9.027709960937500000e+00,3.270204615592956543e+01
-9.692524373531341553e-02,-3.077933490276336670e-01,-9.028452873229980469e+00,3.270716500282287598e+01
-9.698799252510070801e-02,-3.076522648334503174e-01,-9.030204772949218750e+00,3.271204614639282227e+01
-9.703054279088973999e-02,-3.077858388423919678e-01,-9.031694412231445312e+00,3.271709895133972168e+01
-9.707741439342498779e-02,-3.077596426010131836e-01,-9.033366203308105469e+00,3.272204709053039551e+01
-9.711528569459915161e-02,-3.077514171600341797e-01,-9.035052299499511719e+00,3.272731709480285645e+01
-9.734393656253814697e-02,-3.077890276908874512e-01,-9.036758422851562500e+00,3.273216605186462402e+01
-9.753574430942535400e-02,-3.078224062919616699e-01,-9.038455963134765625e+00,3.273710203170776367e+01
-9.947708249092102051e-02,-3.095547258853912354e-01,-9.040163993835449219e+00,3.274204015731811523e+01
-9.949163347482681274e-02,-3.094239234924316406e-01,-9.041377067565917969e+00,3.274720096588134766e+01
-9.970227628946304321e-02,-3.094957470893859863e-01,-9.042716026306152344e+00,3.275216197967529297e+01
-9.987671673297882080e-02,-3.095395863056182861e-01,-9.043956756591796875e+00,3.275701999664306641e+01
-1.001741439104080200e-01,-3.097052276134490967e-01,-9.045267105102539062e+00,3.276229405403137207e+01
-1.004246398806571960e-01,-3.098190426826477051e-01,-9.046475410461425781e+00,3.276725697517395020e+01
-1.006915643811225891e-01,-3.099421262741088867e-01,-9.047641754150390625e+00,3.277215600013732910e+01
-9.997694939374923706e-02,-3.102612197399139404e-01,-9.050414085388183594e+00,3.277723598480224609e+01
-9.977215528488159180e-02,-3.101898431777954102e-01,-9.051896095275878906e+00,3.278210306167602539e+01
-9.977629035711288452e-02,-3.102159500122070312e-01,-9.053232192993164062e+00,3.278717303276062012e+01
-9.973340481519699097e-02,-3.102330267429351807e-01,-9.054556846618652344e+00,3.279215908050537109e+01
-9.977028518915176392e-02,-3.102735579013824463e-01,-9.056107521057128906e+00,3.279730200767517090e+01
-9.975357353687286377e-02,-3.103350400924682617e-01,-9.057619094848632812e+00,3.280214095115661621e+01
-1.001336351037025452e-01,-3.098414540290832520e-01,-9.059445381164550781e+00,3.280728006362915039e+01
-1.001479104161262512e-01,-3.098742067813873291e-01,-9.061024665832519531e+00,3.281215715408325195e+01
-1.001385748386383057e-01,-3.099457621574401855e-01,-9.062705993652343750e+00,3.281724596023559570e+01
-1.001230180263519287e-01,-3.100512921810150146e-01,-9.064424514770507812e+00,3.282215905189514160e+01
-1.002827063202857971e-01,-3.102399408817291260e-01,-9.066115379333496094e+00,3.282780194282531738e+01
-1.004105508327484131e-01,-3.104036450386047363e-01,-9.067844390869140625e+00,3.283220505714416504e+01
-1.005860865116119385e-01,-3.105884492397308350e-01,-9.069575309753417969e+00,3.283735609054565430e+01
-1.007953286170959473e-01,-3.096512854099273682e-01,-9.070454597473144531e+00,3.284230399131774902e+01
-1.006830334663391113e-01,-3.096446692943572998e-01,-9.071945190429687500e+00,3.284732007980346680e+01
-1.004863530397415161e-01,-3.096281290054321289e-01,-9.073368072509765625e+00,3.285226202011108398e+01
-1.007419899106025696e-01,-3.095071315765380859e-01,-9.074936866760253906e+00,3.285758399963378906e+01
-1.008313298225402832e-01,-3.094387948513031006e-01,-9.076383590698242188e+00,3.286242294311523438e+01
-1.009807884693145752e-01,-3.093689978122711182e-01,-9.077795982360839844e+00,3.286731004714965820e+01
-1.000820845365524292e-01,-3.109663724899291992e-01,-9.079512596130371094e+00,3.287229013442993164e+01
-1.004394590854644775e-01,-3.111376762390136719e-01,-9.081359863281250000e+00,3.287728714942932129e+01
-1.003212779760360718e-01,-3.113164305686950684e-01,-9.082817077636718750e+00,3.288228297233581543e+01
-1.001956164836883545e-01,-3.115187883377075195e-01,-9.084260940551757812e+00,3.288727998733520508e+01
-1.000163629651069641e-01,-3.116110265254974365e-01,-9.085802078247070312e+00,3.289228796958923340e+01
-9.983694553375244141e-02,-3.116841018199920654e-01,-9.087286949157714844e+00,3.289775514602661133e+01
-9.969688951969146729e-02,-3.117830157279968262e-01,-9.088820457458496094e+00,3.290235304832458496e+01
-1.023886203765869141e-01,-3.112685382366180420e-01,-9.090755462646484375e+00,3.290746998786926270e+01
-1.024729013442993164e-01,-3.114089071750640869e-01,-9.092539787292480469e+00,3.291241908073425293e+01
-1.025508046150207520e-01,-3.115784823894500732e-01,-9.094380378723144531e+00,3.291743302345275879e+01
-1.027951538562774658e-01,-3.114756047725677490e-01,-9.096006393432617188e+00,3.292236304283142090e+01
-1.029943153262138367e-01,-3.114714026451110840e-01,-9.097814559936523438e+00,3.292773008346557617e+01
-1.032250002026557922e-01,-3.114269971847534180e-01,-9.099652290344238281e+00,3.293252515792846680e+01
-1.032228022813796997e-01,-3.115274608135223389e-01,-9.101273536682128906e+00,3.293741893768310547e+01
-1.044021025300025940e-01,-3.123154342174530029e-01,-9.102323532104492188e+00,3.294238710403442383e+01
-1.044418513774871826e-01,-3.124692738056182861e-01,-9.103754043579101562e+00,3.294750499725341797e+01
-1.044535413384437561e-01,-3.126383721828460693e-01,-9.105134010314941406e+00,3.295253515243530273e+01
-1.046836078166961670e-01,-3.125968575477600098e-01,-9.106548309326171875e+00,3.295759606361389160e+01
-1.047503277659416199e-01,-3.126657903194427490e-01,-9.107849121093750000e+00,3.296267199516296387e+01
-1.048179864883422852e-01,-3.127309083938598633e-01,-9.109086990356445312e+00,3.296758198738098145e+01
-1.049902364611625671e-01,-3.128837943077087402e-01,-9.110498428344726562e+00,3.297252106666564941e+01
-1.053936034440994263e-01,-3.127036988735198975e-01,-9.113630294799804688e+00,3.297760200500488281e+01
-1.055926382541656494e-01,-3.128408491611480713e-01,-9.115298271179199219e+00,3.298242211341857910e+01
-1.056001856923103333e-01,-3.129388689994812012e-01,-9.117026329040527344e+00,3.298761200904846191e+01
-1.057228371500968933e-01,-3.130654096603393555e-01,-9.118790626525878906e+00,3.299253106117248535e+01
-1.058329716324806213e-01,-3.132025003433227539e-01,-9.120591163635253906e+00,3.299769115447998047e+01
-1.059225499629974365e-01,-3.132890760898590088e-01,-9.122329711914062500e+00,3.300252914428710938e+01
-1.068410277366638184e-01,-3.120146691799163818e-01,-9.123099327087402344e+00,3.300769901275634766e+01
-1.069723144173622131e-01,-3.118726313114166260e-01,-9.124842643737792969e+00,3.301254105567932129e+01
-1.067394837737083435e-01,-3.120165169239044189e-01,-9.126326560974121094e+00,3.301797699928283691e+01
-1.066496595740318298e-01,-3.121002614498138428e-01,-9.127956390380859375e+00,3.302280902862548828e+01
-1.064517498016357422e-01,-3.121978640556335449e-01,-9.129516601562500000e+00,3.302794003486633301e+01
-1.064661741256713867e-01,-3.119532167911529541e-01,-9.130846977233886719e+00,3.303309798240661621e+01
-1.063321679830551147e-01,-3.118781745433807373e-01,-9.132143020629882812e+00,3.303767395019531250e+01
-1.078098267316818237e-01,-3.122010231018066406e-01,-9.134545326232910156e+00,3.304267001152038574e+01
-1.080418676137924194e-01,-3.119243681430816650e-01,-9.135827064514160156e+00,3.304777598381042480e+01
-1.092051193118095398e-01,-3.125228285789489746e-01,-9.137618064880371094e+00,3.305265903472900391e+01
-1.099652722477912903e-01,-3.125059604644775391e-01,-9.139110565185546875e+00,3.305761098861694336e+01
-1.108511239290237427e-01,-3.125349581241607666e-01,-9.140631675720214844e+00,3.306277394294738770e+01
-1.114084199070930481e-01,-3.126198053359985352e-01,-9.142420768737792969e+00,3.306760907173156738e+01
-1.121332049369812012e-01,-3.125019967555999756e-01,-9.144144058227539062e+00,3.307263898849487305e+01
-1.074029132723808289e-01,-3.129206895828247070e-01,-9.143255233764648438e+00,3.307759714126586914e+01
-1.073831766843795776e-01,-3.128728866577148438e-01,-9.144852638244628906e+00,3.308258008956909180e+01
-1.074476614594459534e-01,-3.127831816673278809e-01,-9.146448135375976562e+00,3.308767795562744141e+01
-1.074811518192291260e-01,-3.126495182514190674e-01,-9.148100852966308594e+00,3.309277415275573730e+01
-1.073363125324249268e-01,-3.124735057353973389e-01,-9.149521827697753906e+00,3.309778714179992676e+01
-1.071676835417747498e-01,-3.123078942298889160e-01,-9.151030540466308594e+00,3.310265803337097168e+01
-1.082539632916450500e-01,-3.140433430671691895e-01,-9.153391838073730469e+00,3.310773611068725586e+01
-1.088149175047874451e-01,-3.142013847827911377e-01,-9.154914855957031250e+00,3.311274909973144531e+01
-1.090086326003074646e-01,-3.143090307712554932e-01,-9.156299591064453125e+00,3.311806893348693848e+01
-1.092640981078147888e-01,-3.144431710243225098e-01,-9.157587051391601562e+00,3.312284207344055176e+01
-1.096132472157478333e-01,-3.145168125629425049e-01,-9.158739089965820312e+00,3.312824201583862305e+01
-1.094767823815345764e-01,-3.147661089897155762e-01,-9.160367965698242188e+00,3.313296604156494141e+01
-1.095803603529930115e-01,-3.148244321346282959e-01,-9.161768913269042969e+00,3.313782215118408203e+01
-1.076683253049850464e-01,-3.141927719116210938e-01,-9.162713050842285156e+00,3.314278197288513184e+01
-1.073758378624916077e-01,-3.139756023883819580e-01,-9.163976669311523438e+00,3.314776206016540527e+01
-1.070406064391136169e-01,-3.138288855552673340e-01,-9.165134429931640625e+00,3.315278196334838867e+01
-1.066589057445526123e-01,-3.136452138423919678e-01,-9.166256904602050781e+00,3.315777206420898438e+01
-1.063084378838539124e-01,-3.136077523231506348e-01,-9.167374610900878906e+00,3.316304397583007812e+01
-1.058933287858963013e-01,-3.135130703449249268e-01,-9.168464660644531250e+00,3.316789698600769043e+01
-1.054467633366584778e-01,-3.134404420852661133e-01,-9.169526100158691406e+00,3.317289710044860840e+01
-1.083671078085899353e-01,-3.148643076419830322e-01,-9.173479080200195312e+00,3.317783713340759277e+01
-1.082546785473823547e-01,-3.148984313011169434e-01,-9.174869537353515625e+00,3.318299102783203125e+01
-1.081452071666717529e-01,-3.148751556873321533e-01,-9.176263809204101562e+00,3.318791294097900391e+01
-1.080197915434837341e-01,-3.147782683372497559e-01,-9.177649497985839844e+00,3.319302010536193848e+01
-1.079155579209327698e-01,-3.147127330303192139e-01,-9.179043769836425781e+00,3.319788599014282227e+01
-1.078258082270622253e-01,-3.146804571151733398e-01,-9.180526733398437500e+00,3.320298910140991211e+01
-1.078112721443176270e-01,-3.135500252246856689e-01,-9.180667877197265625e+00,3.320790195465087891e+01
-1.082155779004096985e-01,-3.132462501525878906e-01,-9.182516098022460938e+00,3.321292805671691895e+01
-1.084134429693222046e-01,-3.130155503749847412e-01,-9.184002876281738281e+00,3.321800994873046875e+01
-1.086951345205307007e-01,-3.128023147583007812e-01,-9.185556411743164062e+00,3.322302913665771484e+01
-1.086874529719352722e-01,-3.126161694526672363e-01,-9.187025070190429688e+00,3.322818112373352051e+01
-1.088408827781677246e-01,-3.124316334724426270e-01,-9.188626289367675781e+00,3.323308014869689941e+01
-1.089800372719764709e-01,-3.122684657573699951e-01,-9.190261840820312500e+00,3.323830199241638184e+01
-1.086333170533180237e-01,-3.142867684364318848e-01,-9.193071365356445312e+00,3.324311304092407227e+01
-1.082674488425254822e-01,-3.143714070320129395e-01,-9.194334030151367188e+00,3.324807000160217285e+01
-1.077888756990432739e-01,-3.144834339618682861e-01,-9.195429801940917969e+00,3.325300598144531250e+01
-1.075677722692489624e-01,-3.141079545021057129e-01,-9.196114540100097656e+00,3.325811696052551270e+01
-1.071521490812301636e-01,-3.141378164291381836e-01,-9.196759223937988281e+00,3.326322603225708008e+01
-1.067219376564025879e-01,-3.141514360904693604e-01,-9.197230339050292969e+00,3.326799297332763672e+01
-1.075478121638298035e-01,-3.159233331680297852e-01,-9.201092720031738281e+00,3.327301096916198730e+01
-1.068380624055862427e-01,-3.159084022045135498e-01,-9.201712608337402344e+00,3.327822613716125488e+01
-1.060127019882202148e-01,-3.158856034278869629e-01,-9.202166557312011719e+00,3.328307914733886719e+01
-1.073239818215370178e-01,-3.151493668556213379e-01,-9.206570625305175781e+00,3.328815293312072754e+01
-1.071647703647613525e-01,-3.149417638778686523e-01,-9.208301544189453125e+00,3.329328298568725586e+01
-1.070614829659461975e-01,-3.146970868110656738e-01,-9.210165977478027344e+00,3.329816198348999023e+01
-1.070309728384017944e-01,-3.144431114196777344e-01,-9.212143898010253906e+00,3.330319905281066895e+01
-1.081874370574951172e-01,-3.152430951595306396e-01,-9.209491729736328125e+00,3.330811309814453125e+01
-1.079738810658454895e-01,-3.154453635215759277e-01,-9.211096763610839844e+00,3.331315803527832031e+01
-1.077225729823112488e-01,-3.156783878803253174e-01,-9.212810516357421875e+00,3.331812214851379395e+01
-1.078199371695518494e-01,-3.154651820659637451e-01,-9.214231491088867188e+00,3.332320213317871094e+01
-1.077626124024391174e-01,-3.154593706130981445e-01,-9.215929985046386719e+00,3.332841801643371582e+01
-1.077018901705741882e-01,-3.153704404830932617e-01,-9.217631340026855469e+00,3.333328604698181152e+01
-1.074625849723815918e-01,-3.157812356948852539e-01,-9.219014167785644531e+00,3.333814692497253418e+01
-1.093501821160316467e-01,-3.162827789783477783e-01,-9.222327232360839844e+00,3.334317111968994141e+01
-1.092583537101745605e-01,-3.164897263050079346e-01,-9.223790168762207031e+00,3.334828495979309082e+01
-1.095247417688369751e-01,-3.163654208183288574e-01,-9.225102424621582031e+00,3.335332012176513672e+01
-1.096250265836715698e-01,-3.164686262607574463e-01,-9.226388931274414062e+00,3.335827398300170898e+01
-1.097630187869071960e-01,-3.166015744209289551e-01,-9.227573394775390625e+00,3.336342310905456543e+01
-1.096862256526947021e-01,-3.169505298137664795e-01,-9.228723526000976562e+00,3.336812114715576172e+01
-1.088503971695899963e-01,-3.167860209941864014e-01,-9.230247497558593750e+00,3.337325906753540039e+01
-1.087417602539062500e-01,-3.169502913951873779e-01,-9.231362342834472656e+00,3.337828612327575684e+01
-1.085680574178695679e-01,-3.171397447586059570e-01,-9.232398033142089844e+00,3.338333702087402344e+01
-1.086632534861564636e-01,-3.170721828937530518e-01,-9.234053611755371094e+00,3.338828706741333008e+01
-1.085897237062454224e-01,-3.171077370643615723e-01,-9.235337257385253906e+00,3.339340806007385254e+01
-1.085384413599967957e-01,-3.171229362487792969e-01,-9.236665725708007812e+00,3.339828109741210938e+01
-1.083503440022468567e-01,-3.171482384204864502e-01,-9.238130569458007812e+00,3.340331411361694336e+01
-1.086615622043609619e-01,-3.158359527587890625e-01,-9.240115165710449219e+00,3.340841197967529297e+01
-1.084492504596710205e-01,-3.158175945281982422e-01,-9.241849899291992188e+00,3.341328811645507812e+01
-1.086697727441787720e-01,-3.155866861343383789e-01,-9.243400573730468750e+00,3.341828203201293945e+01
-1.086694225668907166e-01,-3.154524564743041992e-01,-9.245135307312011719e+00,3.342327499389648438e+01
-1.087176352739334106e-01,-3.152828514575958252e-01,-9.246930122375488281e+00,3.342852592468261719e+01
-1.086285561323165894e-01,-3.152861893177032471e-01,-9.248675346374511719e+00,3.343328499794006348e+01
-1.086182072758674622e-01,-3.151898682117462158e-01,-9.250462532043457031e+00,3.343839597702026367e+01
-1.084840968251228333e-01,-3.173201680183410645e-01,-9.251801490783691406e+00,3.344339609146118164e+01
-1.081827729940414429e-01,-3.173234462738037109e-01,-9.253229141235351562e+00,3.344841003417968750e+01
-1.079033985733985901e-01,-3.173604011535644531e-01,-9.254686355590820312e+00,3.345341014862060547e+01
-1.076064035296440125e-01,-3.173725306987762451e-01,-9.256101608276367188e+00,3.345839905738830566e+01
-1.072966530919075012e-01,-3.175123631954193115e-01,-9.257310867309570312e+00,3.346366596221923828e+01
-1.069678962230682373e-01,-3.175987899303436279e-01,-9.258515357971191406e+00,3.346839714050292969e+01
-1.066158190369606018e-01,-3.176930844783782959e-01,-9.259654045104980469e+00,3.347341299057006836e+01
-1.098956242203712463e-01,-3.182962834835052490e-01,-9.261248588562011719e+00,3.347860813140869141e+01
-1.102499812841415405e-01,-3.181355893611907959e-01,-9.262822151184082031e+00,3.348347306251525879e+01
-1.103563755750656128e-01,-3.182028532028198242e-01,-9.264025688171386719e+00,3.348852014541625977e+01
-1.105197072029113770e-01,-3.182311356067657471e-01,-9.265250205993652344e+00,3.349365997314453125e+01
-1.104410514235496521e-01,-3.182474374771118164e-01,-9.266625404357910156e+00,3.349855208396911621e+01
-1.104329377412796021e-01,-3.183318972587585449e-01,-9.267979621887207031e+00,3.350354504585266113e+01
-1.100113689899444580e-01,-3.172071576118469238e-01,-9.271019935607910156e+00,3.350854206085205078e+01
-1.096701100468635559e-01,-3.172158300876617432e-01,-9.272513389587402344e+00,3.351353907585144043e+01
-1.093251183629035950e-01,-3.172926306724548340e-01,-9.274070739746093750e+00,3.351853394508361816e+01
-1.089291572570800781e-01,-3.173723518848419189e-01,-9.275664329528808594e+00,3.352355313301086426e+01
-1.089045628905296326e-01,-3.174076676368713379e-01,-9.277232170104980469e+00,3.352868604660034180e+01
-1.087471172213554382e-01,-3.174687325954437256e-01,-9.278822898864746094e+00,3.353353714942932129e+01
-1.086412593722343445e-01,-3.175247609615325928e-01,-9.280404090881347656e+00,3.353855514526367188e+01
-1.106690317392349243e-01,-3.178010582923889160e-01,-9.281624794006347656e+00,3.354355001449584961e+01
-1.107317805290222168e-01,-3.178350329399108887e-01,-9.283092498779296875e+00,3.354852509498596191e+01
-1.108017489314079285e-01,-3.178360760211944580e-01,-9.284551620483398438e+00,3.355353212356567383e+01
-1.108689233660697937e-01,-3.178298175334930420e-01,-9.285976409912109375e+00,3.355865907669067383e+01
-1.109037995338439941e-01,-3.178193271160125732e-01,-9.287240028381347656e+00,3.356366705894470215e+01
-1.109432429075241089e-01,-3.178246319293975830e-01,-9.288521766662597656e+00,3.356884407997131348e+01
-1.105621978640556335e-01,-3.187364339828491211e-01,-9.289790153503417969e+00,3.357371902465820312e+01
-1.109012514352798462e-01,-3.189871907234191895e-01,-9.291450500488281250e+00,3.357865810394287109e+01
-1.110770553350448608e-01,-3.191500008106231689e-01,-9.292827606201171875e+00,3.358365106582641602e+01
-1.113003268837928772e-01,-3.193469047546386719e-01,-9.294219970703125000e+00,3.358866500854492188e+01
-1.113631278276443481e-01,-3.195192813873291016e-01,-9.295800209045410156e+00,3.359380912780761719e+01
-1.114984154701232910e-01,-3.196773827075958252e-01,-9.297376632690429688e+00,3.359866714477539062e+01
-1.116142347455024719e-01,-3.198452293872833252e-01,-9.299005508422851562e+00,3.360367512702941895e+01
-1.110965311527252197e-01,-3.176374137401580811e-01,-9.299986839294433594e+00,3.360867094993591309e+01
-1.109732240438461304e-01,-3.176054954528808594e-01,-9.301609039306640625e+00,3.361367607116699219e+01
-1.107761263847351074e-01,-3.175103068351745605e-01,-9.303238868713378906e+00,3.361869502067565918e+01
-1.108514145016670227e-01,-3.175258636474609375e-01,-9.304797172546386719e+00,3.362370204925537109e+01
-1.108294948935508728e-01,-3.174986541271209717e-01,-9.306367874145507812e+00,3.362899804115295410e+01
-1.108262985944747925e-01,-3.174569308757781982e-01,-9.307911872863769531e+00,3.363380503654479980e+01
-1.106856465339660645e-01,-3.175013363361358643e-01,-9.309402465820312500e+00,3.363906693458557129e+01
-1.117760017514228821e-01,-3.195751011371612549e-01,-9.310675621032714844e+00,3.364383697509765625e+01
-1.117528453469276428e-01,-3.197685182094573975e-01,-9.312106132507324219e+00,3.364884710311889648e+01
-1.117014884948730469e-01,-3.199996054172515869e-01,-9.313502311706542969e+00,3.365378403663635254e+01
-1.116905957460403442e-01,-3.201300799846649170e-01,-9.314846038818359375e+00,3.365885615348815918e+01
-1.116485372185707092e-01,-3.203415572643280029e-01,-9.316190719604492188e+00,3.366377210617065430e+01
-1.115977019071578979e-01,-3.205689489841461182e-01,-9.317501068115234375e+00,3.366886401176452637e+01
-1.112927943468093872e-01,-3.185495138168334961e-01,-9.318945884704589844e+00,3.367381000518798828e+01
-1.112703084945678711e-01,-3.185497522354125977e-01,-9.320327758789062500e+00,3.367883992195129395e+01
-1.112470626831054688e-01,-3.185240924358367920e-01,-9.321702003479003906e+00,3.368370294570922852e+01
-1.115583702921867371e-01,-3.182823359966278076e-01,-9.323246002197265625e+00,3.368883109092712402e+01
-1.117618009448051453e-01,-3.181535899639129639e-01,-9.324721336364746094e+00,3.369392609596252441e+01
-1.120325848460197449e-01,-3.180058598518371582e-01,-9.326231002807617188e+00,3.369902110099792480e+01
-1.121581196784973145e-01,-3.179525136947631836e-01,-9.327849388122558594e+00,3.370381498336791992e+01
-1.128552332520484924e-01,-3.194023370742797852e-01,-9.329473495483398438e+00,3.370898699760437012e+01
-1.129909828305244446e-01,-3.195154964923858643e-01,-9.331173896789550781e+00,3.371388912200927734e+01
-1.130636408925056458e-01,-3.194289803504943848e-01,-9.332762718200683594e+00,3.371888494491577148e+01
-1.131504625082015991e-01,-3.194005787372589111e-01,-9.334411621093750000e+00,3.372389006614685059e+01
-1.132354736328125000e-01,-3.193436861038208008e-01,-9.336054801940917969e+00,3.372905993461608887e+01
-1.133023425936698914e-01,-3.192302286624908447e-01,-9.337728500366210938e+00,3.373387908935546875e+01
-1.130249947309494019e-01,-3.193522989749908447e-01,-9.339435577392578125e+00,3.373902606964111328e+01
-1.123795881867408752e-01,-3.192610144615173340e-01,-9.339940071105957031e+00,3.374394392967224121e+01
-1.120348423719406128e-01,-3.193520605564117432e-01,-9.341674804687500000e+00,3.374884605407714844e+01
-1.119722947478294373e-01,-3.194865882396697998e-01,-9.343101501464843750e+00,3.375388002395629883e+01
-1.116731315851211548e-01,-3.195875883102416992e-01,-9.344656944274902344e+00,3.375887894630432129e+01
-1.113681271672248840e-01,-3.197124600410461426e-01,-9.346178054809570312e+00,3.376405310630798340e+01
-1.112121865153312683e-01,-3.198589682579040527e-01,-9.347637176513671875e+00,3.376902294158935547e+01
-1.136674657464027405e-01,-3.203779757022857666e-01,-9.349314689636230469e+00,3.377406907081604004e+01
-1.137723997235298157e-01,-3.206245303153991699e-01,-9.350694656372070312e+00,3.377909493446350098e+01
-1.135657355189323425e-01,-3.206334114074707031e-01,-9.351978302001953125e+00,3.378405213356018066e+01
-1.135103255510330200e-01,-3.207854926586151123e-01,-9.353251457214355469e+00,3.378905510902404785e+01
-1.134238317608833313e-01,-3.209207952022552490e-01,-9.354475021362304688e+00,3.379430198669433594e+01
-1.134835407137870789e-01,-3.209711313247680664e-01,-9.355851173400878906e+00,3.379910206794738770e+01
-1.134898662567138672e-01,-3.210651278495788574e-01,-9.357141494750976562e+00,3.380405902862548828e+01
-1.144755035638809204e-01,-3.197097182273864746e-01,-9.359001159667968750e+00,3.380905508995056152e+01
-1.142953559756278992e-01,-3.197892904281616211e-01,-9.360621452331542969e+00,3.381443214416503906e+01
-1.142399087548255920e-01,-3.198193013668060303e-01,-9.362174034118652344e+00,3.381947898864746094e+01
-1.141874864697456360e-01,-3.197804093360900879e-01,-9.363850593566894531e+00,3.382417798042297363e+01
-1.140968352556228638e-01,-3.197300434112548828e-01,-9.365565299987792969e+00,3.382924795150756836e+01
-1.142819523811340332e-01,-3.196608722209930420e-01,-9.366916656494140625e+00,3.383418512344360352e+01
-1.143239066004753113e-01,-3.196577131748199463e-01,-9.368428230285644531e+00,3.383923101425170898e+01
-1.151204630732536316e-01,-3.195115923881530762e-01,-9.368687629699707031e+00,3.384415411949157715e+01
-1.155821755528450012e-01,-3.196527063846588135e-01,-9.370009422302246094e+00,3.384915208816528320e+01
-1.159757599234580994e-01,-3.196367621421813965e-01,-9.371334075927734375e+00,3.385415792465209961e+01
-1.164370626211166382e-01,-3.196357488632202148e-01,-9.372638702392578125e+00,3.385923409461975098e+01
-1.167912781238555908e-01,-3.196251690387725830e-01,-9.374278068542480469e+00,3.386419606208801270e+01
-1.172356605529785156e-01,-3.195663094520568848e-01,-9.375832557678222656e+00,3.386913394927978516e+01
-1.162655353546142578e-01,-3.204557299613952637e-01,-9.378202438354492188e+00,3.387417912483215332e+01
-1.160831674933433533e-01,-3.205670118331909180e-01,-9.379789352416992188e+00,3.387920904159545898e+01
-1.160819381475448608e-01,-3.206185698509216309e-01,-9.381562232971191406e+00,3.388419413566589355e+01
-1.160033717751502991e-01,-3.206698298454284668e-01,-9.383365631103515625e+00,3.388920497894287109e+01
-1.161483302712440491e-01,-3.205438554286956787e-01,-9.384944915771484375e+00,3.389433002471923828e+01
-1.161581426858901978e-01,-3.204932510852813721e-01,-9.386573791503906250e+00,3.389931797981262207e+01
-1.161727532744407654e-01,-3.204141557216644287e-01,-9.388161659240722656e+00,3.390432906150817871e+01
-1.164450123906135559e-01,-3.197881579399108887e-01,-9.387814521789550781e+00,3.390930414199829102e+01
-1.163369268178939819e-01,-3.200451433658599854e-01,-9.389187812805175781e+00,3.391431713104248047e+01
-1.162786781787872314e-01,-3.200431466102600098e-01,-9.390448570251464844e+00,3.391931796073913574e+01
-1.161886751651763916e-01,-3.200750946998596191e-01,-9.391649246215820312e+00,3.392433094978332520e+01
-1.162440404295921326e-01,-3.201637566089630127e-01,-9.393006324768066406e+00,3.392944812774658203e+01
-1.162648797035217285e-01,-3.202202618122100830e-01,-9.394309043884277344e+00,3.393432211875915527e+01
-1.168043836951255798e-01,-3.200945854187011719e-01,-9.396785736083984375e+00,3.393931603431701660e+01
-1.164424791932106018e-01,-3.201431632041931152e-01,-9.398372650146484375e+00,3.394426608085632324e+01
-1.162764281034469604e-01,-3.201469480991363525e-01,-9.399974822998046875e+00,3.394933509826660156e+01
-1.160629987716674805e-01,-3.201663792133331299e-01,-9.401634216308593750e+00,3.395432901382446289e+01
-1.161627620458602905e-01,-3.201344609260559082e-01,-9.403200149536132812e+00,3.395951294898986816e+01
-1.161508485674858093e-01,-3.201399147510528564e-01,-9.404816627502441406e+00,3.396430301666259766e+01
-1.161970645189285278e-01,-3.201371133327484131e-01,-9.406441688537597656e+00,3.396924400329589844e+01
-1.163322702050209045e-01,-3.206247091293334961e-01,-9.407686233520507812e+00,3.397428107261657715e+01
-1.162389889359474182e-01,-3.206318020820617676e-01,-9.409155845642089844e+00,3.397950196266174316e+01
-1.161751002073287964e-01,-3.206937611103057861e-01,-9.410581588745117188e+00,3.398431515693664551e+01
-1.161182969808578491e-01,-3.207170367240905762e-01,-9.411962509155273438e+00,3.398948407173156738e+01
-1.161342635750770569e-01,-3.208578526973724365e-01,-9.413745880126953125e+00,3.399443793296813965e+01
-1.161428540945053101e-01,-3.209425210952758789e-01,-9.415394783020019531e+00,3.399946713447570801e+01
-1.161853149533271790e-01,-3.211355805397033691e-01,-9.417098999023437500e+00,3.400441098213195801e+01
-1.165307685732841492e-01,-3.199452757835388184e-01,-9.418117523193359375e+00,3.400941109657287598e+01
-1.163470521569252014e-01,-3.197129666805267334e-01,-9.419658660888671875e+00,3.401441311836242676e+01
-1.161490157246589661e-01,-3.194858133792877197e-01,-9.421236991882324219e+00,3.401945805549621582e+01
-1.162078827619552612e-01,-3.195415139198303223e-01,-9.422526359558105469e+00,3.402441406250000000e+01
-1.161002591252326965e-01,-3.194303214550018311e-01,-9.423942565917968750e+00,3.402967715263366699e+01
-1.160145998001098633e-01,-3.193292617797851562e-01,-9.425336837768554688e+00,3.403431797027587891e+01
-1.178354993462562561e-01,-3.214618563652038574e-01,-9.428793907165527344e+00,3.403958892822265625e+01
-1.179516389966011047e-01,-3.215351104736328125e-01,-9.430402755737304688e+00,3.404453706741333008e+01
-1.180833503603935242e-01,-3.216205239295959473e-01,-9.432007789611816406e+00,3.404946994781494141e+01
-1.180552989244461060e-01,-3.217448592185974121e-01,-9.433493614196777344e+00,3.405442905426025391e+01
-1.181023120880126953e-01,-3.218894302845001221e-01,-9.435045242309570312e+00,3.405968594551086426e+01
-1.181311979889869690e-01,-3.220872282981872559e-01,-9.436580657958984375e+00,3.406438803672790527e+01
-1.182152032852172852e-01,-3.221313953399658203e-01,-9.438055038452148438e+00,3.406951212882995605e+01
-1.184636130928993225e-01,-3.215845823287963867e-01,-9.439534187316894531e+00,3.407452797889709473e+01
-1.185342669486999512e-01,-3.214595615863800049e-01,-9.440898895263671875e+00,3.407956099510192871e+01
-1.186075285077095032e-01,-3.212858736515045166e-01,-9.442259788513183594e+00,3.408453798294067383e+01
-1.196490675210952759e-01,-3.215573132038116455e-01,-9.444336891174316406e+00,3.408955597877502441e+01
-1.202747747302055359e-01,-3.216033577919006348e-01,-9.446013450622558594e+00,3.409474992752075195e+01
-1.210361719131469727e-01,-3.216901123523712158e-01,-9.447738647460937500e+00,3.409993696212768555e+01
-1.210598796606063843e-01,-3.216624855995178223e-01,-9.449339866638183594e+00,3.410463714599609375e+01
-1.194193884730339050e-01,-3.211041390895843506e-01,-9.450439453125000000e+00,3.410967493057250977e+01
-1.191680580377578735e-01,-3.208433985710144043e-01,-9.452095031738281250e+00,3.411468601226806641e+01
-1.192576289176940918e-01,-3.210738897323608398e-01,-9.453457832336425781e+00,3.411974501609802246e+01
-1.190610006451606750e-01,-3.210494220256805420e-01,-9.454978942871093750e+00,3.412471914291381836e+01
-1.188119500875473022e-01,-3.210560679435729980e-01,-9.456459045410156250e+00,3.412985706329345703e+01
-1.185783892869949341e-01,-3.207342624664306641e-01,-9.457684516906738281e+00,3.413463497161865234e+01
-1.198505833745002747e-01,-3.216754496097564697e-01,-9.460101127624511719e+00,3.413974595069885254e+01
-1.197563633322715759e-01,-3.214812278747558594e-01,-9.461298942565917969e+00,3.414463806152343750e+01
-1.201710402965545654e-01,-3.216135501861572266e-01,-9.463029861450195312e+00,3.414971113204956055e+01
-1.203552484512329102e-01,-3.215639591217041016e-01,-9.464447975158691406e+00,3.415471005439758301e+01
-1.206109672784805298e-01,-3.215323984622955322e-01,-9.465908050537109375e+00,3.415992093086242676e+01
-1.209418401122093201e-01,-3.215396106243133545e-01,-9.467387199401855469e+00,3.416474914550781250e+01
-1.210169568657875061e-01,-3.214272558689117432e-01,-9.469044685363769531e+00,3.416967296600341797e+01
-1.189513057470321655e-01,-3.220003545284271240e-01,-9.469124794006347656e+00,3.417479515075683594e+01
-1.188717335462570190e-01,-3.219924271106719971e-01,-9.470631599426269531e+00,3.418011093139648438e+01
-1.186641380190849304e-01,-3.219654560089111328e-01,-9.472213745117187500e+00,3.418480300903320312e+01
-1.184784621000289917e-01,-3.219174444675445557e-01,-9.473779678344726562e+00,3.418981814384460449e+01
-1.182856410741806030e-01,-3.218811452388763428e-01,-9.475399971008300781e+00,3.419512295722961426e+01
-1.181959882378578186e-01,-3.218622803688049316e-01,-9.477060317993164062e+00,3.419988608360290527e+01
-1.180840209126472473e-01,-3.218494951725006104e-01,-9.478767395019531250e+00,3.420481896400451660e+01
-1.213607564568519592e-01,-3.216265738010406494e-01,-9.481281280517578125e+00,3.420989012718200684e+01
-1.216423809528350830e-01,-3.215153813362121582e-01,-9.482686042785644531e+00,3.421477913856506348e+01
-1.219048723578453064e-01,-3.213989734649658203e-01,-9.484262466430664062e+00,3.422006106376647949e+01
-1.222066730260848999e-01,-3.212681412696838379e-01,-9.485812187194824219e+00,3.422479295730590820e+01
-1.221756488084793091e-01,-3.211978673934936523e-01,-9.487271308898925781e+00,3.422992110252380371e+01
-1.222478151321411133e-01,-3.210961222648620605e-01,-9.488705635070800781e+00,3.423488211631774902e+01
-1.221967786550521851e-01,-3.234317004680633545e-01,-9.491313934326171875e+00,3.423994994163513184e+01
-1.224830076098442078e-01,-3.234842121601104736e-01,-9.492855072021484375e+00,3.424501013755798340e+01
-1.225672587752342224e-01,-3.235751688480377197e-01,-9.494290351867675781e+00,3.424993896484375000e+01
-1.226866617798805237e-01,-3.236561417579650879e-01,-9.495723724365234375e+00,3.425488901138305664e+01
-1.228321120142936707e-01,-3.237517476081848145e-01,-9.497143745422363281e+00,3.426006293296813965e+01
-1.227880790829658508e-01,-3.237999379634857178e-01,-9.498583793640136719e+00,3.426505398750305176e+01
-1.228368878364562988e-01,-3.238891959190368652e-01,-9.499962806701660156e+00,3.426991105079650879e+01
-1.231155619025230408e-01,-3.239417672157287598e-01,-9.501657485961914062e+00,3.427499103546142578e+01
-1.232511848211288452e-01,-3.239170610904693604e-01,-9.503198623657226562e+00,3.427994203567504883e+01
-1.233221292495727539e-01,-3.239670395851135254e-01,-9.504708290100097656e+00,3.428491711616516113e+01
-1.233865171670913696e-01,-3.239760994911193848e-01,-9.506237030029296875e+00,3.428993105888366699e+01
-1.234210580587387085e-01,-3.240610659122467041e-01,-9.507879257202148438e+00,3.429522013664245605e+01
-1.234702840447425842e-01,-3.241344690322875977e-01,-9.509517669677734375e+00,3.430026102066040039e+01
-1.235071197152137756e-01,-3.242036402225494385e-01,-9.511191368103027344e+00,3.430492210388183594e+01
-1.234973594546318054e-01,-3.233729302883148193e-01,-9.511548995971679688e+00,3.431002306938171387e+01
-1.234954223036766052e-01,-3.234689831733703613e-01,-9.513114929199218750e+00,3.431509709358215332e+01
-1.234942823648452759e-01,-3.235920667648315430e-01,-9.514696121215820312e+00,3.432006406784057617e+01
-1.235269755125045776e-01,-3.238718211650848389e-01,-9.516227722167968750e+00,3.432500696182250977e+01
-1.235284954309463501e-01,-3.240636885166168213e-01,-9.517789840698242188e+00,3.433019495010375977e+01
-1.235308796167373657e-01,-3.242839872837066650e-01,-9.519363403320312500e+00,3.433509612083435059e+01
-1.231151670217514038e-01,-3.231301009654998779e-01,-9.520840644836425781e+00,3.434006595611572266e+01
-1.231147497892379761e-01,-3.232092857360839844e-01,-9.522374153137207031e+00,3.434503793716430664e+01
-1.231136620044708252e-01,-3.232752084732055664e-01,-9.523960113525390625e+00,3.435006213188171387e+01
-1.231074780225753784e-01,-3.233494758605957031e-01,-9.525539398193359375e+00,3.435509800910949707e+01
-1.230037063360214233e-01,-3.233276903629302979e-01,-9.527053833007812500e+00,3.436032605171203613e+01
-1.229240819811820984e-01,-3.233282566070556641e-01,-9.528571128845214844e+00,3.436514711380004883e+01
-1.228188127279281616e-01,-3.233047723770141602e-01,-9.530065536499023438e+00,3.437003803253173828e+01
-1.229724064469337463e-01,-3.228541910648345947e-01,-9.531788825988769531e+00,3.437525010108947754e+01
-1.228031069040298462e-01,-3.226177096366882324e-01,-9.533208847045898438e+00,3.438019299507141113e+01
-1.226032972335815430e-01,-3.223259150981903076e-01,-9.534606933593750000e+00,3.438515901565551758e+01
-1.222450956702232361e-01,-3.223759829998016357e-01,-9.535759925842285156e+00,3.439032101631164551e+01
-1.219501867890357971e-01,-3.221013844013214111e-01,-9.537076950073242188e+00,3.439527511596679688e+01
-1.216307580471038818e-01,-3.219094574451446533e-01,-9.538340568542480469e+00,3.440022611618041992e+01
-1.215586140751838684e-01,-3.218962252140045166e-01,-9.539648056030273438e+00,3.440514302253723145e+01
-1.245628446340560913e-01,-3.242447376251220703e-01,-9.542424201965332031e+00,3.441040205955505371e+01
-1.248423680663108826e-01,-3.243372738361358643e-01,-9.543820381164550781e+00,3.441526794433593750e+01
-1.247791126370429993e-01,-3.244096636772155762e-01,-9.545523643493652344e+00,3.442044711112976074e+01
-1.248860210180282593e-01,-3.244780898094177246e-01,-9.547038078308105469e+00,3.442517495155334473e+01
-1.249037310481071472e-01,-3.244055807590484619e-01,-9.548568725585937500e+00,3.443032193183898926e+01
-1.248797029256820679e-01,-3.242599964141845703e-01,-9.550139427185058594e+00,3.443524909019470215e+01
-1.254614591598510742e-01,-3.237969577312469482e-01,-9.550378799438476562e+00,3.444032597541809082e+01
-1.257361918687820435e-01,-3.237118721008300781e-01,-9.551633834838867188e+00,3.444532513618469238e+01
-1.260164231061935425e-01,-3.235720098018646240e-01,-9.552880287170410156e+00,3.445034313201904297e+01
-1.261675506830215454e-01,-3.233312070369720459e-01,-9.553840637207031250e+00,3.445530414581298828e+01
-1.264079362154006958e-01,-3.231316208839416504e-01,-9.554940223693847656e+00,3.446046495437622070e+01
-1.266454756259918213e-01,-3.229042291641235352e-01,-9.555995941162109375e+00,3.446543812751770020e+01
-1.269211024045944214e-01,-3.228186964988708496e-01,-9.557148933410644531e+00,3.447035002708435059e+01
-1.266134679317474365e-01,-3.252565264701843262e-01,-9.562447547912597656e+00,3.447529911994934082e+01
-1.268427073955535889e-01,-3.253660202026367188e-01,-9.563889503479003906e+00,3.448036813735961914e+01
-1.267288029193878174e-01,-3.253838419914245605e-01,-9.565582275390625000e+00,3.448530292510986328e+01
-1.267440915107727051e-01,-3.254182934761047363e-01,-9.567187309265136719e+00,3.449035596847534180e+01
-1.267069429159164429e-01,-3.253867626190185547e-01,-9.568842887878417969e+00,3.449560594558715820e+01
-1.268834471702575684e-01,-3.254510164260864258e-01,-9.570486068725585938e+00,3.450035405158996582e+01
-1.269605159759521484e-01,-3.255313932895660400e-01,-9.572168350219726562e+00,3.450532507896423340e+01
-1.268980652093887329e-01,-3.261267840862274170e-01,-9.573486328125000000e+00,3.451045703887939453e+01
-1.270814239978790283e-01,-3.264827430248260498e-01,-9.575155258178710938e+00,3.451546812057495117e+01
-1.272283941507339478e-01,-3.260612487792968750e-01,-9.576508522033691406e+00,3.452046012878417969e+01
-1.273936778306961060e-01,-3.260845243930816650e-01,-9.578004837036132812e+00,3.452545499801635742e+01
-1.275798827409744263e-01,-3.260374367237091064e-01,-9.579480171203613281e+00,3.453045392036437988e+01
-1.275660544633865356e-01,-3.261368274688720703e-01,-9.581045150756835938e+00,3.453536295890808105e+01
-1.276061385869979858e-01,-3.261638283729553223e-01,-9.582570075988769531e+00,3.454044103622436523e+01
-1.250776946544647217e-01,-3.255381882190704346e-01,-9.582734107971191406e+00,3.454536604881286621e+01
-1.246939525008201599e-01,-3.254123330116271973e-01,-9.584297180175781250e+00,3.455042910575866699e+01
-1.242897212505340576e-01,-3.254177570343017578e-01,-9.585842132568359375e+00,3.455550193786621094e+01
-1.238200291991233826e-01,-3.253761827945709229e-01,-9.587408065795898438e+00,3.456076407432556152e+01
-1.235036328434944153e-01,-3.255362808704376221e-01,-9.589077949523925781e+00,3.456539392471313477e+01
-1.230994239449501038e-01,-3.256693482398986816e-01,-9.590757369995117188e+00,3.457048106193542480e+01
-1.248553097248077393e-01,-3.251512646675109863e-01,-9.593519210815429688e+00,3.457558894157409668e+01
-1.246852725744247437e-01,-3.248440027236938477e-01,-9.595078468322753906e+00,3.458049893379211426e+01
-1.245123744010925293e-01,-3.247936367988586426e-01,-9.596760749816894531e+00,3.458546113967895508e+01
-1.243594363331794739e-01,-3.247328698635101318e-01,-9.598427772521972656e+00,3.459075593948364258e+01
-1.242149844765663147e-01,-3.246216773986816406e-01,-9.600078582763671875e+00,3.459557604789733887e+01
-1.240654662251472473e-01,-3.249714970588684082e-01,-9.601592063903808594e+00,3.460049605369567871e+01
-1.239410713315010071e-01,-3.251058161258697510e-01,-9.603122711181640625e+00,3.460552811622619629e+01
-1.236360371112823486e-01,-3.258645534515380859e-01,-9.604185104370117188e+00,3.461063003540039062e+01
-1.238200291991233826e-01,-3.257654905319213867e-01,-9.605738639831542969e+00,3.461544895172119141e+01
-1.238952353596687317e-01,-3.258568346500396729e-01,-9.607200622558593750e+00,3.462059903144836426e+01
-1.240390241146087646e-01,-3.259218335151672363e-01,-9.608657836914062500e+00,3.462543511390686035e+01
-1.241477504372596741e-01,-3.260113894939422607e-01,-9.610197067260742188e+00,3.463074493408203125e+01
-1.243164837360382080e-01,-3.261090815067291260e-01,-9.611696243286132812e+00,3.463948702812194824e+01
-1.245191171765327454e-01,-3.262060880661010742e-01,-9.613216400146484375e+00,3.464073801040649414e+01
-1.248175278306007385e-01,-3.261424899101257324e-01,-9.614984512329101562e+00,3.464567995071411133e+01
-1.250898689031600952e-01,-3.262495100498199463e-01,-9.616675376892089844e+00,3.465073800086975098e+01
-1.253881305456161499e-01,-3.262985944747924805e-01,-9.618392944335937500e+00,3.465565609931945801e+01
-1.255211383104324341e-01,-3.264293670654296875e-01,-9.620003700256347656e+00,3.466089701652526855e+01
-1.257064640522003174e-01,-3.264920711517333984e-01,-9.621674537658691406e+00,3.466565299034118652e+01
-1.258620172739028931e-01,-3.265547752380371094e-01,-9.623355865478515625e+00,3.467073893547058105e+01
-1.246738880872726440e-01,-3.251408636569976807e-01,-9.623783111572265625e+00,3.467565393447875977e+01
-1.247971132397651672e-01,-3.250479400157928467e-01,-9.625457763671875000e+00,3.468073296546936035e+01
-1.249509081244468689e-01,-3.249533176422119141e-01,-9.627161979675292969e+00,3.468568515777587891e+01
-1.251361370086669922e-01,-3.248878717422485352e-01,-9.628895759582519531e+00,3.469077897071838379e+01
-1.247117370367050171e-01,-3.249256014823913574e-01,-9.630388259887695312e+00,3.469599604606628418e+01
-1.245220378041267395e-01,-3.248611390590667725e-01,-9.632000923156738281e+00,3.470074415206909180e+01
-1.242371276021003723e-01,-3.247438669204711914e-01,-9.633633613586425781e+00,3.470570611953735352e+01
-1.256779283285140991e-01,-3.251650035381317139e-01,-9.634993553161621094e+00,3.471081209182739258e+01
-1.257972419261932373e-01,-3.252092003822326660e-01,-9.636668205261230469e+00,3.471581006050109863e+01
-1.258844584226608276e-01,-3.252457082271575928e-01,-9.638324737548828125e+00,3.472081494331359863e+01
-1.267314106225967407e-01,-3.253489136695861816e-01,-9.638708114624023438e+00,3.472582912445068359e+01
-1.270367503166198730e-01,-3.253530859947204590e-01,-9.639950752258300781e+00,3.473076415061950684e+01
-1.273676753044128418e-01,-3.253633081912994385e-01,-9.641173362731933594e+00,3.473578310012817383e+01
-1.277865469455718994e-01,-3.254452943801879883e-01,-9.642828941345214844e+00,3.474083995819091797e+01
-1.241708695888519287e-01,-3.257972002029418945e-01,-9.643319129943847656e+00,3.474581313133239746e+01
-1.242359876632690430e-01,-3.259170353412628174e-01,-9.644800186157226562e+00,3.475082707405090332e+01
-1.241406872868537903e-01,-3.258897066116333008e-01,-9.646426200866699219e+00,3.475582695007324219e+01
-1.241451725363731384e-01,-3.258864581584930420e-01,-9.648077964782714844e+00,3.476106595993041992e+01
-1.241507530212402344e-01,-3.258696794509887695e-01,-9.649790763854980469e+00,3.476638913154602051e+01
-1.241606324911117554e-01,-3.258280158042907715e-01,-9.651596069335937500e+00,3.477079892158508301e+01
-1.240653917193412781e-01,-3.242282867431640625e-01,-9.652110099792480469e+00,3.477596402168273926e+01
-1.240839064121246338e-01,-3.242018818855285645e-01,-9.654017448425292969e+00,3.478083610534667969e+01
-1.241367459297180176e-01,-3.241927325725555420e-01,-9.656038284301757812e+00,3.478578805923461914e+01
-1.244514137506484985e-01,-3.238525092601776123e-01,-9.657436370849609375e+00,3.479087805747985840e+01
-1.246740669012069702e-01,-3.237108886241912842e-01,-9.659222602844238281e+00,3.479597902297973633e+01
-1.249392554163932800e-01,-3.235077261924743652e-01,-9.661005973815917969e+00,3.480094194412231445e+01
-1.250393241643905640e-01,-3.235752880573272705e-01,-9.662665367126464844e+00,3.480599808692932129e+01
-1.249360963702201843e-01,-3.262481987476348877e-01,-9.662835121154785156e+00,3.481100606918334961e+01
-1.250487715005874634e-01,-3.265458345413208008e-01,-9.664087295532226562e+00,3.481600213050842285e+01
-1.248320788145065308e-01,-3.265353739261627197e-01,-9.665414810180664062e+00,3.482106113433837891e+01
-1.247261539101600647e-01,-3.267312347888946533e-01,-9.666642189025878906e+00,3.482640695571899414e+01
-1.245569586753845215e-01,-3.269248902797698975e-01,-9.667829513549804688e+00,3.483110904693603516e+01
-1.244577988982200623e-01,-3.270201981067657471e-01,-9.669122695922851562e+00,3.483599305152893066e+01
-1.242728605866432190e-01,-3.250767588615417480e-01,-9.671695709228515625e+00,3.484103012084960938e+01
-1.242099478840827942e-01,-3.249848186969757080e-01,-9.673056602478027344e+00,3.484663105010986328e+01
-1.247222721576690674e-01,-3.250068128108978271e-01,-9.674665451049804688e+00,3.485111308097839355e+01
-1.250020116567611694e-01,-3.249899744987487793e-01,-9.676209449768066406e+00,3.485636711120605469e+01
-1.253771334886550903e-01,-3.250025212764739990e-01,-9.677806854248046875e+00,3.486119198799133301e+01
-1.258311420679092407e-01,-3.250118494033813477e-01,-9.679446220397949219e+00,3.486633515357971191e+01
-1.256270855665206909e-01,-3.248139023780822754e-01,-9.680842399597167969e+00,3.487100005149841309e+01
-1.223220601677894592e-01,-3.248772621154785156e-01,-9.680433273315429688e+00,3.487634515762329102e+01
-1.218488365411758423e-01,-3.247507214546203613e-01,-9.681761741638183594e+00,3.488105702400207520e+01
-1.218402460217475891e-01,-3.248625397682189941e-01,-9.683270454406738281e+00,3.488632798194885254e+01
-1.215672120451927185e-01,-3.248570859432220459e-01,-9.684695243835449219e+00,3.489106011390686035e+01
-1.213258504867553711e-01,-3.248870372772216797e-01,-9.686149597167968750e+00,3.489693403244018555e+01
-1.211098954081535339e-01,-3.248732388019561768e-01,-9.687633514404296875e+00,3.490114498138427734e+01
-1.246254965662956238e-01,-3.250753581523895264e-01,-9.689005851745605469e+00,3.490646409988403320e+01
-1.247353628277778625e-01,-3.250755071640014648e-01,-9.690520286560058594e+00,3.491131806373596191e+01
-1.246296167373657227e-01,-3.251627683639526367e-01,-9.691775321960449219e+00,3.491641807556152344e+01
-1.246404200792312622e-01,-3.251833021640777588e-01,-9.693169593811035156e+00,3.492125296592712402e+01
-1.246201470494270325e-01,-3.252368867397308350e-01,-9.694511413574218750e+00,3.492680811882019043e+01
-1.246697530150413513e-01,-3.253463804721832275e-01,-9.695784568786621094e+00,3.493124914169311523e+01
-1.246973127126693726e-01,-3.254306018352508545e-01,-9.697056770324707031e+00,3.493652796745300293e+01
-1.251537352800369263e-01,-3.254351019859313965e-01,-9.698723793029785156e+00,3.494116115570068359e+01
-1.252045035362243652e-01,-3.254172503948211670e-01,-9.699949264526367188e+00,3.494656014442443848e+01
-1.244231462478637695e-01,-3.254252672195434570e-01,-9.701478004455566406e+00,3.495111799240112305e+01
-1.240401789546012878e-01,-3.254162669181823730e-01,-9.702858924865722656e+00,3.495653200149536133e+01
-1.235560327768325806e-01,-3.254319131374359131e-01,-9.704276084899902344e+00,3.496145296096801758e+01
-1.234241053462028503e-01,-3.255323171615600586e-01,-9.705840110778808594e+00,3.496696805953979492e+01
-1.231350600719451904e-01,-3.256190419197082520e-01,-9.707399368286132812e+00,3.497125315666198730e+01
-1.260647177696228027e-01,-3.249104917049407959e-01,-9.710062026977539062e+00,3.497648501396179199e+01
-1.259269863367080688e-01,-3.248656690120697021e-01,-9.711430549621582031e+00,3.498131012916564941e+01
-1.259251236915588379e-01,-3.247822523117065430e-01,-9.713028907775878906e+00,3.498707914352416992e+01
-1.259210854768753052e-01,-3.247297406196594238e-01,-9.714607238769531250e+00,3.499142599105834961e+01
-1.261043399572372437e-01,-3.247216045856475830e-01,-9.716063499450683594e+00,3.499685192108154297e+01
-1.262380778789520264e-01,-3.246955275535583496e-01,-9.717521667480468750e+00,3.500131106376647949e+01
-1.250355690717697144e-01,-3.251234292984008789e-01,-9.717523574829101562e+00,3.500660896301269531e+01
-1.251539587974548340e-01,-3.253101110458374023e-01,-9.718794822692871094e+00,3.501132512092590332e+01
-1.253181546926498413e-01,-3.253592848777770996e-01,-9.720006942749023438e+00,3.501667809486389160e+01
-1.255257427692413330e-01,-3.253968358039855957e-01,-9.721170425415039062e+00,3.502123093605041504e+01
-1.255768984556198120e-01,-3.253162503242492676e-01,-9.722458839416503906e+00,3.502669215202331543e+01
-1.256827265024185181e-01,-3.252848982810974121e-01,-9.723668098449707031e+00,3.503149008750915527e+01
-1.257472783327102661e-01,-3.252727687358856201e-01,-9.724843978881835938e+00,3.503761196136474609e+01
-1.256642639636993408e-01,-3.255525231361389160e-01,-9.727922439575195312e+00,3.504146504402160645e+01
-1.255713254213333130e-01,-3.257409632205963135e-01,-9.729408264160156250e+00,3.504660701751708984e+01
-1.254576295614242554e-01,-3.258135914802551270e-01,-9.730814933776855469e+00,3.505150294303894043e+01
-1.253241151571273804e-01,-3.259268403053283691e-01,-9.732244491577148438e+00,3.505672192573547363e+01
-1.252400279045104980e-01,-3.259604871273040771e-01,-9.733841896057128906e+00,3.506157207489013672e+01
-1.251051872968673706e-01,-3.260176479816436768e-01,-9.735424041748046875e+00,3.506671094894409180e+01
-1.249476969242095947e-01,-3.260566592216491699e-01,-9.737051010131835938e+00,3.507144713401794434e+01
-1.258837431669235229e-01,-3.256227672100067139e-01,-9.738334655761718750e+00,3.507649707794189453e+01
-1.259230673313140869e-01,-3.256671726703643799e-01,-9.740113258361816406e+00,3.508140110969543457e+01
-1.259865760803222656e-01,-3.257198631763458252e-01,-9.741970062255859375e+00,3.508657693862915039e+01
-1.259700208902359009e-01,-3.257351815700531006e-01,-9.743652343750000000e+00,3.509149408340454102e+01
-1.260048300027847290e-01,-3.257306516170501709e-01,-9.745416641235351562e+00,3.509688305854797363e+01
-1.260400265455245972e-01,-3.257128298282623291e-01,-9.747161865234375000e+00,3.510143303871154785e+01
-1.267658621072769165e-01,-3.259648978710174561e-01,-9.748799324035644531e+00,3.510657501220703125e+01
-1.269883364439010620e-01,-3.261804580688476562e-01,-9.750545501708984375e+00,3.511147308349609375e+01
-1.272610723972320557e-01,-3.263959586620330811e-01,-9.752287864685058594e+00,3.511674904823303223e+01
-1.275118291378021240e-01,-3.266538381576538086e-01,-9.753966331481933594e+00,3.512156915664672852e+01
-1.276172846555709839e-01,-3.267358243465423584e-01,-9.755555152893066406e+00,3.512682008743286133e+01
-1.278058290481567383e-01,-3.269385099411010742e-01,-9.757174491882324219e+00,3.513151311874389648e+01
-1.280093938112258911e-01,-3.270883560180664062e-01,-9.758804321289062500e+00,3.513677406311035156e+01
-1.271256804466247559e-01,-3.261975049972534180e-01,-9.758988380432128906e+00,3.514143300056457520e+01
-1.271562129259109497e-01,-3.264472186565399170e-01,-9.760513305664062500e+00,3.514664196968078613e+01
-1.271820515394210815e-01,-3.267230093479156494e-01,-9.762044906616210938e+00,3.515155601501464844e+01
-1.272263824939727783e-01,-3.267479240894317627e-01,-9.763505935668945312e+00,3.515682196617126465e+01
-1.272709369659423828e-01,-3.269023001194000244e-01,-9.765031814575195312e+00,3.516180396080017090e+01
-1.273168176412582397e-01,-3.270328938961029053e-01,-9.766567230224609375e+00,3.516673398017883301e+01
-1.274136304855346680e-01,-3.272130191326141357e-01,-9.768141746520996094e+00,3.517149996757507324e+01
-1.271041780710220337e-01,-3.251590728759765625e-01,-9.768641471862792969e+00,3.517656397819519043e+01
-1.271607577800750732e-01,-3.252064287662506104e-01,-9.770076751708984375e+00,3.518164396286010742e+01
-1.272706091403961182e-01,-3.253291547298431396e-01,-9.771657943725585938e+00,3.518681097030639648e+01
-1.273840516805648804e-01,-3.254135251045227051e-01,-9.773185729980468750e+00,3.519168114662170410e+01
-1.275166571140289307e-01,-3.255250155925750732e-01,-9.774724006652832031e+00,3.519733095169067383e+01
-1.276955604553222656e-01,-3.255511224269866943e-01,-9.776205062866210938e+00,3.520194411277770996e+01
-1.286183744668960571e-01,-3.253155350685119629e-01,-9.778468132019042969e+00,3.520679211616516113e+01
-1.289224326610565186e-01,-3.253031671047210693e-01,-9.780114173889160156e+00,3.521168494224548340e+01
-1.292697489261627197e-01,-3.252332806587219238e-01,-9.781779289245605469e+00,3.521691513061523438e+01
-1.291358321905136108e-01,-3.253084123134613037e-01,-9.783137321472167969e+00,3.522173905372619629e+01
-1.292306631803512573e-01,-3.252840638160705566e-01,-9.784622192382812500e+00,3.522685194015502930e+01
-1.292975097894668579e-01,-3.252912461757659912e-01,-9.786091804504394531e+00,3.523185706138610840e+01
-1.294033080339431763e-01,-3.252746462821960449e-01,-9.787509918212890625e+00,3.523682808876037598e+01
-1.290809214115142822e-01,-3.249877393245697021e-01,-9.788612365722656250e+00,3.524170804023742676e+01
-1.290583610534667969e-01,-3.248398005962371826e-01,-9.789896011352539062e+00,3.524684095382690430e+01
-1.290260553359985352e-01,-3.249109983444213867e-01,-9.791588783264160156e+00,3.525182914733886719e+01
-1.289680600166320801e-01,-3.248876035213470459e-01,-9.793071746826171875e+00,3.525689792633056641e+01
-1.288952678442001343e-01,-3.248879015445709229e-01,-9.794581413269042969e+00,3.526193094253540039e+01
-1.287577748298645020e-01,-3.248299956321716309e-01,-9.796116828918457031e+00,3.526682209968566895e+01
-1.286029815673828125e-01,-3.247599899768829346e-01,-9.797695159912109375e+00,3.527175807952880859e+01
-1.282988041639328003e-01,-3.243607878684997559e-01,-9.798887252807617188e+00,3.527681994438171387e+01
-1.283282786607742310e-01,-3.243032991886138916e-01,-9.800244331359863281e+00,3.528181695938110352e+01
-1.282381415367126465e-01,-3.242150545120239258e-01,-9.801697731018066406e+00,3.528698015213012695e+01
-1.281692236661911011e-01,-3.240971863269805908e-01,-9.803133010864257812e+00,3.529180908203125000e+01
-1.281243413686752319e-01,-3.239358365535736084e-01,-9.804585456848144531e+00,3.529682993888854980e+01
-1.278416067361831665e-01,-3.238372504711151123e-01,-9.805878639221191406e+00,3.530180096626281738e+01
-1.286572813987731934e-01,-3.246682286262512207e-01,-9.809774398803710938e+00,3.530669903755187988e+01
-1.284392774105072021e-01,-3.245308399200439453e-01,-9.811335563659667969e+00,3.531203603744506836e+01
-1.288107931613922119e-01,-3.247147202491760254e-01,-9.813022613525390625e+00,3.531710004806518555e+01
-1.289134174585342407e-01,-3.246906697750091553e-01,-9.814634323120117188e+00,3.532200694084167480e+01
-1.290855407714843750e-01,-3.246884942054748535e-01,-9.816226959228515625e+00,3.532725811004638672e+01
-1.289975643157958984e-01,-3.245140016078948975e-01,-9.817650794982910156e+00,3.533182597160339355e+01
-1.290249377489089966e-01,-3.244214653968811035e-01,-9.819087028503417969e+00,3.533697414398193359e+01
-1.302306652069091797e-01,-3.250412344932556152e-01,-9.819636344909667969e+00,3.534199094772338867e+01
-1.305857300758361816e-01,-3.252436220645904541e-01,-9.821226119995117188e+00,3.534698009490966797e+01
-1.307980716228485107e-01,-3.253653347492218018e-01,-9.822675704956054688e+00,3.535193395614624023e+01
-1.310488879680633545e-01,-3.255318403244018555e-01,-9.824130058288574219e+00,3.535694098472595215e+01
-1.309875398874282837e-01,-3.257688581943511963e-01,-9.825624465942382812e+00,3.536211109161376953e+01
-1.310210376977920532e-01,-3.260072469711303711e-01,-9.827141761779785156e+00,3.536709308624267578e+01
-1.309995353221893311e-01,-3.262821137905120850e-01,-9.828676223754882812e+00,3.537198400497436523e+01
-1.304182708263397217e-01,-3.253797292709350586e-01,-9.829883575439453125e+00,3.537708497047424316e+01
-1.305764913558959961e-01,-3.253774344921112061e-01,-9.831427574157714844e+00,3.538200902938842773e+01
-1.304892152547836304e-01,-3.254843652248382568e-01,-9.832997322082519531e+00,3.538724899291992188e+01
-1.304128915071487427e-01,-3.255905807018280029e-01,-9.834579467773437500e+00,3.539198708534240723e+01
-1.302110552787780762e-01,-3.258011639118194580e-01,-9.836045265197753906e+00,3.539726114273071289e+01
-1.300214529037475586e-01,-3.259547948837280273e-01,-9.837549209594726562e+00,3.540211510658264160e+01
-1.305289566516876221e-01,-3.245015740394592285e-01,-9.838899612426757812e+00,3.540716004371643066e+01
-1.309625804424285889e-01,-3.246960341930389404e-01,-9.840456008911132812e+00,3.541212201118469238e+01
-1.311026364564895630e-01,-3.247517645359039307e-01,-9.841944694519042969e+00,3.541708302497863770e+01
-1.313116699457168579e-01,-3.248449862003326416e-01,-9.843408584594726562e+00,3.542211794853210449e+01
-1.314848810434341431e-01,-3.248155117034912109e-01,-9.844794273376464844e+00,3.542747402191162109e+01
-1.317578256130218506e-01,-3.248515129089355469e-01,-9.846221923828125000e+00,3.543709802627563477e+01
-1.320751160383224487e-01,-3.248913586139678955e-01,-9.847631454467773438e+00,3.543796300888061523e+01
-1.330990195274353027e-01,-3.249486088752746582e-01,-9.849917411804199219e+00,3.544212913513183594e+01
-1.330767124891281128e-01,-3.250228166580200195e-01,-9.851352691650390625e+00,3.544730401039123535e+01
-1.329256445169448853e-01,-3.250939249992370605e-01,-9.852707862854003906e+00,3.545260310173034668e+01
-1.331318765878677368e-01,-3.251238763332366943e-01,-9.854011535644531250e+00,3.545718002319335938e+01
-1.331354379653930664e-01,-3.251211941242218018e-01,-9.855291366577148438e+00,3.546236610412597656e+01
-1.331690400838851929e-01,-3.251369595527648926e-01,-9.856556892395019531e+00,3.546718907356262207e+01
-1.332441270351409912e-01,-3.251637518405914307e-01,-9.857800483703613281e+00,3.547207999229431152e+01
-1.333391666412353516e-01,-3.247629702091217041e-01,-9.861131668090820312e+00,3.547726106643676758e+01
-1.332319378852844238e-01,-3.245059847831726074e-01,-9.862745285034179688e+00,3.548221802711486816e+01
-1.330839991569519043e-01,-3.242226243019104004e-01,-9.864378929138183594e+00,3.548725509643554688e+01
-1.332557201385498047e-01,-3.242284357547760010e-01,-9.866097450256347656e+00,3.549221992492675781e+01
-1.332538723945617676e-01,-3.240713477134704590e-01,-9.867830276489257812e+00,3.549740695953369141e+01
-1.332732588052749634e-01,-3.239201307296752930e-01,-9.869619369506835938e+00,3.550221610069274902e+01
-1.345187276601791382e-01,-3.253325521945953369e-01,-9.870813369750976562e+00,3.550719213485717773e+01
-1.350340843200683594e-01,-3.253516852855682373e-01,-9.872599601745605469e+00,3.551208209991455078e+01
-1.356796622276306152e-01,-3.254116475582122803e-01,-9.874437332153320312e+00,3.551746392250061035e+01
-1.358095407485961914e-01,-3.254117965698242188e-01,-9.876057624816894531e+00,3.552235913276672363e+01
-1.361570358276367188e-01,-3.254142999649047852e-01,-9.877781867980957031e+00,3.552756810188293457e+01
-1.364451497793197632e-01,-3.254062235355377197e-01,-9.879472732543945312e+00,3.553236794471740723e+01
-1.365236937999725342e-01,-3.255736529827117920e-01,-9.880976676940917969e+00,3.553730106353759766e+01
-1.369562149047851562e-01,-3.264503180980682373e-01,-9.883122444152832031e+00,3.554218602180480957e+01
-1.369860619306564331e-01,-3.266166448593139648e-01,-9.884767532348632812e+00,3.554747295379638672e+01
-1.369609385728836060e-01,-3.268427550792694092e-01,-9.886369705200195312e+00,3.555230093002319336e+01
-1.372654885053634644e-01,-3.269136250019073486e-01,-9.888362884521484375e+00,3.555739402770996094e+01
-1.372703462839126587e-01,-3.270339369773864746e-01,-9.890111923217773438e+00,3.556254100799560547e+01
-1.372017413377761841e-01,-3.271300494670867920e-01,-9.891842842102050781e+00,3.556766510009765625e+01
-1.366431713104248047e-01,-3.262919485569000244e-01,-9.890678405761718750e+00,3.557227301597595215e+01
-1.370329260826110840e-01,-3.264550268650054932e-01,-9.891836166381835938e+00,3.557739210128784180e+01
-1.375029683113098145e-01,-3.266058862209320068e-01,-9.892952919006347656e+00,3.558233809471130371e+01
-1.377765387296676636e-01,-3.263731300830841064e-01,-9.893883705139160156e+00,3.558747506141662598e+01
-1.382534503936767578e-01,-3.263442218303680420e-01,-9.894771575927734375e+00,3.559236502647399902e+01
-1.387683004140853882e-01,-3.262893557548522949e-01,-9.895568847656250000e+00,3.559763407707214355e+01
-1.391582340002059937e-01,-3.264507353305816650e-01,-9.896851539611816406e+00,3.560238504409790039e+01
-1.368210613727569580e-01,-3.272456824779510498e-01,-9.900531768798828125e+00,3.560751295089721680e+01
-1.370344161987304688e-01,-3.274951279163360596e-01,-9.902116775512695312e+00,3.561240196228027344e+01
-1.371427178382873535e-01,-3.276035189628601074e-01,-9.904012680053710938e+00,3.561740207672119141e+01
-1.372806727886199951e-01,-3.276403248310089111e-01,-9.905927658081054688e+00,3.562240004539489746e+01
-1.373980045318603516e-01,-3.276543617248535156e-01,-9.907943725585937500e+00,3.562770915031433105e+01
-1.376310288906097412e-01,-3.278551101684570312e-01,-9.909993171691894531e+00,3.563257908821105957e+01
-1.378232389688491821e-01,-3.279754519462585449e-01,-9.912206649780273438e+00,3.563738393783569336e+01
-1.372004598379135132e-01,-3.260518908500671387e-01,-9.911343574523925781e+00,3.564237499237060547e+01
-1.374142318964004517e-01,-3.260969519615173340e-01,-9.913690567016601562e+00,3.564747500419616699e+01
-1.371846199035644531e-01,-3.258295059204101562e-01,-9.914914131164550781e+00,3.565257596969604492e+01
-1.371619105339050293e-01,-3.257501423358917236e-01,-9.916736602783203125e+00,3.565769100189208984e+01
-1.371147930622100830e-01,-3.256561756134033203e-01,-9.918499946594238281e+00,3.566271710395812988e+01
-1.372407823801040649e-01,-3.259799182415008545e-01,-9.919820785522460938e+00,3.566757512092590332e+01
-1.372720450162887573e-01,-3.259409070014953613e-01,-9.921191215515136719e+00,3.567252206802368164e+01
-1.375373899936676025e-01,-3.270467221736907959e-01,-9.921631813049316406e+00,3.567752504348754883e+01
-1.374313980340957642e-01,-3.272676765918731689e-01,-9.923332214355468750e+00,3.568257093429565430e+01
-1.374076008796691895e-01,-3.273527324199676514e-01,-9.924633026123046875e+00,3.568753194808959961e+01
-1.373561471700668335e-01,-3.274702131748199463e-01,-9.925922393798828125e+00,3.569267106056213379e+01
-1.373609006404876709e-01,-3.275572359561920166e-01,-9.927317619323730469e+00,3.569772601127624512e+01
-1.373353004455566406e-01,-3.275552093982696533e-01,-9.928705215454101562e+00,3.570255804061889648e+01
-1.378468722105026245e-01,-3.272155821323394775e-01,-9.930192947387695312e+00,3.570769810676574707e+01
-1.383700668811798096e-01,-3.271952271461486816e-01,-9.931735038757324219e+00,3.571261096000671387e+01
-1.387732923030853271e-01,-3.271507620811462402e-01,-9.933327674865722656e+00,3.571766495704650879e+01
-1.392618417739868164e-01,-3.271470367908477783e-01,-9.934978485107421875e+00,3.572268605232238770e+01
-1.398524492979049683e-01,-3.271425962448120117e-01,-9.936707496643066406e+00,3.572785902023315430e+01
-1.399930864572525024e-01,-3.267903625965118408e-01,-9.938140869140625000e+00,3.573273897171020508e+01
-1.404053866863250732e-01,-3.265701532363891602e-01,-9.939742088317871094e+00,3.573760700225830078e+01
-1.378234177827835083e-01,-3.261942565441131592e-01,-9.940523147583007812e+00,3.574270009994506836e+01
-1.375872641801834106e-01,-3.263812661170959473e-01,-9.942133903503417969e+00,3.574761605262756348e+01
-1.374221295118331909e-01,-3.262566626071929932e-01,-9.943720817565917969e+00,3.575266909599304199e+01
-1.372173577547073364e-01,-3.261596858501434326e-01,-9.945325851440429688e+00,3.575770592689514160e+01
-1.370781660079956055e-01,-3.259344995021820068e-01,-9.946890830993652344e+00,3.576303005218505859e+01
-1.368854045867919922e-01,-3.257875442504882812e-01,-9.948507308959960938e+00,3.576765608787536621e+01
-1.393220871686935425e-01,-3.274031579494476318e-01,-9.951317787170410156e+00,3.577261805534362793e+01
-1.393395811319351196e-01,-3.277394473552703857e-01,-9.952685356140136719e+00,3.577803206443786621e+01
-1.393368244171142578e-01,-3.279427587985992432e-01,-9.954204559326171875e+00,3.578271603584289551e+01
-1.393271088600158691e-01,-3.282103836536407471e-01,-9.955673217773437500e+00,3.578763198852539062e+01
-1.392854899168014526e-01,-3.280497193336486816e-01,-9.956958770751953125e+00,3.579281997680664062e+01
-1.392445266246795654e-01,-3.281498849391937256e-01,-9.958211898803710938e+00,3.579793000221252441e+01
-1.391845941543579102e-01,-3.282192647457122803e-01,-9.959362030029296875e+00,3.580278611183166504e+01
-1.397348046302795410e-01,-3.289927244186401367e-01,-9.961884498596191406e+00,3.580795192718505859e+01
-1.398240029811859131e-01,-3.292174935340881348e-01,-9.963418006896972656e+00,3.581280207633972168e+01
-1.398972123861312866e-01,-3.292910456657409668e-01,-9.964970588684082031e+00,3.581779909133911133e+01
-1.399798095226287842e-01,-3.292903304100036621e-01,-9.966520309448242188e+00,3.582283592224121094e+01
-1.401570290327072144e-01,-3.294121623039245605e-01,-9.968402862548828125e+00,3.582809400558471680e+01
-1.403367370367050171e-01,-3.296029567718505859e-01,-9.970143318176269531e+00,3.583713603019714355e+01
-1.405472308397293091e-01,-3.298409581184387207e-01,-9.971964836120605469e+00,3.583784914016723633e+01
-1.414692103862762451e-01,-3.274437487125396729e-01,-9.972278594970703125e+00,3.584282708168029785e+01
-1.417827755212783813e-01,-3.273939192295074463e-01,-9.974127769470214844e+00,3.584794807434082031e+01
-1.420947760343551636e-01,-3.273253440856933594e-01,-9.976012229919433594e+00,3.585295605659484863e+01
-1.418600231409072876e-01,-3.272725045680999756e-01,-9.977301597595214844e+00,3.585791397094726562e+01
-1.420316100120544434e-01,-3.272155523300170898e-01,-9.979127883911132812e+00,3.586313104629516602e+01
-1.421934813261032104e-01,-3.271167576313018799e-01,-9.980980873107910156e+00,3.586799407005310059e+01
-1.412563920021057129e-01,-3.283655643463134766e-01,-9.981390953063964844e+00,3.587288713455200195e+01
-1.413879096508026123e-01,-3.286327123641967773e-01,-9.982952117919921875e+00,3.587802815437316895e+01
-1.415516436100006104e-01,-3.289209604263305664e-01,-9.984487533569335938e+00,3.588298296928405762e+01
-1.414045244455337524e-01,-3.291022777557373047e-01,-9.985766410827636719e+00,3.588806509971618652e+01
-1.413871794939041138e-01,-3.293322622776031494e-01,-9.987062454223632812e+00,3.589319014549255371e+01
-1.413230895996093750e-01,-3.295736610889434814e-01,-9.988254547119140625e+00,3.589808106422424316e+01
-1.412088274955749512e-01,-3.298814892768859863e-01,-9.989321708679199219e+00,3.590299201011657715e+01
-1.418319642543792725e-01,-3.293055891990661621e-01,-9.992309570312500000e+00,3.590790605545043945e+01
-1.420063674449920654e-01,-3.295660614967346191e-01,-9.993716239929199219e+00,3.591306495666503906e+01
-1.422194838523864746e-01,-3.298692703247070312e-01,-9.995127677917480469e+00,3.591798400878906250e+01
-1.419067680835723877e-01,-3.300807178020477295e-01,-9.996994972229003906e+00,3.592313599586486816e+01
-1.418603509664535522e-01,-3.303281962871551514e-01,-9.998630523681640625e+00,3.592864799499511719e+01
-1.417658925056457520e-01,-3.305860161781311035e-01,-1.000033092498779297e+01,3.593311405181884766e+01
-1.417683660984039307e-01,-3.308250010013580322e-01,-1.000209522247314453e+01,3.593806505203247070e+01
-1.413690447807312012e-01,-3.275303244590759277e-01,-1.000246906280517578e+01,3.594312810897827148e+01
-1.412729471921920776e-01,-3.274774253368377686e-01,-1.000425815582275391e+01,3.594807910919189453e+01
-1.411700546741485596e-01,-3.274885416030883789e-01,-1.000583171844482422e+01,3.595305109024047852e+01
-1.410494893789291382e-01,-3.274278044700622559e-01,-1.000753402709960938e+01,3.595812106132507324e+01
-1.409297734498977661e-01,-3.273749351501464844e-01,-1.000925540924072266e+01,3.596332406997680664e+01
-1.407606750726699829e-01,-3.273828923702239990e-01,-1.001077365875244141e+01,3.596809506416320801e+01
-1.406814604997634888e-01,-3.281502127647399902e-01,-1.001110553741455078e+01,3.597309708595275879e+01
-1.404231935739517212e-01,-3.282657563686370850e-01,-1.001233863830566406e+01,3.597807502746582031e+01
-1.405590176582336426e-01,-3.283990919589996338e-01,-1.001368427276611328e+01,3.598344802856445312e+01
-1.405460089445114136e-01,-3.285183906555175781e-01,-1.001490783691406250e+01,3.598803305625915527e+01
-1.406169533729553223e-01,-3.287158310413360596e-01,-1.001609134674072266e+01,3.599325609207153320e+01
-1.407534927129745483e-01,-3.289448320865631104e-01,-1.001724815368652344e+01,3.599819207191467285e+01
-1.406552046537399292e-01,-3.290777802467346191e-01,-1.001854610443115234e+01,3.600327396392822266e+01
-1.398780345916748047e-01,-3.281611204147338867e-01,-1.002196598052978516e+01,3.600802111625671387e+01
-1.396903246641159058e-01,-3.281937241554260254e-01,-1.002335929870605469e+01,3.601315307617187500e+01
-1.394221782684326172e-01,-3.282996118068695068e-01,-1.002480888366699219e+01,3.601800012588500977e+01
-1.392011791467666626e-01,-3.283808231353759766e-01,-1.002625274658203125e+01,3.602319908142089844e+01
-1.389598697423934937e-01,-3.284648060798645020e-01,-1.002769279479980469e+01,3.602834701538085938e+01
-1.387357413768768311e-01,-3.285178244113922119e-01,-1.002913379669189453e+01,3.603315210342407227e+01
-1.384977102279663086e-01,-3.285830318927764893e-01,-1.003058910369873047e+01,3.603809094429016113e+01
-1.412241756916046143e-01,-3.282935619354248047e-01,-1.003213024139404297e+01,3.604319810867309570e+01
-1.411104947328567505e-01,-3.283122479915618896e-01,-1.003369998931884766e+01,3.604809308052062988e+01
-1.410099118947982788e-01,-3.283689320087432861e-01,-1.003521919250488281e+01,3.605321097373962402e+01
-1.408907920122146606e-01,-3.284491598606109619e-01,-1.003676128387451172e+01,3.605800700187683105e+01
-1.409957855939865112e-01,-3.286383450031280518e-01,-1.003827285766601562e+01,3.606328606605529785e+01
-1.410465538501739502e-01,-3.288113176822662354e-01,-1.003981494903564453e+01,3.606833696365356445e+01
-1.414010822772979736e-01,-3.284628391265869141e-01,-1.004146671295166016e+01,3.607320904731750488e+01
-1.416128128767013550e-01,-3.285673260688781738e-01,-1.004312229156494141e+01,3.607849407196044922e+01
-1.413079351186752319e-01,-3.282175362110137939e-01,-1.004454040527343750e+01,3.608328008651733398e+01
-1.412926465272903442e-01,-3.281024992465972900e-01,-1.004606533050537109e+01,3.608816194534301758e+01
-1.412559896707534790e-01,-3.279588520526885986e-01,-1.004758644104003906e+01,3.609323811531066895e+01
-1.411806643009185791e-01,-3.281237781047821045e-01,-1.004918289184570312e+01,3.609825110435485840e+01
-1.410750299692153931e-01,-3.281596302986145020e-01,-1.005073928833007812e+01,3.610357403755187988e+01
-1.414141505956649780e-01,-3.292739689350128174e-01,-1.005217266082763672e+01,3.610834503173828125e+01
-1.413096338510513306e-01,-3.291604816913604736e-01,-1.005384826660156250e+01,3.611322307586669922e+01
-1.411453336477279663e-01,-3.291196227073669434e-01,-1.005547809600830078e+01,3.611842298507690430e+01
-1.409509479999542236e-01,-3.290293812751770020e-01,-1.005711936950683594e+01,3.612343311309814453e+01
-1.408735364675521851e-01,-3.289900124073028564e-01,-1.005876350402832031e+01,3.612838411331176758e+01
-1.407616436481475830e-01,-3.289264142513275146e-01,-1.006044673919677734e+01,3.613337898254394531e+01
-1.406672894954681396e-01,-3.288541138172149658e-01,-1.006215476989746094e+01,3.613839292526245117e+01
-1.410886794328689575e-01,-3.289414644241333008e-01,-1.006278514862060547e+01,3.614343404769897461e+01
-1.409911513328552246e-01,-3.289782106876373291e-01,-1.006435012817382812e+01,3.614825797080993652e+01
-1.408976614475250244e-01,-3.290346860885620117e-01,-1.006592273712158203e+01,3.615337300300598145e+01
-1.408141255378723145e-01,-3.291450440883636475e-01,-1.006750011444091797e+01,3.615833806991577148e+01
-1.411475539207458496e-01,-3.292918503284454346e-01,-1.006908416748046875e+01,3.616353106498718262e+01
-1.413315087556838989e-01,-3.294375240802764893e-01,-1.007067298889160156e+01,3.616826009750366211e+01
-1.426339745521545410e-01,-3.304554224014282227e-01,-1.007280731201171875e+01,3.617337393760681152e+01
-1.424413621425628662e-01,-3.306587040424346924e-01,-1.007436561584472656e+01,3.617826414108276367e+01
-1.425585746765136719e-01,-3.309422433376312256e-01,-1.007589054107666016e+01,3.618353199958801270e+01
-1.426346749067306519e-01,-3.312706053256988525e-01,-1.007738208770751953e+01,3.618829107284545898e+01
-1.428041905164718628e-01,-3.315778970718383789e-01,-1.007881546020507812e+01,3.619374203681945801e+01
-1.429333984851837158e-01,-3.319095969200134277e-01,-1.008024883270263672e+01,3.619868707656860352e+01
-1.430573910474777222e-01,-3.322459161281585693e-01,-1.008163642883300781e+01,3.620352411270141602e+01
-1.420789062976837158e-01,-3.285598754882812500e-01,-1.008234882354736328e+01,3.620853900909423828e+01
-1.419986784458160400e-01,-3.284794688224792480e-01,-1.008373928070068359e+01,3.621353793144226074e+01
-1.418955624103546143e-01,-3.283900618553161621e-01,-1.008514022827148438e+01,3.621853399276733398e+01
-1.420368999242782593e-01,-3.283195495605468750e-01,-1.008676052093505859e+01,3.622337293624877930e+01
-1.421047002077102661e-01,-3.282072246074676514e-01,-1.008831977844238281e+01,3.622887110710144043e+01
-1.422243267297744751e-01,-3.280873894691467285e-01,-1.008993816375732422e+01,3.623749899864196777e+01
-1.419971138238906860e-01,-3.279463350772857666e-01,-1.009144115447998047e+01,3.623880004882812500e+01
-1.412337720394134521e-01,-3.287294805049896240e-01,-1.009237575531005859e+01,3.624339914321899414e+01
-1.407632678747177124e-01,-3.285790085792541504e-01,-1.009385490417480469e+01,3.624900794029235840e+01
-1.402532458305358887e-01,-3.284323811531066895e-01,-1.009535217285156250e+01,3.625367808341979980e+01
-1.402148455381393433e-01,-3.286261260509490967e-01,-1.009694862365722656e+01,3.625870800018310547e+01
-1.398624479770660400e-01,-3.286243975162506104e-01,-1.009850025177001953e+01,3.626370215415954590e+01
-1.395347565412521362e-01,-3.286495804786682129e-01,-1.010008049011230469e+01,3.626860594749450684e+01
-1.414400637149810791e-01,-3.292138576507568359e-01,-1.010140132904052734e+01,3.627364802360534668e+01
-1.411739438772201538e-01,-3.293271660804748535e-01,-1.010288143157958984e+01,3.627868700027465820e+01
-1.408990919589996338e-01,-3.294517993927001953e-01,-1.010435581207275391e+01,3.628369307518005371e+01
-1.405583769083023071e-01,-3.294048607349395752e-01,-1.010551929473876953e+01,3.628871011734008789e+01
-1.402397751808166504e-01,-3.294668197631835938e-01,-1.010682582855224609e+01,3.629392313957214355e+01
-1.398922652006149292e-01,-3.295464813709259033e-01,-1.010808849334716797e+01,3.629883813858032227e+01
-1.397300809621810913e-01,-3.297147750854492188e-01,-1.010932254791259766e+01,3.630366992950439453e+01
-1.429241746664047241e-01,-3.297121226787567139e-01,-1.011216068267822266e+01,3.630880594253540039e+01
-1.430515646934509277e-01,-3.296922743320465088e-01,-1.011333751678466797e+01,3.631368207931518555e+01
-1.431004106998443604e-01,-3.296579420566558838e-01,-1.011463260650634766e+01,3.631885814666748047e+01
-1.432259976863861084e-01,-3.296052217483520508e-01,-1.011580276489257812e+01,3.632383704185485840e+01
-1.433764398097991943e-01,-3.295028507709503174e-01,-1.011695861816406250e+01,3.632886314392089844e+01
-1.435413509607315063e-01,-3.293749988079071045e-01,-1.011809062957763672e+01,3.633382511138916016e+01
-1.436870843172073364e-01,-3.294441103935241699e-01,-1.011970424652099609e+01,3.633875513076782227e+01
-1.428598016500473022e-01,-3.296231925487518311e-01,-1.012239074707031250e+01,3.634383010864257812e+01
-1.429699361324310303e-01,-3.297181427478790283e-01,-1.012414455413818359e+01,3.634870600700378418e+01
-1.429195553064346313e-01,-3.298133015632629395e-01,-1.012591838836669922e+01,3.635380101203918457e+01
-1.429554671049118042e-01,-3.299280703067779541e-01,-1.012778568267822266e+01,3.635884809494018555e+01
-1.429807841777801514e-01,-3.300636410713195801e-01,-1.012971115112304688e+01,3.636395907402038574e+01
-1.431374400854110718e-01,-3.301165103912353516e-01,-1.013143444061279297e+01,3.636884903907775879e+01
-1.432293951511383057e-01,-3.290337920188903809e-01,-1.013124942779541016e+01,3.637380599975585938e+01
-1.433818787336349487e-01,-3.289343416690826416e-01,-1.013288974761962891e+01,3.637882709503173828e+01
-1.432249993085861206e-01,-3.292138576507568359e-01,-1.013416576385498047e+01,3.638395500183105469e+01
-1.432222127914428711e-01,-3.292817473411560059e-01,-1.013555812835693359e+01,3.638910102844238281e+01
-1.431839019060134888e-01,-3.293766677379608154e-01,-1.013688182830810547e+01,3.639411997795104980e+01
-1.433813124895095825e-01,-3.293505311012268066e-01,-1.013811206817626953e+01,3.639902997016906738e+01
-1.434990167617797852e-01,-3.294118940830230713e-01,-1.013928699493408203e+01,3.640391802787780762e+01
-1.454815417528152466e-01,-3.302564024925231934e-01,-1.014240455627441406e+01,3.640898704528808594e+01
-1.453426778316497803e-01,-3.304778635501861572e-01,-1.014428997039794922e+01,3.641403698921203613e+01
-1.455202698707580566e-01,-3.308023214340209961e-01,-1.014587306976318359e+01,3.641907405853271484e+01
-1.455871313810348511e-01,-3.311281204223632812e-01,-1.014748477935791016e+01,3.642388510704040527e+01
-1.455333977937698364e-01,-3.313936293125152588e-01,-1.014912605285644531e+01,3.642931199073791504e+01
-1.457119137048721313e-01,-3.315280079841613770e-01,-1.015072727203369141e+01,3.643391394615173340e+01
-1.457331180572509766e-01,-3.318167626857757568e-01,-1.015237522125244141e+01,3.643906998634338379e+01
-1.435758173465728760e-01,-3.284868896007537842e-01,-1.015049839019775391e+01,3.644398212432861328e+01
-1.435571610927581787e-01,-3.286702334880828857e-01,-1.015182685852050781e+01,3.644904208183288574e+01
-1.434630155563354492e-01,-3.286317586898803711e-01,-1.015321445465087891e+01,3.645412492752075195e+01
-1.433803886175155640e-01,-3.286197185516357422e-01,-1.015462398529052734e+01,3.645919108390808105e+01
-1.436555236577987671e-01,-3.285161256790161133e-01,-1.015604972839355469e+01,3.646414995193481445e+01
-1.438714861869812012e-01,-3.284837901592254639e-01,-1.015746879577636719e+01,3.646915507316589355e+01
-1.447662860155105591e-01,-3.301568329334259033e-01,-1.015865325927734375e+01,3.647416996955871582e+01
-1.445346921682357788e-01,-3.302086293697357178e-01,-1.015984249114990234e+01,3.647920393943786621e+01
-1.446630209684371948e-01,-3.303147852420806885e-01,-1.016103839874267578e+01,3.648399400711059570e+01
-1.447402238845825195e-01,-3.303909003734588623e-01,-1.016218280792236328e+01,3.648913693428039551e+01
-1.448424160480499268e-01,-3.304861783981323242e-01,-1.016350269317626953e+01,3.649419403076171875e+01
-1.448903679847717285e-01,-3.306126296520233154e-01,-1.016473102569580078e+01,3.649923300743103027e+01
-1.449065506458282471e-01,-3.307578861713409424e-01,-1.016596412658691406e+01,3.650414896011352539e+01
-1.448788493871688843e-01,-3.304248154163360596e-01,-1.016957855224609375e+01,3.650913000106811523e+01
-1.451781243085861206e-01,-3.302956521511077881e-01,-1.017127513885498047e+01,3.651415896415710449e+01
-1.452961862087249756e-01,-3.302757740020751953e-01,-1.017292499542236328e+01,3.651930093765258789e+01
-1.454393118619918823e-01,-3.302375376224517822e-01,-1.017463207244873047e+01,3.652407002449035645e+01
-1.455004066228866577e-01,-3.303127288818359375e-01,-1.017632865905761719e+01,3.652936410903930664e+01
-1.455952674150466919e-01,-3.303443789482116699e-01,-1.017806339263916016e+01,3.653415203094482422e+01
-1.446170657873153687e-01,-3.297184109687805176e-01,-1.017794990539550781e+01,3.653929400444030762e+01
-1.447859406471252441e-01,-3.297297060489654541e-01,-1.017947292327880859e+01,3.654422402381896973e+01
-1.448721289634704590e-01,-3.297753632068634033e-01,-1.018110179901123047e+01,3.654917407035827637e+01
-1.450039744377136230e-01,-3.298601806163787842e-01,-1.018274593353271484e+01,3.655411696434020996e+01
-1.449428200721740723e-01,-3.299851417541503906e-01,-1.018426322937011719e+01,3.655941796302795410e+01
-1.449194103479385376e-01,-3.300684690475463867e-01,-1.018578815460205078e+01,3.656435513496398926e+01
-1.448670625686645508e-01,-3.301771283149719238e-01,-1.018727207183837891e+01,3.656923294067382812e+01
-1.449425071477890015e-01,-3.296456933021545410e-01,-1.018850231170654297e+01,3.657416009902954102e+01
-1.448371708393096924e-01,-3.295620381832122803e-01,-1.019006633758544922e+01,3.657929611206054688e+01
-1.446429044008255005e-01,-3.293023705482482910e-01,-1.019167804718017578e+01,3.658415412902832031e+01
-1.446663588285446167e-01,-3.290140330791473389e-01,-1.019344520568847656e+01,3.658941292762756348e+01
-1.446446776390075684e-01,-3.287867009639739990e-01,-1.019518280029296875e+01,3.659437704086303711e+01
-1.446714550256729126e-01,-3.285838365554809570e-01,-1.019695568084716797e+01,3.659945607185363770e+01
-1.447406709194183350e-01,-3.284087479114532471e-01,-1.019878482818603516e+01,3.660425209999084473e+01
-1.453359276056289673e-01,-3.294929862022399902e-01,-1.019880771636962891e+01,3.660928297042846680e+01
-1.453780829906463623e-01,-3.295050561428070068e-01,-1.020023250579833984e+01,3.661427903175354004e+01
-1.454176306724548340e-01,-3.295163810253143311e-01,-1.020161819458007812e+01,3.661936306953430176e+01
-1.455933898687362671e-01,-3.297621607780456543e-01,-1.020315837860107422e+01,3.662434315681457520e+01
-1.457132995128631592e-01,-3.298674821853637695e-01,-1.020459556579589844e+01,3.662959599494934082e+01
-1.458602100610733032e-01,-3.300200700759887695e-01,-1.020600891113281250e+01,3.663737893104553223e+01
-1.458701491355895996e-01,-3.300909399986267090e-01,-1.020736598968505859e+01,3.663942193984985352e+01
-1.457256823778152466e-01,-3.302096724510192871e-01,-1.021009063720703125e+01,3.664426898956298828e+01
-1.456719934940338135e-01,-3.302738666534423828e-01,-1.021169757843017578e+01,3.664956808090209961e+01
-1.454496830701828003e-01,-3.302202224731445312e-01,-1.021315002441406250e+01,3.665439915657043457e+01
-1.452648788690567017e-01,-3.302204012870788574e-01,-1.021465969085693359e+01,3.665959906578063965e+01
-1.450199037790298462e-01,-3.301752507686614990e-01,-1.021615028381347656e+01,3.666438198089599609e+01
-1.449525058269500732e-01,-3.303091824054718018e-01,-1.021791839599609375e+01,3.666965293884277344e+01
-1.473533958196640015e-01,-3.306161463260650635e-01,-1.022168159484863281e+01,3.667442011833190918e+01
-1.475411951541900635e-01,-3.307563662528991699e-01,-1.022383880615234375e+01,3.667930793762207031e+01
-1.476629674434661865e-01,-3.308212459087371826e-01,-1.022600364685058594e+01,3.668444108963012695e+01
-1.477675437927246094e-01,-3.305947184562683105e-01,-1.022793197631835938e+01,3.668948411941528320e+01
-1.479077637195587158e-01,-3.305697143077850342e-01,-1.023003101348876953e+01,3.669456601142883301e+01
-1.480901837348937988e-01,-3.305517137050628662e-01,-1.023218631744384766e+01,3.669963312149047852e+01
-1.482703983783721924e-01,-3.307413160800933838e-01,-1.023416233062744141e+01,3.670435309410095215e+01
-1.463814675807952881e-01,-3.308904767036437988e-01,-1.023026371002197266e+01,3.670941495895385742e+01
-1.463621556758880615e-01,-3.310640752315521240e-01,-1.023164939880371094e+01,3.671428894996643066e+01
-1.463377326726913452e-01,-3.310926258563995361e-01,-1.023321247100830078e+01,3.671972298622131348e+01
-1.463238447904586792e-01,-3.312271833419799805e-01,-1.023464870452880859e+01,3.672441101074218750e+01
-1.463096141815185547e-01,-3.313710689544677734e-01,-1.023606586456298828e+01,3.672970008850097656e+01
-1.464736014604568481e-01,-3.316186368465423584e-01,-1.023740768432617188e+01,3.673454904556274414e+01
-1.474466323852539062e-01,-3.307575881481170654e-01,-1.024004650115966797e+01,3.673959898948669434e+01
-1.476932317018508911e-01,-3.308690488338470459e-01,-1.024153614044189453e+01,3.674456405639648438e+01
-1.475267857313156128e-01,-3.307140767574310303e-01,-1.024284553527832031e+01,3.674946093559265137e+01
-1.475698202848434448e-01,-3.306752741336822510e-01,-1.024423980712890625e+01,3.675453114509582520e+01
-1.475761085748672485e-01,-3.306072950363159180e-01,-1.024559879302978516e+01,3.675973296165466309e+01
-1.477194279432296753e-01,-3.306634128093719482e-01,-1.024729251861572266e+01,3.676474213600158691e+01
-1.478198021650314331e-01,-3.306808471679687500e-01,-1.024888038635253906e+01,3.676939702033996582e+01
-1.486782282590866089e-01,-3.305658698081970215e-01,-1.025084781646728516e+01,3.677453494071960449e+01
-1.488379389047622681e-01,-3.305809199810028076e-01,-1.025256919860839844e+01,3.677959108352661133e+01
-1.489683389663696289e-01,-3.307083249092102051e-01,-1.025440597534179688e+01,3.678467202186584473e+01
-1.491350531578063965e-01,-3.308123052120208740e-01,-1.025630474090576172e+01,3.678958296775817871e+01
-1.492830663919448853e-01,-3.309229910373687744e-01,-1.025827693939208984e+01,3.679476213455200195e+01
-1.493649929761886597e-01,-3.308325409889221191e-01,-1.026005172729492188e+01,3.679973006248474121e+01
-1.494724005460739136e-01,-3.308244645595550537e-01,-1.026193714141845703e+01,3.680467104911804199e+01
-1.493126451969146729e-01,-3.303495943546295166e-01,-1.026096248626708984e+01,3.680972194671630859e+01
-1.495367586612701416e-01,-3.303825855255126953e-01,-1.026194572448730469e+01,3.681466197967529297e+01
-1.496633440256118774e-01,-3.305251896381378174e-01,-1.026307106018066406e+01,3.681969904899597168e+01
-1.498101800680160522e-01,-3.306905925273895264e-01,-1.026407623291015625e+01,3.682470703125000000e+01
-1.496840715408325195e-01,-3.308812379837036133e-01,-1.026539802551269531e+01,3.682985305786132812e+01
-1.496172547340393066e-01,-3.310900032520294189e-01,-1.026654148101806641e+01,3.683462095260620117e+01
-1.493429839611053467e-01,-3.303796052932739258e-01,-1.027075958251953125e+01,3.683975815773010254e+01
-1.497182846069335938e-01,-3.304046094417572021e-01,-1.027234935760498047e+01,3.684469103813171387e+01
-1.498268991708755493e-01,-3.303961157798767090e-01,-1.027392005920410156e+01,3.684976792335510254e+01
-1.500322818756103516e-01,-3.304391801357269287e-01,-1.027555274963378906e+01,3.685468292236328125e+01
-1.502842009067535400e-01,-3.304634690284729004e-01,-1.027722835540771484e+01,3.686001610755920410e+01
-1.498669385910034180e-01,-3.302173912525177002e-01,-1.027856826782226562e+01,3.686480903625488281e+01
-1.497768759727478027e-01,-3.301122486591339111e-01,-1.028011322021484375e+01,3.686988115310668945e+01
-1.497329175472259521e-01,-3.301227092742919922e-01,-1.028136062622070312e+01,3.687485194206237793e+01
-1.505997925996780396e-01,-3.304988145828247070e-01,-1.028321075439453125e+01,3.687987899780273438e+01
-1.509025394916534424e-01,-3.304949402809143066e-01,-1.028490734100341797e+01,3.688478112220764160e+01
-1.513229012489318848e-01,-3.305262625217437744e-01,-1.028667259216308594e+01,3.688988494873046875e+01
-1.511037498712539673e-01,-3.304201364517211914e-01,-1.028826999664306641e+01,3.689511704444885254e+01
-1.511087864637374878e-01,-3.304012417793273926e-01,-1.028995609283447266e+01,3.689989399909973145e+01
-1.510192453861236572e-01,-3.304090797901153564e-01,-1.029163265228271484e+01,3.690485811233520508e+01
-1.504100263118743896e-01,-3.303764462471008301e-01,-1.029222106933593750e+01,3.690987110137939453e+01
-1.500562727451324463e-01,-3.303122520446777344e-01,-1.029348850250244141e+01,3.691480803489685059e+01
-1.496420204639434814e-01,-3.302517533302307129e-01,-1.029464340209960938e+01,3.691982793807983398e+01
-1.495070457458496094e-01,-3.303988575935363770e-01,-1.029603290557861328e+01,3.692499303817749023e+01
-1.492438316345214844e-01,-3.304431438446044922e-01,-1.029729461669921875e+01,3.693004298210144043e+01
-1.490090489387512207e-01,-3.305130898952484131e-01,-1.029854679107666016e+01,3.693501710891723633e+01
-1.507924348115921021e-01,-3.314293026924133301e-01,-1.030073165893554688e+01,3.694002604484558105e+01
-1.538633555173873901e-01,-3.317699432373046875e-01,-1.030400848388671875e+01,3.694499301910400391e+01
-1.546888649463653564e-01,-3.317308127880096436e-01,-1.030567550659179688e+01,3.695003414154052734e+01
-1.556820273399353027e-01,-3.316442370414733887e-01,-1.030736351013183594e+01,3.695504903793334961e+01
-1.558038741350173950e-01,-3.315167129039764404e-01,-1.030863666534423828e+01,3.696019101142883301e+01
-1.562145650386810303e-01,-3.313876688480377197e-01,-1.031007194519042969e+01,3.696495509147644043e+01
-1.564896106719970703e-01,-3.312412798404693604e-01,-1.031147384643554688e+01,3.697003602981567383e+01
-1.538779884576797485e-01,-3.324801921844482422e-01,-1.031223773956298828e+01,3.697504210472106934e+01
-1.540396511554718018e-01,-3.324748277664184570e-01,-1.031356525421142578e+01,3.698002099990844727e+01
-1.542166918516159058e-01,-3.324607312679290771e-01,-1.031484603881835938e+01,3.698506712913513184e+01
-1.544134616851806641e-01,-3.327416479587554932e-01,-1.031668472290039062e+01,3.699016904830932617e+01
-1.546060442924499512e-01,-3.328709602355957031e-01,-1.031826305389404297e+01,3.699524092674255371e+01
-1.548059880733489990e-01,-3.330459296703338623e-01,-1.031988620758056641e+01,3.700016903877258301e+01
-1.549359411001205444e-01,-3.331174254417419434e-01,-1.032135009765625000e+01,3.700508809089660645e+01
-1.540712267160415649e-01,-3.323948085308074951e-01,-1.032262897491455078e+01,3.701018500328063965e+01
-1.541148573160171509e-01,-3.324367403984069824e-01,-1.032428264617919922e+01,3.701512908935546875e+01
-1.546735018491744995e-01,-3.325496017932891846e-01,-1.032560443878173828e+01,3.702015900611877441e+01
-1.550351232290267944e-01,-3.325987160205841064e-01,-1.032704925537109375e+01,3.702506494522094727e+01
-1.554825454950332642e-01,-3.326616585254669189e-01,-1.032842063903808594e+01,3.703013706207275391e+01
-1.560167521238327026e-01,-3.327154219150543213e-01,-1.032976913452148438e+01,3.703749608993530273e+01
-1.549076288938522339e-01,-3.333311080932617188e-01,-1.033173179626464844e+01,3.704034113883972168e+01
-1.547914892435073853e-01,-3.333964049816131592e-01,-1.033308315277099609e+01,3.704507803916931152e+01
-1.545875221490859985e-01,-3.334318399429321289e-01,-1.033440208435058594e+01,3.705051994323730469e+01
-1.550542712211608887e-01,-3.336237072944641113e-01,-1.033608150482177734e+01,3.705524206161499023e+01
-1.551418751478195190e-01,-3.337903618812561035e-01,-1.033757781982421875e+01,3.706026411056518555e+01
-1.552686989307403564e-01,-3.339923620223999023e-01,-1.033911609649658203e+01,3.706520295143127441e+01
-1.552328914403915405e-01,-3.341730237007141113e-01,-1.034068679809570312e+01,3.707023596763610840e+01
-1.565140038728713989e-01,-3.332740068435668945e-01,-1.034179115295410156e+01,3.707516908645629883e+01
-1.565707772970199585e-01,-3.333474397659301758e-01,-1.034331893920898438e+01,3.708023595809936523e+01
-1.567724794149398804e-01,-3.335168361663818359e-01,-1.034487342834472656e+01,3.708521199226379395e+01
-1.568912714719772339e-01,-3.336247503757476807e-01,-1.034635543823242188e+01,3.709019613265991211e+01
-1.570164859294891357e-01,-3.337482511997222900e-01,-1.034778785705566406e+01,3.709550213813781738e+01
-1.571012437343597412e-01,-3.338629603385925293e-01,-1.034916305541992188e+01,3.710034608840942383e+01
-1.572054475545883179e-01,-3.340061604976654053e-01,-1.035059928894042969e+01,3.710519194602966309e+01
-1.566047519445419312e-01,-3.331340253353118896e-01,-1.035283279418945312e+01,3.711021900177001953e+01
-1.565957218408584595e-01,-3.332616090774536133e-01,-1.035458850860595703e+01,3.711523199081420898e+01
-1.568236500024795532e-01,-3.333163857460021973e-01,-1.035625267028808594e+01,3.712036895751953125e+01
-1.569407731294631958e-01,-3.333849608898162842e-01,-1.035799407958984375e+01,3.712520813941955566e+01
-1.570906788110733032e-01,-3.334365189075469971e-01,-1.035974788665771484e+01,3.713036608695983887e+01
-1.572611182928085327e-01,-3.335947692394256592e-01,-1.036142539978027344e+01,3.713532900810241699e+01
-1.578698009252548218e-01,-3.335776031017303467e-01,-1.036153793334960938e+01,3.714033102989196777e+01
-1.580674499273300171e-01,-3.338474631309509277e-01,-1.036305809020996094e+01,3.714534497261047363e+01
-1.579164266586303711e-01,-3.337811529636383057e-01,-1.036469554901123047e+01,3.715037012100219727e+01
-1.579470038414001465e-01,-3.339191377162933350e-01,-1.036626625061035156e+01,3.715533900260925293e+01
-1.579180061817169189e-01,-3.340269327163696289e-01,-1.036782073974609375e+01,3.716039395332336426e+01
-1.578388661146163940e-01,-3.341620862483978271e-01,-1.036936950683593750e+01,3.716548299789428711e+01
-1.577274352312088013e-01,-3.342879414558410645e-01,-1.037092304229736328e+01,3.717059111595153809e+01
-1.592700183391571045e-01,-3.330591022968292236e-01,-1.037284278869628906e+01,3.717538309097290039e+01
-1.589924693107604980e-01,-3.327994942665100098e-01,-1.037425327301025391e+01,3.718035411834716797e+01
-1.587325185537338257e-01,-3.327337205410003662e-01,-1.037570285797119141e+01,3.718530702590942383e+01
-1.584014147520065308e-01,-3.326191604137420654e-01,-1.037713146209716797e+01,3.719036912918090820e+01
-1.583269536495208740e-01,-3.326656222343444824e-01,-1.037870788574218750e+01,3.719572401046752930e+01
-1.581220328807830811e-01,-3.326621055603027344e-01,-1.038021564483642578e+01,3.720050311088562012e+01
-1.579282879829406738e-01,-3.326726853847503662e-01,-1.038173103332519531e+01,3.720545792579650879e+01
-1.582797318696975708e-01,-3.340538740158081055e-01,-1.038359642028808594e+01,3.721045398712158203e+01
-1.586547344923019409e-01,-3.342622518539428711e-01,-1.038531589508056641e+01,3.721548295021057129e+01
-1.588571369647979736e-01,-3.344763219356536865e-01,-1.038700485229492188e+01,3.722052693367004395e+01
-1.591271609067916870e-01,-3.347043693065643311e-01,-1.038872146606445312e+01,3.722542810440063477e+01
-1.591557711362838745e-01,-3.349896073341369629e-01,-1.039053916931152344e+01,3.723061203956604004e+01
-1.593088507652282715e-01,-3.352859914302825928e-01,-1.039234733581542969e+01,3.723546695709228516e+01
-1.585556268692016602e-01,-3.335001766681671143e-01,-1.039161014556884766e+01,3.724063014984130859e+01
-1.588692367076873779e-01,-3.335283994674682617e-01,-1.039330863952636719e+01,3.724543905258178711e+01
-1.590503007173538208e-01,-3.335482478141784668e-01,-1.039500427246093750e+01,3.725067996978759766e+01
-1.592691689729690552e-01,-3.335697948932647705e-01,-1.039673519134521484e+01,3.725546908378601074e+01
-1.592462658882141113e-01,-3.335735201835632324e-01,-1.039819145202636719e+01,3.726075601577758789e+01
-1.593219786882400513e-01,-3.335501551628112793e-01,-1.039976501464843750e+01,3.726556205749511719e+01
-1.593635231256484985e-01,-3.335261344909667969e-01,-1.040130615234375000e+01,3.727064704895019531e+01
-1.595828384160995483e-01,-3.333068192005157471e-01,-1.040284824371337891e+01,3.727558994293212891e+01
-1.594865918159484863e-01,-3.332871794700622559e-01,-1.040420436859130859e+01,3.728081512451171875e+01
-1.593446582555770874e-01,-3.332524597644805908e-01,-1.040548706054687500e+01,3.728559803962707520e+01
-1.591614186763763428e-01,-3.332023024559020996e-01,-1.040673542022705078e+01,3.729063606262207031e+01
-1.594618260860443115e-01,-3.333350121974945068e-01,-1.040838336944580078e+01,3.729583501815795898e+01
-1.595509350299835205e-01,-3.333474695682525635e-01,-1.040982151031494141e+01,3.730062913894653320e+01
-1.606375575065612793e-01,-3.348495960235595703e-01,-1.041299819946289062e+01,3.730546903610229492e+01
-1.600437313318252563e-01,-3.350006639957427979e-01,-1.041464138031005859e+01,3.731064605712890625e+01
-1.598606109619140625e-01,-3.351847529411315918e-01,-1.041640949249267578e+01,3.731555294990539551e+01
-1.595852077007293701e-01,-3.354238569736480713e-01,-1.041821479797363281e+01,3.732057309150695801e+01
-1.595224291086196899e-01,-3.354812264442443848e-01,-1.041970443725585938e+01,3.732567000389099121e+01
-1.592815518379211426e-01,-3.356084227561950684e-01,-1.042127799987792969e+01,3.733069205284118652e+01
-1.590220779180526733e-01,-3.357322216033935547e-01,-1.042279148101806641e+01,3.733554410934448242e+01
-1.586147695779800415e-01,-3.350882828235626221e-01,-1.042295932769775391e+01,3.734056210517883301e+01
-1.583115756511688232e-01,-3.353382050991058350e-01,-1.042424869537353516e+01,3.734563708305358887e+01
-1.580488979816436768e-01,-3.357022106647491455e-01,-1.042546463012695312e+01,3.735068202018737793e+01
-1.579537242650985718e-01,-3.360291123390197754e-01,-1.042706584930419922e+01,3.735564994812011719e+01
-1.577923446893692017e-01,-3.363109827041625977e-01,-1.042851257324218750e+01,3.736092710494995117e+01
-1.576718538999557495e-01,-3.366016745567321777e-01,-1.043000793457031250e+01,3.736557006835937500e+01
-1.574331372976303101e-01,-3.369027972221374512e-01,-1.043171977996826172e+01,3.737081694602966309e+01
-1.592136919498443604e-01,-3.339292109012603760e-01,-1.043322849273681641e+01,3.737565493583679199e+01
-1.591683030128479004e-01,-3.339932858943939209e-01,-1.043518352508544922e+01,3.738076114654541016e+01
-1.591100841760635376e-01,-3.340508937835693359e-01,-1.043725681304931641e+01,3.738566803932189941e+01
-1.589526683092117310e-01,-3.341361582279205322e-01,-1.043892955780029297e+01,3.739085006713867188e+01
-1.588162034749984741e-01,-3.342024683952331543e-01,-1.044090175628662109e+01,3.739595794677734375e+01
-1.586713939905166626e-01,-3.342745602130889893e-01,-1.044290924072265625e+01,3.740091395378112793e+01
-1.587958186864852905e-01,-3.341208696365356445e-01,-1.044426345825195312e+01,3.740582704544067383e+01
-1.607123911380767822e-01,-3.346747159957885742e-01,-1.044313526153564453e+01,3.741086006164550781e+01
-1.610219031572341919e-01,-3.348647356033325195e-01,-1.044389820098876953e+01,3.741570115089416504e+01
-1.611236631870269775e-01,-3.348402082920074463e-01,-1.044513988494873047e+01,3.742079710960388184e+01
-1.613861471414566040e-01,-3.348903357982635498e-01,-1.044601917266845703e+01,3.742599201202392578e+01
-1.616615206003189087e-01,-3.348665237426757812e-01,-1.044686222076416016e+01,3.743118906021118164e+01
-1.616626083850860596e-01,-3.347982466220855713e-01,-1.044797706604003906e+01,3.743792915344238281e+01
-1.608789712190628052e-01,-3.371025323867797852e-01,-1.045303916931152344e+01,3.744081997871398926e+01
-1.606560647487640381e-01,-3.374516665935516357e-01,-1.045441722869873047e+01,3.744580411911010742e+01
-1.609916836023330688e-01,-3.377293646335601807e-01,-1.045619583129882812e+01,3.745111203193664551e+01
-1.610708981752395630e-01,-3.380387723445892334e-01,-1.045785045623779297e+01,3.745597195625305176e+01
-1.612045764923095703e-01,-3.383663594722747803e-01,-1.045958614349365234e+01,3.746125507354736328e+01
-1.613881736993789673e-01,-3.386763632297515869e-01,-1.046140956878662109e+01,3.746596407890319824e+01
-1.609384268522262573e-01,-3.389662206172943115e-01,-1.046307373046875000e+01,3.747108507156372070e+01
-1.604448556900024414e-01,-3.338208794593811035e-01,-1.046194362640380859e+01,3.747662806510925293e+01
-1.600306034088134766e-01,-3.336677253246307373e-01,-1.046357631683349609e+01,3.748097205162048340e+01
-1.605654805898666382e-01,-3.336825966835021973e-01,-1.046531581878662109e+01,3.748659801483154297e+01
-1.605984121561050415e-01,-3.335836231708526611e-01,-1.046703052520751953e+01,3.749099302291870117e+01
-1.607091277837753296e-01,-3.334960341453552246e-01,-1.046877193450927734e+01,3.749678111076354980e+01
-1.607185006141662598e-01,-3.334492444992065430e-01,-1.047041511535644531e+01,3.750102305412292480e+01
-1.608361005783081055e-01,-3.334094882011413574e-01,-1.047212505340576172e+01,3.750658893585205078e+01
-1.622776687145233154e-01,-3.348821997642517090e-01,-1.047410011291503906e+01,3.751095700263977051e+01
-1.616970449686050415e-01,-3.350032269954681396e-01,-1.047532176971435547e+01,3.751599812507629395e+01
-1.614253520965576172e-01,-3.351712822914123535e-01,-1.047667312622070312e+01,3.752106904983520508e+01
-1.610384136438369751e-01,-3.353537321090698242e-01,-1.047792530059814453e+01,3.752622008323669434e+01
-1.609622687101364136e-01,-3.354978859424591064e-01,-1.047868061065673828e+01,3.753115797042846680e+01
-1.606637537479400635e-01,-3.356773555278778076e-01,-1.047943496704101562e+01,3.753648710250854492e+01
-1.640608310699462891e-01,-3.363870382308959961e-01,-1.048097324371337891e+01,3.754105401039123535e+01
-1.647945344448089600e-01,-3.366664052009582520e-01,-1.048237323760986328e+01,3.754682612419128418e+01
-1.653439700603485107e-01,-3.368071615695953369e-01,-1.048320007324218750e+01,3.755122113227844238e+01
-1.659520119428634644e-01,-3.370034098625183105e-01,-1.048395633697509766e+01,3.755650401115417480e+01
-1.666556149721145630e-01,-3.371797800064086914e-01,-1.048466682434082031e+01,3.756121897697448730e+01
-1.671146899461746216e-01,-3.373475670814514160e-01,-1.048628044128417969e+01,3.756638002395629883e+01
-1.677287518978118896e-01,-3.374974131584167480e-01,-1.048753833770751953e+01,3.757110810279846191e+01
-1.621454954147338867e-01,-3.344241380691528320e-01,-1.048953819274902344e+01,3.757640910148620605e+01
-1.621538102626800537e-01,-3.343008756637573242e-01,-1.049093246459960938e+01,3.758109998703002930e+01
-1.622130572795867920e-01,-3.341764211654663086e-01,-1.049257087707519531e+01,3.758635592460632324e+01
-1.622825115919113159e-01,-3.340199589729309082e-01,-1.049428272247314453e+01,3.759113812446594238e+01
-1.620480567216873169e-01,-3.337976634502410889e-01,-1.049571800231933594e+01,3.759656500816345215e+01
-1.618690043687820435e-01,-3.335667252540588379e-01,-1.049730777740478516e+01,3.760135197639465332e+01
-1.621632874011993408e-01,-3.345937728881835938e-01,-1.049892807006835938e+01,3.760656595230102539e+01
-1.622260510921478271e-01,-3.347252309322357178e-01,-1.050018501281738281e+01,3.761106514930725098e+01
-1.620669066905975342e-01,-3.348065912723541260e-01,-1.050147724151611328e+01,3.761652994155883789e+01
-1.619067788124084473e-01,-3.349348604679107666e-01,-1.050269031524658203e+01,3.762122297286987305e+01
-1.617357134819030762e-01,-3.350875377655029297e-01,-1.050395202636718750e+01,3.762669897079467773e+01
-1.615654081106185913e-01,-3.352367281913757324e-01,-1.050516796112060547e+01,3.763136696815490723e+01
-1.613830029964447021e-01,-3.354131877422332764e-01,-1.050635242462158203e+01,3.763653802871704102e+01
-1.617195606231689453e-01,-3.355119526386260986e-01,-1.050959300994873047e+01,3.764135098457336426e+01
-1.619604974985122681e-01,-3.355760872364044189e-01,-1.051091003417968750e+01,3.764629006385803223e+01
-1.620108485221862793e-01,-3.355951607227325439e-01,-1.051224517822265625e+01,3.765126705169677734e+01
-1.621246784925460815e-01,-3.356325328350067139e-01,-1.051356410980224609e+01,3.765660715103149414e+01
-1.621137112379074097e-01,-3.356547653675079346e-01,-1.051475048065185547e+01,3.766138410568237305e+01
-1.621734648942947388e-01,-3.356829285621643066e-01,-1.051591300964355469e+01,3.766661715507507324e+01
-1.622291058301925659e-01,-3.357234299182891846e-01,-1.051701545715332031e+01,3.767124104499816895e+01
-1.630171090364456177e-01,-3.361735045909881592e-01,-1.051896381378173828e+01,3.767681002616882324e+01
-1.629813313484191895e-01,-3.361464440822601318e-01,-1.052027988433837891e+01,3.768141698837280273e+01
-1.628857851028442383e-01,-3.360658884048461914e-01,-1.052162647247314453e+01,3.768664908409118652e+01
-1.628419458866119385e-01,-3.360304236412048340e-01,-1.052329063415527344e+01,3.769137692451477051e+01
-1.627614349126815796e-01,-3.360370695590972900e-01,-1.052492046356201172e+01,3.769658994674682617e+01
-1.626768559217453003e-01,-3.360722064971923828e-01,-1.052662467956542969e+01,3.770143294334411621e+01
-1.627503186464309692e-01,-3.352551162242889404e-01,-1.052713108062744141e+01,3.770662093162536621e+01
-1.625410914421081543e-01,-3.351740539073944092e-01,-1.052871227264404297e+01,3.771148300170898438e+01
-1.623164564371109009e-01,-3.350845873355865479e-01,-1.053031826019287109e+01,3.771663498878479004e+01
-1.620813012123107910e-01,-3.350372016429901123e-01,-1.053195858001708984e+01,3.772142314910888672e+01
-1.624210178852081299e-01,-3.352119922637939453e-01,-1.053357124328613281e+01,3.772696614265441895e+01
-1.625234186649322510e-01,-3.352907299995422363e-01,-1.053523826599121094e+01,3.773157405853271484e+01
-1.627095043659210205e-01,-3.354131877422332764e-01,-1.053692436218261719e+01,3.773675298690795898e+01
-1.636560708284378052e-01,-3.370156586170196533e-01,-1.053851318359375000e+01,3.774155712127685547e+01
-1.637695729732513428e-01,-3.371025621891021729e-01,-1.054008674621582031e+01,3.774662899971008301e+01
-1.638901382684707642e-01,-3.371530771255493164e-01,-1.054166603088378906e+01,3.775151705741882324e+01
-1.642788648605346680e-01,-3.373779058456420898e-01,-1.054338932037353516e+01,3.775673413276672363e+01
-1.645593792200088501e-01,-3.375095427036285400e-01,-1.054502964019775391e+01,3.776179099082946777e+01
-1.648789197206497192e-01,-3.376158177852630615e-01,-1.054669761657714844e+01,3.776694703102111816e+01
-1.647876799106597900e-01,-3.376775085926055908e-01,-1.054829502105712891e+01,3.777158093452453613e+01
-1.642482429742813110e-01,-3.364501297473907471e-01,-1.054892349243164062e+01,3.777662110328674316e+01
-1.640841215848922729e-01,-3.367249369621276855e-01,-1.055045318603515625e+01,3.778153896331787109e+01
-1.644042730331420898e-01,-3.367111682891845703e-01,-1.055177211761474609e+01,3.778669500350952148e+01
-1.644226759672164917e-01,-3.368517458438873291e-01,-1.055314254760742188e+01,3.779157900810241699e+01
-1.644660383462905884e-01,-3.370060324668884277e-01,-1.055447006225585938e+01,3.779680705070495605e+01
-1.645230948925018311e-01,-3.372372686862945557e-01,-1.055583381652832031e+01,3.780150413513183594e+01
-1.632690429687500000e-01,-3.359350860118865967e-01,-1.055679225921630859e+01,3.780669903755187988e+01
-1.631681621074676514e-01,-3.359920680522918701e-01,-1.055801200866699219e+01,3.781164312362670898e+01
-1.630964428186416626e-01,-3.360765576362609863e-01,-1.055918502807617188e+01,3.781675815582275391e+01
-1.624988466501235962e-01,-3.365603983402252197e-01,-1.056072044372558594e+01,3.782162404060363770e+01
-1.620984524488449097e-01,-3.368151485919952393e-01,-1.056201648712158203e+01,3.782668900489807129e+01
-1.616357117891311646e-01,-3.371607065200805664e-01,-1.056334304809570312e+01,3.783174014091491699e+01
-1.613792777061462402e-01,-3.373816907405853271e-01,-1.056466388702392578e+01,3.783849692344665527e+01
-1.648791134357452393e-01,-3.343243002891540527e-01,-1.056398963928222656e+01,3.784173703193664551e+01
-1.649719774723052979e-01,-3.338863849639892578e-01,-1.056506347656250000e+01,3.784681415557861328e+01
-1.653682589530944824e-01,-3.336569070816040039e-01,-1.056634044647216797e+01,3.785160303115844727e+01
-1.656787544488906860e-01,-3.333114087581634521e-01,-1.056759643554687500e+01,3.785701894760131836e+01
-1.660395115613937378e-01,-3.329932987689971924e-01,-1.056888961791992188e+01,3.786189293861389160e+01
-1.659075766801834106e-01,-3.326890766620635986e-01,-1.057012844085693359e+01,3.786710309982299805e+01
-1.659197360277175903e-01,-3.324002027511596680e-01,-1.057143402099609375e+01,3.787159895896911621e+01
-1.642743647098541260e-01,-3.351648449897766113e-01,-1.057625675201416016e+01,3.787681508064270020e+01
-1.643077433109283447e-01,-3.351508080959320068e-01,-1.057742309570312500e+01,3.788180208206176758e+01
-1.640543788671493530e-01,-3.350945115089416504e-01,-1.057876873016357422e+01,3.788681006431579590e+01
-1.638184934854507446e-01,-3.349927961826324463e-01,-1.058009243011474609e+01,3.789177012443542480e+01
-1.635838001966476440e-01,-3.348596990108489990e-01,-1.058137512207031250e+01,3.789692115783691406e+01
-1.635941267013549805e-01,-3.351896703243255615e-01,-1.058273315429687500e+01,3.790174794197082520e+01
-1.658838093280792236e-01,-3.377786874771118164e-01,-1.058640193939208984e+01,3.790701794624328613e+01
-1.661005765199661255e-01,-3.379992246627807617e-01,-1.058791637420654297e+01,3.791180014610290527e+01
-1.659203320741653442e-01,-3.377534747123718262e-01,-1.058936309814453125e+01,3.791688013076782227e+01
-1.659389138221740723e-01,-3.377382457256317139e-01,-1.059080791473388672e+01,3.792179703712463379e+01
-1.659518480300903320e-01,-3.376815319061279297e-01,-1.059224605560302734e+01,3.792706704139709473e+01
-1.659485548734664917e-01,-3.377929627895355225e-01,-1.059355354309082031e+01,3.793184709548950195e+01
-1.659168303012847900e-01,-3.377517163753509521e-01,-1.059486770629882812e+01,3.793692398071289062e+01
-1.648572087287902832e-01,-3.368014097213745117e-01,-1.059470462799072266e+01,3.794184398651123047e+01
-1.651726514101028442e-01,-3.369544148445129395e-01,-1.059616851806640625e+01,3.794703006744384766e+01
-1.652932912111282349e-01,-3.369998633861541748e-01,-1.059749603271484375e+01,3.795184493064880371e+01
-1.654814928770065308e-01,-3.370810449123382568e-01,-1.059883689880371094e+01,3.795695304870605469e+01
-1.654023677110671997e-01,-3.371917903423309326e-01,-1.060025119781494141e+01,3.796202802658081055e+01
-1.654223352670669556e-01,-3.373021185398101807e-01,-1.060168552398681641e+01,3.796706604957580566e+01
-1.654111742973327637e-01,-3.374332189559936523e-01,-1.060315990447998047e+01,3.797175312042236328e+01
-1.664336174726486206e-01,-3.361982703208923340e-01,-1.060527706146240234e+01,3.797699093818664551e+01
-1.663345992565155029e-01,-3.361368775367736816e-01,-1.060684871673583984e+01,3.798185801506042480e+01
-1.661798357963562012e-01,-3.360230326652526855e-01,-1.060841941833496094e+01,3.798703312873840332e+01
-1.659791469573974609e-01,-3.358857631683349609e-01,-1.061002063751220703e+01,3.799186706542968750e+01
-1.663717478513717651e-01,-3.360797464847564697e-01,-1.061164093017578125e+01,3.799731802940368652e+01
-1.665053516626358032e-01,-3.361007869243621826e-01,-1.061327171325683594e+01,3.800203704833984375e+01
-1.674526333808898926e-01,-3.371521234512329102e-01,-1.061464595794677734e+01,3.800707292556762695e+01
-1.672277748584747314e-01,-3.369241356849670410e-01,-1.061593246459960938e+01,3.801204800605773926e+01
-1.673146188259124756e-01,-3.369903266429901123e-01,-1.061736011505126953e+01,3.801708412170410156e+01
-1.673981249332427979e-01,-3.370723426342010498e-01,-1.061877441406250000e+01,3.802203297615051270e+01
-1.674211472272872925e-01,-3.372583985328674316e-01,-1.062010478973388672e+01,3.802730107307434082e+01
-1.674295663833618164e-01,-3.373717665672302246e-01,-1.062140941619873047e+01,3.803219604492187500e+01
-1.673936545848846436e-01,-3.374786376953125000e-01,-1.062265396118164062e+01,3.803701400756835938e+01
-1.678607463836669922e-01,-3.373554050922393799e-01,-1.062506484985351562e+01,3.804203295707702637e+01
-1.676708310842514038e-01,-3.372946083545684814e-01,-1.062640190124511719e+01,3.804707407951354980e+01
-1.674337089061737061e-01,-3.371591269969940186e-01,-1.062776184082031250e+01,3.805201005935668945e+01
-1.675304174423217773e-01,-3.370219767093658447e-01,-1.062938308715820312e+01,3.805703592300415039e+01
-1.675011664628982544e-01,-3.369510769844055176e-01,-1.063093662261962891e+01,3.806231904029846191e+01
-1.675148755311965942e-01,-3.369159400463104248e-01,-1.063256263732910156e+01,3.806736493110656738e+01
-1.672675460577011108e-01,-3.371388018131256104e-01,-1.063242721557617188e+01,3.807220911979675293e+01
-1.678983122110366821e-01,-3.370946347713470459e-01,-1.063423347473144531e+01,3.807726693153381348e+01
-1.680816859006881714e-01,-3.371217548847198486e-01,-1.063581466674804688e+01,3.808218598365783691e+01
-1.683327853679656982e-01,-3.371569812297821045e-01,-1.063732719421386719e+01,3.808731508255004883e+01
-1.683203279972076416e-01,-3.370963931083679199e-01,-1.063869476318359375e+01,3.809217214584350586e+01
-1.684006601572036743e-01,-3.370429277420043945e-01,-1.064013767242431641e+01,3.809731006622314453e+01
-1.685194522142410278e-01,-3.370476961135864258e-01,-1.064163494110107422e+01,3.810199213027954102e+01
-1.676381379365921021e-01,-3.369896709918975830e-01,-1.064375114440917969e+01,3.810735893249511719e+01
-1.675044447183609009e-01,-3.370186984539031982e-01,-1.064543437957763672e+01,3.811232304573059082e+01
-1.673206537961959839e-01,-3.370422422885894775e-01,-1.064711284637451172e+01,3.811730813980102539e+01
-1.677673757076263428e-01,-3.370864391326904297e-01,-1.064849853515625000e+01,3.812230801582336426e+01
-1.679227799177169800e-01,-3.370819687843322754e-01,-1.064998245239257812e+01,3.812752795219421387e+01
-1.681470721960067749e-01,-3.371062576770782471e-01,-1.065139675140380859e+01,3.813214492797851562e+01
-1.681089848279953003e-01,-3.371966779232025146e-01,-1.065248012542724609e+01,3.813721299171447754e+01
-1.700044274330139160e-01,-3.379606306552886963e-01,-1.065433120727539062e+01,3.814219713211059570e+01
-1.701648682355880737e-01,-3.379963934421539307e-01,-1.065535831451416016e+01,3.814730405807495117e+01
-1.705029159784317017e-01,-3.378618955612182617e-01,-1.065638923645019531e+01,3.815226602554321289e+01
-1.707837730646133423e-01,-3.377768993377685547e-01,-1.065728282928466797e+01,3.815718603134155273e+01
-1.710858047008514404e-01,-3.376615643501281738e-01,-1.065806770324707031e+01,3.816231513023376465e+01
-1.714125573635101318e-01,-3.375189602375030518e-01,-1.065879249572753906e+01,3.816726613044738770e+01
-1.710090488195419312e-01,-3.375006020069122314e-01,-1.066048526763916016e+01,3.817221498489379883e+01
-1.697062551975250244e-01,-3.386003971099853516e-01,-1.066466045379638672e+01,3.817718601226806641e+01
-1.692064255475997925e-01,-3.387849926948547363e-01,-1.066654205322265625e+01,3.818221998214721680e+01
-1.695675253868103027e-01,-3.388867080211639404e-01,-1.066847419738769531e+01,3.818737101554870605e+01
-1.694330275058746338e-01,-3.389802575111389160e-01,-1.067058181762695312e+01,3.819217610359191895e+01
-1.693428307771682739e-01,-3.390294015407562256e-01,-1.067280387878417969e+01,3.819738793373107910e+01
-1.690382212400436401e-01,-3.390550017356872559e-01,-1.067459678649902344e+01,3.820235610008239746e+01
-1.693772077560424805e-01,-3.365173637866973877e-01,-1.067248344421386719e+01,3.820740795135498047e+01
-1.692020744085311890e-01,-3.363644778728485107e-01,-1.067407321929931641e+01,3.821235299110412598e+01
-1.693956404924392700e-01,-3.363383710384368896e-01,-1.067531013488769531e+01,3.821732997894287109e+01
-1.694375276565551758e-01,-3.362862169742584229e-01,-1.067670059204101562e+01,3.822235202789306641e+01
-1.695137172937393188e-01,-3.362006843090057373e-01,-1.067800617218017578e+01,3.822777915000915527e+01
-1.695207059383392334e-01,-3.360796570777893066e-01,-1.067947387695312500e+01,3.823241615295410156e+01
-1.695887148380279541e-01,-3.359575271606445312e-01,-1.068082427978515625e+01,3.823777508735656738e+01
-1.706964522600173950e-01,-3.383724689483642578e-01,-1.068689441680908203e+01,3.824234914779663086e+01
-1.707898974418640137e-01,-3.383494317531585693e-01,-1.068871116638183594e+01,3.824741101264953613e+01
-1.706545352935791016e-01,-3.384814560413360596e-01,-1.069016838073730469e+01,3.825258994102478027e+01
-1.706211715936660767e-01,-3.385171592235565186e-01,-1.069176387786865234e+01,3.825777101516723633e+01
-1.706075966358184814e-01,-3.385681211948394775e-01,-1.069334602355957031e+01,3.826265907287597656e+01
-1.707210987806320190e-01,-3.385875225067138672e-01,-1.069498348236083984e+01,3.826755309104919434e+01
-1.707883924245834351e-01,-3.386308252811431885e-01,-1.069653987884521484e+01,3.827248406410217285e+01
-1.724586188793182373e-01,-3.388824760913848877e-01,-1.069460296630859375e+01,3.827758502960205078e+01
-1.726113557815551758e-01,-3.387768268585205078e-01,-1.069587135314941406e+01,3.828256511688232422e+01
-1.728034168481826782e-01,-3.388144373893737793e-01,-1.069706249237060547e+01,3.828761792182922363e+01
-1.730066835880279541e-01,-3.388327062129974365e-01,-1.069825553894042969e+01,3.829252815246582031e+01
-1.733306497335433960e-01,-3.388321101665496826e-01,-1.069989013671875000e+01,3.829774212837219238e+01
-1.736486703157424927e-01,-3.389521241188049316e-01,-1.070142364501953125e+01,3.830259394645690918e+01
-1.733553111553192139e-01,-3.378470540046691895e-01,-1.070456314086914062e+01,3.830757999420166016e+01
-1.731784641742706299e-01,-3.378097116947174072e-01,-1.070628261566162109e+01,3.831254696846008301e+01
-1.732335537672042847e-01,-3.377595245838165283e-01,-1.070822620391845703e+01,3.831749606132507324e+01
-1.732144355773925781e-01,-3.376845121383666992e-01,-1.071018791198730469e+01,3.832245612144470215e+01
-1.733197420835494995e-01,-3.378134369850158691e-01,-1.071173191070556641e+01,3.832826209068298340e+01
-1.733188033103942871e-01,-3.378040790557861328e-01,-1.071341133117675781e+01,3.833266401290893555e+01
-1.733247339725494385e-01,-3.378021121025085449e-01,-1.071506690979003906e+01,3.833756804466247559e+01
-1.747580170631408691e-01,-3.391194045543670654e-01,-1.071506786346435547e+01,3.834261798858642578e+01
-1.743537932634353638e-01,-3.393154740333557129e-01,-1.071638774871826172e+01,3.834765815734863281e+01
-1.741512268781661987e-01,-3.395594358444213867e-01,-1.071761417388916016e+01,3.835269212722778320e+01
-1.738567501306533813e-01,-3.397617340087890625e-01,-1.071880531311035156e+01,3.835759210586547852e+01
-1.741986274719238281e-01,-3.397928476333618164e-01,-1.072028160095214844e+01,3.836275506019592285e+01
-1.743862777948379517e-01,-3.399135172367095947e-01,-1.072165489196777344e+01,3.836767101287841797e+01
-1.749948859214782715e-01,-3.387306928634643555e-01,-1.072422790527343750e+01,3.837267708778381348e+01
-1.742479354143142700e-01,-3.388907909393310547e-01,-1.072543430328369141e+01,3.837768697738647461e+01
-1.741134673357009888e-01,-3.391225337982177734e-01,-1.072667026519775391e+01,3.838268613815307617e+01
-1.738843917846679688e-01,-3.393582999706268311e-01,-1.072787570953369141e+01,3.838774204254150391e+01
-1.742777973413467407e-01,-3.395519256591796875e-01,-1.072908592224121094e+01,3.839270710945129395e+01
-1.744773834943771362e-01,-3.398043811321258545e-01,-1.073029613494873047e+01,3.839781093597412109e+01
-1.747907251119613647e-01,-3.400573730468750000e-01,-1.073152256011962891e+01,3.840263009071350098e+01
-1.762546747922897339e-01,-3.393108546733856201e-01,-1.073491764068603516e+01,3.840771007537841797e+01
-1.765742301940917969e-01,-3.393941819667816162e-01,-1.073636531829833984e+01,3.841270208358764648e+01
-1.768766939640045166e-01,-3.394164741039276123e-01,-1.073781394958496094e+01,3.841762900352478027e+01
-1.771875470876693726e-01,-3.394427597522735596e-01,-1.073927974700927734e+01,3.842253303527832031e+01
-1.775004863739013672e-01,-3.395449817180633545e-01,-1.074104118347167969e+01,3.842805099487304688e+01
-1.778111159801483154e-01,-3.396213948726654053e-01,-1.074275970458984375e+01,3.843270611763000488e+01
-1.781228929758071899e-01,-3.397208750247955322e-01,-1.074453258514404297e+01,3.843769192695617676e+01
-1.776096075773239136e-01,-3.393121659755706787e-01,-1.074621391296386719e+01,3.844253492355346680e+01
-1.777621507644653320e-01,-3.395106196403503418e-01,-1.074805545806884766e+01,3.844772601127624512e+01
-1.778988689184188843e-01,-3.397113680839538574e-01,-1.074995326995849609e+01,3.845253801345825195e+01
-1.781703382730484009e-01,-3.398931324481964111e-01,-1.075158023834228516e+01,3.845781612396240234e+01
-1.783819049596786499e-01,-3.400626182556152344e-01,-1.075328922271728516e+01,3.846303105354309082e+01
-1.786157935857772827e-01,-3.402261734008789062e-01,-1.075494575500488281e+01,3.846781396865844727e+01
-1.770624518394470215e-01,-3.386426270008087158e-01,-1.075535488128662109e+01,3.847282600402832031e+01
-1.768314987421035767e-01,-3.386115133762359619e-01,-1.075680923461914062e+01,3.847779607772827148e+01
-1.765774637460708618e-01,-3.385853469371795654e-01,-1.075824546813964844e+01,3.848278403282165527e+01
-1.767637133598327637e-01,-3.385572433471679688e-01,-1.075996875762939453e+01,3.848781800270080566e+01
-1.767240315675735474e-01,-3.385155498981475830e-01,-1.076154804229736328e+01,3.849294614791870117e+01
-1.767121404409408569e-01,-3.384368717670440674e-01,-1.076313495635986328e+01,3.849782299995422363e+01
-1.764588207006454468e-01,-3.383938968181610107e-01,-1.076498222351074219e+01,3.850317192077636719e+01
-1.776340007781982422e-01,-3.388911485671997070e-01,-1.076601791381835938e+01,3.850782299041748047e+01
-1.773914843797683716e-01,-3.390460908412933350e-01,-1.076784801483154297e+01,3.851281213760375977e+01
-1.770307272672653198e-01,-3.391538262367248535e-01,-1.076973819732666016e+01,3.851801204681396484e+01
-1.767084449529647827e-01,-3.391105830669403076e-01,-1.077126693725585938e+01,3.852303409576416016e+01
-1.763368695974349976e-01,-3.391551077365875244e-01,-1.077306652069091797e+01,3.852812004089355469e+01
-1.759062260389328003e-01,-3.391736745834350586e-01,-1.077485656738281250e+01,3.853293609619140625e+01
-1.755306571722030640e-01,-3.392950892448425293e-01,-1.077615165710449219e+01,3.853787994384765625e+01
-1.785000711679458618e-01,-3.391843140125274658e-01,-1.077592468261718750e+01,3.854302597045898438e+01
-1.783545464277267456e-01,-3.391652703285217285e-01,-1.077691936492919922e+01,3.854793310165405273e+01
-1.788119822740554810e-01,-3.392618894577026367e-01,-1.077849102020263672e+01,3.855300712585449219e+01
-1.790318042039871216e-01,-3.393700718879699707e-01,-1.077969169616699219e+01,3.855789613723754883e+01
-1.793473660945892334e-01,-3.395051658153533936e-01,-1.078088951110839844e+01,3.856316208839416504e+01
-1.794979870319366455e-01,-3.396755754947662354e-01,-1.078229331970214844e+01,3.856802797317504883e+01
-1.792855411767959595e-01,-3.395742475986480713e-01,-1.078525733947753906e+01,3.857300496101379395e+01
-1.795728951692581177e-01,-3.396656215190887451e-01,-1.078699493408203125e+01,3.857793593406677246e+01
-1.800395995378494263e-01,-3.398646414279937744e-01,-1.078852176666259766e+01,3.858304214477539062e+01
-1.804296970367431641e-01,-3.399428427219390869e-01,-1.079010391235351562e+01,3.858796811103820801e+01
-1.808549612760543823e-01,-3.399997949600219727e-01,-1.079164409637451172e+01,3.859319901466369629e+01
-1.813281476497650146e-01,-3.400363624095916748e-01,-1.079320049285888672e+01,3.859810495376586914e+01
-1.814637631177902222e-01,-3.400234878063201904e-01,-1.079496288299560547e+01,3.860289502143859863e+01
-1.807568073272705078e-01,-3.386508822441101074e-01,-1.079544162750244141e+01,3.860817003250122070e+01
-1.808636188507080078e-01,-3.385044038295745850e-01,-1.079704856872558594e+01,3.861313009262084961e+01
-1.811255812644958496e-01,-3.385139107704162598e-01,-1.079872798919677734e+01,3.861816596984863281e+01
-1.812856644392013550e-01,-3.384123146533966064e-01,-1.080044555664062500e+01,3.862321901321411133e+01
-1.814554035663604736e-01,-3.383124470710754395e-01,-1.080222988128662109e+01,3.862822914123535156e+01
-1.811753511428833008e-01,-3.382345736026763916e-01,-1.080399322509765625e+01,3.863758707046508789e+01
-1.809578984975814819e-01,-3.381612300872802734e-01,-1.080580615997314453e+01,3.863867211341857910e+01
-1.798078864812850952e-01,-3.389551043510437012e-01,-1.080715179443359375e+01,3.864316892623901367e+01
-1.797875016927719116e-01,-3.390840291976928711e-01,-1.080838394165039062e+01,3.864815998077392578e+01
-1.793946176767349243e-01,-3.391985893249511719e-01,-1.080980014801025391e+01,3.865351295471191406e+01
-1.789917349815368652e-01,-3.393563032150268555e-01,-1.081115055084228516e+01,3.865828609466552734e+01
-1.788641959428787231e-01,-3.394978642463684082e-01,-1.081235408782958984e+01,3.866327905654907227e+01
-1.786726713180541992e-01,-3.396649360656738281e-01,-1.081347274780273438e+01,3.866812992095947266e+01
-1.815613657236099243e-01,-3.407283723354339600e-01,-1.081612491607666016e+01,3.867309808731079102e+01
-1.817916482686996460e-01,-3.408463895320892334e-01,-1.081711483001708984e+01,3.867838001251220703e+01
-1.810578107833862305e-01,-3.410877883434295654e-01,-1.081842899322509766e+01,3.868329501152038574e+01
-1.808532029390335083e-01,-3.412729203701019287e-01,-1.081946182250976562e+01,3.868822813034057617e+01
-1.805616617202758789e-01,-3.414494693279266357e-01,-1.082045364379882812e+01,3.869345712661743164e+01
-1.806636899709701538e-01,-3.415448367595672607e-01,-1.082172489166259766e+01,3.869840693473815918e+01
-1.806479990482330322e-01,-3.416014611721038818e-01,-1.082290458679199219e+01,3.870330715179443359e+01
-1.827432662248611450e-01,-3.394018113613128662e-01,-1.082544231414794922e+01,3.870824193954467773e+01
-1.830874532461166382e-01,-3.395531475543975830e-01,-1.082708263397216797e+01,3.871325993537902832e+01
-1.835629492998123169e-01,-3.395788967609405518e-01,-1.082875919342041016e+01,3.871829414367675781e+01
-1.840877085924148560e-01,-3.396325707435607910e-01,-1.083051586151123047e+01,3.872329807281494141e+01
-1.844366192817687988e-01,-3.393965661525726318e-01,-1.083221721649169922e+01,3.872853207588195801e+01
-1.848446726799011230e-01,-3.392188251018524170e-01,-1.083400726318359375e+01,3.873325610160827637e+01
-1.852486133575439453e-01,-3.389451503753662109e-01,-1.083586025238037109e+01,3.873838305473327637e+01
-1.828735619783401489e-01,-3.390695154666900635e-01,-1.083537769317626953e+01,3.874340796470642090e+01
-1.830656379461288452e-01,-3.390636444091796875e-01,-1.083707809448242188e+01,3.874836111068725586e+01
-1.832589209079742432e-01,-3.391319811344146729e-01,-1.083881664276123047e+01,3.875339198112487793e+01
-1.832499057054519653e-01,-3.389283120632171631e-01,-1.084029483795166016e+01,3.875839114189147949e+01
-1.832868307828903198e-01,-3.389065563678741455e-01,-1.084185409545898438e+01,3.876352596282958984e+01
-1.832713037729263306e-01,-3.388764858245849609e-01,-1.084336090087890625e+01,3.876834297180175781e+01
-1.817791610956192017e-01,-3.398644328117370605e-01,-1.084527778625488281e+01,3.877331614494323730e+01
-1.816612333059310913e-01,-3.401850759983062744e-01,-1.084652709960937500e+01,3.877832412719726562e+01
-1.814257800579071045e-01,-3.401978313922882080e-01,-1.084774780273437500e+01,3.878337097167968750e+01
-1.811605840921401978e-01,-3.402294516563415527e-01,-1.084888172149658203e+01,3.878833103179931641e+01
-1.809711605310440063e-01,-3.402233719825744629e-01,-1.085003566741943359e+01,3.879347014427185059e+01
-1.807359308004379272e-01,-3.402291834354400635e-01,-1.085110950469970703e+01,3.879846096038818359e+01
-1.805052310228347778e-01,-3.402281403541564941e-01,-1.085215568542480469e+01,3.880334997177124023e+01
-1.824422925710678101e-01,-3.415494859218597412e-01,-1.085482025146484375e+01,3.880845499038696289e+01
-1.823853999376296997e-01,-3.416376709938049316e-01,-1.085591602325439453e+01,3.881344795227050781e+01
-1.823378056287765503e-01,-3.417361676692962646e-01,-1.085697937011718750e+01,3.881856298446655273e+01
-1.835460066795349121e-01,-3.416555225849151611e-01,-1.085959243774414062e+01,3.882355308532714844e+01
-1.839972287416458130e-01,-3.416338264942169189e-01,-1.086123752593994141e+01,3.882879900932312012e+01
-1.845429390668869019e-01,-3.415971696376800537e-01,-1.086297321319580078e+01,3.883340215682983398e+01
-1.847485899925231934e-01,-3.415617346763610840e-01,-1.086469364166259766e+01,3.883855104446411133e+01
-1.832570731639862061e-01,-3.402839601039886475e-01,-1.086557769775390625e+01,3.884340214729309082e+01
-1.832965165376663208e-01,-3.403136134147644043e-01,-1.086734485626220703e+01,3.884845495223999023e+01
-1.833107024431228638e-01,-3.403396606445312500e-01,-1.086916923522949219e+01,3.885344195365905762e+01
-1.834804713726043701e-01,-3.401457071304321289e-01,-1.087071514129638672e+01,3.885856199264526367e+01
-1.835153400897979736e-01,-3.400283753871917725e-01,-1.087244510650634766e+01,3.886362314224243164e+01
-1.835411936044692993e-01,-3.398462533950805664e-01,-1.087416267395019531e+01,3.886862206459045410e+01
-1.834231019020080566e-01,-3.419129252433776855e-01,-1.087590122222900391e+01,3.887355613708496094e+01
-1.830511540174484253e-01,-3.422236740589141846e-01,-1.087738418579101562e+01,3.887858605384826660e+01
-1.825752705335617065e-01,-3.425785303115844727e-01,-1.087882232666015625e+01,3.888351798057556152e+01
-1.826833039522171021e-01,-3.426252603530883789e-01,-1.088014221191406250e+01,3.888864398002624512e+01
-1.824192851781845093e-01,-3.428589999675750732e-01,-1.088139247894287109e+01,3.889380598068237305e+01
-1.821659058332443237e-01,-3.430776298046112061e-01,-1.088257503509521484e+01,3.889863514900207520e+01
-1.821891814470291138e-01,-3.433113396167755127e-01,-1.088395214080810547e+01,3.890363097190856934e+01
-1.830300539731979370e-01,-3.420877456665039062e-01,-1.088581657409667969e+01,3.890856409072875977e+01
-1.832318753004074097e-01,-3.423227369785308838e-01,-1.088720989227294922e+01,3.891361212730407715e+01
-1.831423491239547729e-01,-3.423452377319335938e-01,-1.088886928558349609e+01,3.891855597496032715e+01
-1.832422912120819092e-01,-3.423835933208465576e-01,-1.089042663574218750e+01,3.892344498634338379e+01
-1.833652257919311523e-01,-3.424004018306732178e-01,-1.089202404022216797e+01,3.892887115478515625e+01
-1.834888607263565063e-01,-3.424551486968994141e-01,-1.089393138885498047e+01,3.893370604515075684e+01
-1.836298853158950806e-01,-3.425869643688201904e-01,-1.089584922790527344e+01,3.893873715400695801e+01
-1.841003000736236572e-01,-3.414123356342315674e-01,-1.089616394042968750e+01,3.894370508193969727e+01
-1.842890232801437378e-01,-3.415912389755249023e-01,-1.089834785461425781e+01,3.894870615005493164e+01
-1.846013367176055908e-01,-3.416608572006225586e-01,-1.090047645568847656e+01,3.895371294021606445e+01
-1.848886609077453613e-01,-3.417932391166687012e-01,-1.090279293060302734e+01,3.895874500274658203e+01
-1.851993203163146973e-01,-3.419043123722076416e-01,-1.090519142150878906e+01,3.896383810043334961e+01
-1.852202713489532471e-01,-3.421185910701751709e-01,-1.090687370300292969e+01,3.896874499320983887e+01
-1.853197515010833740e-01,-3.421789705753326416e-01,-1.090878105163574219e+01,3.897370505332946777e+01
-1.824082136154174805e-01,-3.413400948047637939e-01,-1.090451145172119141e+01,3.897870397567749023e+01
-1.822406202554702759e-01,-3.415260910987854004e-01,-1.090510940551757812e+01,3.898370814323425293e+01
-1.819136291742324829e-01,-3.416436314582824707e-01,-1.090572357177734375e+01,3.898873805999755859e+01
-1.815718263387680054e-01,-3.417837023735046387e-01,-1.090619277954101562e+01,3.899395799636840820e+01
-1.810476332902908325e-01,-3.420651555061340332e-01,-1.090713214874267578e+01,3.899878811836242676e+01
-1.805216968059539795e-01,-3.422721326351165771e-01,-1.090780544281005859e+01,3.900375008583068848e+01
-1.832249611616134644e-01,-3.429490923881530762e-01,-1.091591835021972656e+01,3.900887298583984375e+01
-1.833519637584686279e-01,-3.430970609188079834e-01,-1.091762256622314453e+01,3.901383495330810547e+01
-1.832457780838012695e-01,-3.432634174823760986e-01,-1.091921424865722656e+01,3.901886892318725586e+01
-1.832117438316345215e-01,-3.434239327907562256e-01,-1.092092990875244141e+01,3.902383708953857422e+01
-1.832498610019683838e-01,-3.435448110103607178e-01,-1.092272663116455078e+01,3.902897500991821289e+01
-1.830421090126037598e-01,-3.436591625213623047e-01,-1.092410278320312500e+01,3.903724813461303711e+01
-1.829880326986312866e-01,-3.437550067901611328e-01,-1.092567825317382812e+01,3.903885602951049805e+01
-1.829484701156616211e-01,-3.404570221900939941e-01,-1.092310619354248047e+01,3.904385399818420410e+01
-1.833145916461944580e-01,-3.405622243881225586e-01,-1.092451190948486328e+01,3.904887199401855469e+01
-1.834824681282043457e-01,-3.404293954372406006e-01,-1.092579269409179688e+01,3.905385613441467285e+01
-1.837316602468490601e-01,-3.403109610080718994e-01,-1.092709922790527344e+01,3.905901694297790527e+01
-1.835463941097259521e-01,-3.403627574443817139e-01,-1.092858123779296875e+01,3.906398415565490723e+01
-1.834871321916580200e-01,-3.403758108615875244e-01,-1.093006038665771484e+01,3.906887292861938477e+01
-1.835995167493820190e-01,-3.415651321411132812e-01,-1.093375205993652344e+01,3.907396197319030762e+01
-1.833660304546356201e-01,-3.414535224437713623e-01,-1.093536758422851562e+01,3.907899498939514160e+01
-1.830109655857086182e-01,-3.415115773677825928e-01,-1.093716526031494141e+01,3.908396196365356445e+01
-1.825979351997375488e-01,-3.415637910366058350e-01,-1.093897342681884766e+01,3.908897304534912109e+01
-1.822206377983093262e-01,-3.419260084629058838e-01,-1.094068145751953125e+01,3.909411406517028809e+01
-1.817650049924850464e-01,-3.420938551425933838e-01,-1.094243240356445312e+01,3.909906506538391113e+01
-1.812805831432342529e-01,-3.423461318016052246e-01,-1.094413471221923828e+01,3.910398197174072266e+01
-1.828414201736450195e-01,-3.416234552860260010e-01,-1.094422531127929688e+01,3.910927009582519531e+01
-1.827687174081802368e-01,-3.414536416530609131e-01,-1.094520473480224609e+01,3.911382198333740234e+01
-1.827462166547775269e-01,-3.410974740982055664e-01,-1.094605255126953125e+01,3.911903095245361328e+01
-1.828371435403823853e-01,-3.407032191753387451e-01,-1.094679450988769531e+01,3.912398910522460938e+01
-1.826640069484710693e-01,-3.409561812877655029e-01,-1.094776725769042969e+01,3.912924408912658691e+01
-1.827002912759780884e-01,-3.407747447490692139e-01,-1.094848442077636719e+01,3.913411498069763184e+01
-1.848250925540924072e-01,-3.435480892658233643e-01,-1.095188522338867188e+01,3.913913798332214355e+01
-1.849942952394485474e-01,-3.436218202114105225e-01,-1.095380306243896484e+01,3.914408397674560547e+01
-1.852094084024429321e-01,-3.436198234558105469e-01,-1.095526981353759766e+01,3.914912009239196777e+01
-1.854367852210998535e-01,-3.436228036880493164e-01,-1.095686817169189453e+01,3.915410995483398438e+01
-1.855375468730926514e-01,-3.436064422130584717e-01,-1.095859527587890625e+01,3.915919399261474609e+01
-1.856679916381835938e-01,-3.436490297317504883e-01,-1.096044540405273438e+01,3.916424512863159180e+01
-1.857676357030868530e-01,-3.437014520168304443e-01,-1.096241569519042969e+01,3.916912508010864258e+01
-1.850482076406478882e-01,-3.415982425212860107e-01,-1.096092891693115234e+01,3.917408800125122070e+01
-1.851573884487152100e-01,-3.416740000247955322e-01,-1.096262073516845703e+01,3.917917299270629883e+01
-1.852694153785705566e-01,-3.417270481586456299e-01,-1.096444606781005859e+01,3.918408799171447754e+01
-1.857029497623443604e-01,-3.418800234794616699e-01,-1.096604633331298828e+01,3.918913507461547852e+01
-1.861251443624496460e-01,-3.420420587062835693e-01,-1.096773052215576172e+01,3.919434905052185059e+01
-1.866451650857925415e-01,-3.421913385391235352e-01,-1.096938323974609375e+01,3.919924712181091309e+01
-1.872558444738388062e-01,-3.423195779323577881e-01,-1.097097873687744141e+01,3.920424413681030273e+01
-1.850348412990570068e-01,-3.425899446010589600e-01,-1.097233104705810547e+01,3.920925092697143555e+01
-1.846387386322021484e-01,-3.426701724529266357e-01,-1.097316646575927734e+01,3.921408915519714355e+01
-1.841960102319717407e-01,-3.427911698818206787e-01,-1.097380352020263672e+01,3.921929597854614258e+01
-1.834059953689575195e-01,-3.431457281112670898e-01,-1.097514057159423828e+01,3.922417593002319336e+01
-1.826362609863281250e-01,-3.433417081832885742e-01,-1.097597599029541016e+01,3.922942709922790527e+01
-1.817539632320404053e-01,-3.435461521148681641e-01,-1.097678565979003906e+01,3.923427295684814453e+01
-1.863630115985870361e-01,-3.420438468456268311e-01,-1.098218822479248047e+01,3.923929500579833984e+01
-1.860209554433822632e-01,-3.420108556747436523e-01,-1.098386383056640625e+01,3.924426603317260742e+01
-1.856352090835571289e-01,-3.419659733772277832e-01,-1.098560810089111328e+01,3.924926614761352539e+01
-1.859473437070846558e-01,-3.419722318649291992e-01,-1.098743438720703125e+01,3.925426697731018066e+01
-1.859781295061111450e-01,-3.419389128684997559e-01,-1.098929882049560547e+01,3.925946998596191406e+01
-1.861097365617752075e-01,-3.419035375118255615e-01,-1.099124050140380859e+01,3.926437807083129883e+01
-1.858216673135757446e-01,-3.418215811252593994e-01,-1.099314308166503906e+01,3.926925396919250488e+01
-1.858182549476623535e-01,-3.409472107887268066e-01,-1.099106597900390625e+01,3.927427506446838379e+01
-1.855974793434143066e-01,-3.410923779010772705e-01,-1.099269580841064453e+01,3.927946114540100098e+01
-1.860660761594772339e-01,-3.413335978984832764e-01,-1.099433898925781250e+01,3.928464913368225098e+01
-1.862354129552841187e-01,-3.414118289947509766e-01,-1.099605560302734375e+01,3.928942298889160156e+01
-1.865129470825195312e-01,-3.415457308292388916e-01,-1.099778938293457031e+01,3.929453396797180176e+01
-1.868925243616104126e-01,-3.417003452777862549e-01,-1.099950790405273438e+01,3.929947900772094727e+01
-1.869037449359893799e-01,-3.415837585926055908e-01,-1.100073909759521484e+01,3.930443501472473145e+01
-1.887224018573760986e-01,-3.428573608398437500e-01,-1.100341796875000000e+01,3.930936002731323242e+01
-1.890557706356048584e-01,-3.428299427032470703e-01,-1.100464057922363281e+01,3.931436514854431152e+01
-1.894424408674240112e-01,-3.431605100631713867e-01,-1.100592708587646484e+01,3.931951212882995605e+01
-1.898399293422698975e-01,-3.432830870151519775e-01,-1.100711154937744141e+01,3.932435011863708496e+01
-1.902704089879989624e-01,-3.434897363185882568e-01,-1.100825023651123047e+01,3.932953310012817383e+01
-1.904275864362716675e-01,-3.437759578227996826e-01,-1.100956726074218750e+01,3.933430910110473633e+01
-1.891928315162658691e-01,-3.417786657810211182e-01,-1.101168537139892578e+01,3.933949708938598633e+01
-1.891334801912307739e-01,-3.415636420249938965e-01,-1.101309776306152344e+01,3.934438204765319824e+01
-1.892247051000595093e-01,-3.414804041385650635e-01,-1.101467418670654297e+01,3.934952902793884277e+01
-1.891877353191375732e-01,-3.413550853729248047e-01,-1.101621150970458984e+01,3.935451602935791016e+01
-1.891251951456069946e-01,-3.412297964096069336e-01,-1.101777553558349609e+01,3.935960602760314941e+01
-1.890370994806289673e-01,-3.410880863666534424e-01,-1.101942157745361328e+01,3.936440396308898926e+01
-1.889233291149139404e-01,-3.409330546855926514e-01,-1.102109241485595703e+01,3.936942315101623535e+01
-1.893194317817687988e-01,-3.414282500743865967e-01,-1.102223777770996094e+01,3.937449193000793457e+01
-1.892152577638626099e-01,-3.413215577602386475e-01,-1.102405261993408203e+01,3.937962913513183594e+01
-1.889446377754211426e-01,-3.413162529468536377e-01,-1.102553653717041016e+01,3.938445711135864258e+01
-1.887068748474121094e-01,-3.412306606769561768e-01,-1.102722740173339844e+01,3.938947010040283203e+01
-1.884433925151824951e-01,-3.411423563957214355e-01,-1.102893733978271484e+01,3.939475202560424805e+01
-1.880213171243667603e-01,-3.411429524421691895e-01,-1.103043842315673828e+01,3.939964914321899414e+01
-1.875746548175811768e-01,-3.411335945129394531e-01,-1.103196334838867188e+01,3.940435504913330078e+01
-1.883646398782730103e-01,-3.438233137130737305e-01,-1.103311443328857422e+01,3.940964102745056152e+01
-1.886953562498092651e-01,-3.439857661724090576e-01,-1.103453540802001953e+01,3.941458702087402344e+01
-1.886309087276458740e-01,-3.442340493202209473e-01,-1.103587150573730469e+01,3.941964411735534668e+01
-1.886273473501205444e-01,-3.444865942001342773e-01,-1.103713703155517578e+01,3.942454600334167480e+01
-1.886546164751052856e-01,-3.446832895278930664e-01,-1.103847789764404297e+01,3.942976808547973633e+01
-1.887547522783279419e-01,-3.449227511882781982e-01,-1.103977394104003906e+01,3.943765807151794434e+01
-1.889096349477767944e-01,-3.451680839061737061e-01,-1.104109287261962891e+01,3.943954610824584961e+01
-1.887983977794647217e-01,-3.419276773929595947e-01,-1.104249572753906250e+01,3.944460511207580566e+01
-1.892830282449722290e-01,-3.419335782527923584e-01,-1.104410648345947266e+01,3.944961309432983398e+01
-1.898960024118423462e-01,-3.419804871082305908e-01,-1.104578304290771484e+01,3.945464205741882324e+01
-1.906470358371734619e-01,-3.420600891113281250e-01,-1.104755020141601562e+01,3.945992708206176758e+01
-1.906264275312423706e-01,-3.418301641941070557e-01,-1.104900360107421875e+01,3.946474599838256836e+01
-1.910405755043029785e-01,-3.416119515895843506e-01,-1.105067348480224609e+01,3.946964097023010254e+01
-1.908819377422332764e-01,-3.416335582733154297e-01,-1.105104255676269531e+01,3.947462105751037598e+01
-1.909968107938766479e-01,-3.418207764625549316e-01,-1.105276107788085938e+01,3.947978210449218750e+01
-1.910662502050399780e-01,-3.418394923210144043e-01,-1.105440425872802734e+01,3.948473095893859863e+01
-1.910877972841262817e-01,-3.418860733509063721e-01,-1.105607318878173828e+01,3.948978495597839355e+01
-1.910952031612396240e-01,-3.419092297554016113e-01,-1.105760574340820312e+01,3.949494814872741699e+01
-1.910675317049026489e-01,-3.419918715953826904e-01,-1.105923175811767578e+01,3.949978494644165039e+01
-1.910088211297988892e-01,-3.421093821525573730e-01,-1.106087398529052734e+01,3.950473403930664062e+01
-1.927340477705001831e-01,-3.421047627925872803e-01,-1.106247043609619141e+01,3.950976896286010742e+01
-1.929811835289001465e-01,-3.420727849006652832e-01,-1.106398868560791016e+01,3.951475405693054199e+01
-1.932771205902099609e-01,-3.420768082141876221e-01,-1.106548976898193359e+01,3.951978707313537598e+01
-1.932053565979003906e-01,-3.423074781894683838e-01,-1.106706905364990234e+01,3.952482104301452637e+01
-1.932304203510284424e-01,-3.424186706542968750e-01,-1.106852436065673828e+01,3.953005194664001465e+01
-1.931779086589813232e-01,-3.425607979297637939e-01,-1.106993484497070312e+01,3.953487300872802734e+01
-1.930450499057769775e-01,-3.442695438861846924e-01,-1.107128906250000000e+01,3.953976798057556152e+01
-1.930537670850753784e-01,-3.443477153778076172e-01,-1.107269859313964844e+01,3.954489302635192871e+01
-1.931173354387283325e-01,-3.445155024528503418e-01,-1.107412052154541016e+01,3.954992198944091797e+01
-1.932017654180526733e-01,-3.447102308273315430e-01,-1.107555866241455078e+01,3.955483412742614746e+01
-1.927063018083572388e-01,-3.448222279548645020e-01,-1.107695198059082031e+01,3.956005811691284180e+01
-1.924152821302413940e-01,-3.449267148971557617e-01,-1.107841300964355469e+01,3.956490397453308105e+01
-1.920281499624252319e-01,-3.449874222278594971e-01,-1.107990646362304688e+01,3.956991600990295410e+01
-1.927257925271987915e-01,-3.436661064624786377e-01,-1.107992839813232422e+01,3.957487392425537109e+01
-1.928769648075103760e-01,-3.438180685043334961e-01,-1.108126735687255859e+01,3.957991313934326172e+01
-1.931110769510269165e-01,-3.439854979515075684e-01,-1.108259963989257812e+01,3.958503794670104980e+01
-1.930302530527114868e-01,-3.440212309360504150e-01,-1.108414459228515625e+01,3.958990502357482910e+01
-1.931862980127334595e-01,-3.441470265388488770e-01,-1.108560276031494141e+01,3.959520602226257324e+01
-1.933601498603820801e-01,-3.443092703819274902e-01,-1.108708572387695312e+01,3.960002303123474121e+01
-1.936541348695755005e-01,-3.445824384689331055e-01,-1.108872509002685547e+01,3.960476994514465332e+01
-1.942973434925079346e-01,-3.432114124298095703e-01,-1.109171962738037109e+01,3.961006402969360352e+01
-1.948398649692535400e-01,-3.432253897190093994e-01,-1.109383106231689453e+01,3.961510109901428223e+01
-1.950944215059280396e-01,-3.430576920509338379e-01,-1.109555816650390625e+01,3.962006092071533203e+01
-1.954646557569503784e-01,-3.428991436958312988e-01,-1.109747028350830078e+01,3.962483215332031250e+01
-1.957983225584030151e-01,-3.426541090011596680e-01,-1.109937572479248047e+01,3.963012909889221191e+01
-1.961195319890975952e-01,-3.423679769039154053e-01,-1.110127735137939453e+01,3.963488292694091797e+01
-1.939934492111206055e-01,-3.443707227706909180e-01,-1.110128974914550781e+01,3.964005208015441895e+01
-1.939126253128051758e-01,-3.446374237537384033e-01,-1.110291767120361328e+01,3.964485406875610352e+01
-1.937668323516845703e-01,-3.449217975139617920e-01,-1.110454463958740234e+01,3.965002393722534180e+01
-1.946389675140380859e-01,-3.453258872032165527e-01,-1.110638332366943359e+01,3.965497994422912598e+01
-1.949960142374038696e-01,-3.457091748714447021e-01,-1.110808086395263672e+01,3.966025710105895996e+01
-1.954650580883026123e-01,-3.461329936981201172e-01,-1.110976219177246094e+01,3.966496706008911133e+01
-1.954837590456008911e-01,-3.462792336940765381e-01,-1.111093425750732422e+01,3.966998004913330078e+01
-1.943063735961914062e-01,-3.438932299613952637e-01,-1.111040878295898438e+01,3.967500996589660645e+01
-1.942809969186782837e-01,-3.438552916049957275e-01,-1.111133766174316406e+01,3.968008399009704590e+01
-1.940077245235443115e-01,-3.441902399063110352e-01,-1.111273670196533203e+01,3.968510198593139648e+01
-1.937897205352783203e-01,-3.443416655063629150e-01,-1.111380958557128906e+01,3.969015502929687500e+01
-1.935050040483474731e-01,-3.445055782794952393e-01,-1.111486339569091797e+01,3.969531011581420898e+01
-1.935815364122390747e-01,-3.448963165283203125e-01,-1.111645507812500000e+01,3.970017910003662109e+01
-1.935611814260482788e-01,-3.450200259685516357e-01,-1.111797428131103516e+01,3.970514512062072754e+01
-1.968788057565689087e-01,-3.441368341445922852e-01,-1.112232398986816406e+01,3.971016192436218262e+01
-1.966784894466400146e-01,-3.442388474941253662e-01,-1.112417125701904297e+01,3.971516895294189453e+01
-1.967455893754959106e-01,-3.443137407302856445e-01,-1.112630653381347656e+01,3.972010898590087891e+01
-1.967497467994689941e-01,-3.443718850612640381e-01,-1.112853050231933594e+01,3.972508311271667480e+01
-1.966679841279983521e-01,-3.445188701152801514e-01,-1.113080596923828125e+01,3.973030900955200195e+01
-1.971182227134704590e-01,-3.443833887577056885e-01,-1.113266754150390625e+01,3.973508214950561523e+01
-1.970590502023696899e-01,-3.444291055202484131e-01,-1.113236236572265625e+01,3.974043202400207520e+01
-1.973495781421661377e-01,-3.447419703006744385e-01,-1.113403701782226562e+01,3.974517798423767090e+01
-1.974967122077941895e-01,-3.452526032924652100e-01,-1.113479232788085938e+01,3.975023794174194336e+01
-1.977911740541458130e-01,-3.455682396888732910e-01,-1.113592433929443359e+01,3.975527811050415039e+01
-1.981295347213745117e-01,-3.459346592426300049e-01,-1.113689422607421875e+01,3.976038002967834473e+01
-1.982513219118118286e-01,-3.462404012680053711e-01,-1.113796997070312500e+01,3.976509809494018555e+01
-1.984540820121765137e-01,-3.466691076755523682e-01,-1.113888168334960938e+01,3.977019906044006348e+01
-1.980151683092117310e-01,-3.460236191749572754e-01,-1.114474868774414062e+01,3.977528905868530273e+01
-1.984029710292816162e-01,-3.460008800029754639e-01,-1.114631366729736328e+01,3.978030014038085938e+01
-1.986352801322937012e-01,-3.460622131824493408e-01,-1.114780235290527344e+01,3.978512692451477051e+01
-1.988833248615264893e-01,-3.460839092731475830e-01,-1.114924907684326172e+01,3.979031109809875488e+01
-1.990308165550231934e-01,-3.461963534355163574e-01,-1.115080451965332031e+01,3.979544615745544434e+01
-1.992139071226119995e-01,-3.462824523448944092e-01,-1.115230941772460938e+01,3.980027198791503906e+01
-1.993860304355621338e-01,-3.463815748691558838e-01,-1.115382766723632812e+01,3.980527210235595703e+01
-1.986322253942489624e-01,-3.455013334751129150e-01,-1.115338802337646484e+01,3.981038808822631836e+01
-1.989387422800064087e-01,-3.455078601837158203e-01,-1.115517997741699219e+01,3.981527709960937500e+01
-1.991353780031204224e-01,-3.455435335636138916e-01,-1.115683364868164062e+01,3.982038211822509766e+01
-1.993612498044967651e-01,-3.455676436424255371e-01,-1.115855407714843750e+01,3.982535815238952637e+01
-1.994181573390960693e-01,-3.455701172351837158e-01,-1.116020679473876953e+01,3.983037304878234863e+01
-1.995201110839843750e-01,-3.455575704574584961e-01,-1.116194725036621094e+01,3.983744502067565918e+01
-1.993184238672256470e-01,-3.456751406192779541e-01,-1.116346359252929688e+01,3.984056115150451660e+01
-1.993772834539413452e-01,-3.457593023777008057e-01,-1.116514873504638672e+01,3.984530496597290039e+01
-1.993721127510070801e-01,-3.458626568317413330e-01,-1.116692256927490234e+01,3.985044503211975098e+01
-1.993455439805984497e-01,-3.459746241569519043e-01,-1.116870784759521484e+01,3.985535812377929688e+01
-1.995792090892791748e-01,-3.461057841777801514e-01,-1.117055892944335938e+01,3.986070513725280762e+01
-1.997488737106323242e-01,-3.462305068969726562e-01,-1.117241859436035156e+01,3.986543893814086914e+01
-1.999828070402145386e-01,-3.463541567325592041e-01,-1.117430686950683594e+01,3.987043809890747070e+01
-2.011538445949554443e-01,-3.457970619201660156e-01,-1.117544937133789062e+01,3.987533807754516602e+01
-2.015061676502227783e-01,-3.458563983440399170e-01,-1.117714691162109375e+01,3.988056802749633789e+01
-2.018819749355316162e-01,-3.459157347679138184e-01,-1.117881679534912109e+01,3.988539099693298340e+01
-2.019954621791839600e-01,-3.460426032543182373e-01,-1.118034648895263672e+01,3.989049506187438965e+01
-2.021782249212265015e-01,-3.461229205131530762e-01,-1.118185424804687500e+01,3.989549708366394043e+01
-2.023054063320159912e-01,-3.462061882019042969e-01,-1.118330287933349609e+01,3.990053415298461914e+01
-2.032168060541152954e-01,-3.466658592224121094e-01,-1.118560409545898438e+01,3.990551495552062988e+01
-2.023259550333023071e-01,-3.471843600273132324e-01,-1.118700981140136719e+01,3.991059494018554688e+01
-2.022483050823211670e-01,-3.474796116352081299e-01,-1.118851280212402344e+01,3.991549706459045410e+01
-2.020819932222366333e-01,-3.478301167488098145e-01,-1.118998813629150391e+01,3.992049813270568848e+01
-2.023392617702484131e-01,-3.479369878768920898e-01,-1.119164848327636719e+01,3.992547297477722168e+01
-2.024291604757308960e-01,-3.481121957302093506e-01,-1.119322204589843750e+01,3.993062496185302734e+01
-2.025436162948608398e-01,-3.482198715209960938e-01,-1.119479751586914062e+01,3.993554806709289551e+01
-2.012449651956558228e-01,-3.453729152679443359e-01,-1.119447135925292969e+01,3.994041895866394043e+01
-2.014240771532058716e-01,-3.451229035854339600e-01,-1.119596767425537109e+01,3.994550514221191406e+01
-2.016453444957733154e-01,-3.448167741298675537e-01,-1.119747829437255859e+01,3.995046806335449219e+01
-2.022117674350738525e-01,-3.444840312004089355e-01,-1.119928264617919922e+01,3.995544409751892090e+01
-2.026353180408477783e-01,-3.440701067447662354e-01,-1.120080661773681641e+01,3.996104407310485840e+01
-2.031282782554626465e-01,-3.436070382595062256e-01,-1.120229148864746094e+01,3.996670508384704590e+01
-2.033988833427429199e-01,-3.433496057987213135e-01,-1.120362567901611328e+01,3.997074508666992188e+01
-2.011691331863403320e-01,-3.460836112499237061e-01,-1.120671463012695312e+01,3.997569108009338379e+01
-2.012107968330383301e-01,-3.460936844348907471e-01,-1.120853137969970703e+01,3.998051714897155762e+01
-2.012224197387695312e-01,-3.461381793022155762e-01,-1.121032714843750000e+01,3.998546600341796875e+01
-2.017937600612640381e-01,-3.459198474884033203e-01,-1.121188735961914062e+01,3.999066114425659180e+01
-2.021205425262451172e-01,-3.458690643310546875e-01,-1.121362972259521484e+01,3.999577403068542480e+01
-2.025241702795028687e-01,-3.458269834518432617e-01,-1.121535682678222656e+01,4.000060296058654785e+01
-2.020008414983749390e-01,-3.470578193664550781e-01,-1.121583366394042969e+01,4.000555109977722168e+01
-2.017239779233932495e-01,-3.471174240112304688e-01,-1.121736812591552734e+01,4.001067614555358887e+01
-2.013373672962188721e-01,-3.472034633159637451e-01,-1.121885967254638672e+01,4.001562595367431641e+01
-2.014921009540557861e-01,-3.470174968242645264e-01,-1.121980762481689453e+01,4.002069497108459473e+01
-2.013018727302551270e-01,-3.469673395156860352e-01,-1.122099781036376953e+01,4.002571702003479004e+01
-2.011223137378692627e-01,-3.469248414039611816e-01,-1.122207832336425781e+01,4.003062701225280762e+01
-2.009653002023696899e-01,-3.471792638301849365e-01,-1.122303485870361328e+01,4.003557896614074707e+01
-2.023111581802368164e-01,-3.480082452297210693e-01,-1.122695541381835938e+01,4.004079008102416992e+01
-2.022418230772018433e-01,-3.479776084423065186e-01,-1.122818946838378906e+01,4.004576396942138672e+01
-2.018177211284637451e-01,-3.481576442718505859e-01,-1.122984981536865234e+01,4.005074310302734375e+01
-2.015364766120910645e-01,-3.482725322246551514e-01,-1.123130416870117188e+01,4.005571007728576660e+01
-2.012020200490951538e-01,-3.484499454498291016e-01,-1.123276615142822266e+01,4.006101608276367188e+01
-2.009510844945907593e-01,-3.486903011798858643e-01,-1.123452186584472656e+01,4.006659102439880371e+01
-2.006132900714874268e-01,-3.488288223743438721e-01,-1.123623180389404297e+01,4.007071113586425781e+01
-2.041174918413162231e-01,-3.471014201641082764e-01,-1.123596858978271484e+01,4.007582998275756836e+01
-2.041658163070678711e-01,-3.469323515892028809e-01,-1.123777866363525391e+01,4.008096098899841309e+01
-2.045878171920776367e-01,-3.469467163085937500e-01,-1.123951435089111328e+01,4.008585500717163086e+01
-2.048460096120834351e-01,-3.469504415988922119e-01,-1.124143981933593750e+01,4.009095406532287598e+01
-2.051550298929214478e-01,-3.470092713832855225e-01,-1.124344253540039062e+01,4.009604310989379883e+01
-2.056825608015060425e-01,-3.467927873134613037e-01,-1.124516677856445312e+01,4.010088992118835449e+01
-2.028237134218215942e-01,-3.469672799110412598e-01,-1.124289798736572266e+01,4.010588407516479492e+01
-2.032771259546279907e-01,-3.467909395694732666e-01,-1.124427795410156250e+01,4.011084699630737305e+01
-2.027711272239685059e-01,-3.468566834926605225e-01,-1.124491786956787109e+01,4.011590409278869629e+01
-2.027754038572311401e-01,-3.466577231884002686e-01,-1.124581813812255859e+01,4.012083005905151367e+01
-2.026932984590530396e-01,-3.464346826076507568e-01,-1.124656963348388672e+01,4.012637710571289062e+01
-2.026601284742355347e-01,-3.463048934936523438e-01,-1.124769687652587891e+01,4.013106513023376465e+01
-2.025598287582397461e-01,-3.460815250873565674e-01,-1.124858188629150391e+01,4.013583803176879883e+01
-2.034302055835723877e-01,-3.481962680816650391e-01,-1.125361824035644531e+01,4.014098596572875977e+01
-2.037672400474548340e-01,-3.482672274112701416e-01,-1.125553035736083984e+01,4.014592504501342773e+01
-2.039258778095245361e-01,-3.483391702175140381e-01,-1.125723361968994141e+01,4.015102601051330566e+01
-2.041348516941070557e-01,-3.484494388103485107e-01,-1.125907039642333984e+01,4.015600013732910156e+01
-2.043945342302322388e-01,-3.486029207706451416e-01,-1.126097965240478516e+01,4.016116714477539062e+01
-2.044088393449783325e-01,-3.486210405826568604e-01,-1.126269817352294922e+01,4.016638898849487305e+01
-2.045581340789794922e-01,-3.486394882202148438e-01,-1.126464366912841797e+01,4.017105603218078613e+01
-2.037713527679443359e-01,-3.473841845989227295e-01,-1.126232910156250000e+01,4.017645406723022461e+01
-2.036087363958358765e-01,-3.471947014331817627e-01,-1.126362133026123047e+01,4.018097114562988281e+01
-2.035156786441802979e-01,-3.472118079662322998e-01,-1.126504802703857422e+01,4.018655300140380859e+01
-2.033913284540176392e-01,-3.471944034099578857e-01,-1.126646137237548828e+01,4.019103002548217773e+01
-2.034540325403213501e-01,-3.473574817180633545e-01,-1.126784229278564453e+01,4.019654607772827148e+01
-2.034367918968200684e-01,-3.474118411540985107e-01,-1.126920318603515625e+01,4.020100593566894531e+01
-2.045454680919647217e-01,-3.483048975467681885e-01,-1.127170372009277344e+01,4.020651912689208984e+01
-2.043783515691757202e-01,-3.480933904647827148e-01,-1.127309608459472656e+01,4.021112895011901855e+01
-2.043582797050476074e-01,-3.480792641639709473e-01,-1.127445030212402344e+01,4.021653509140014648e+01
-2.042965590953826904e-01,-3.480542004108428955e-01,-1.127578067779541016e+01,4.022113108634948730e+01
-2.040857374668121338e-01,-3.481676876544952393e-01,-1.127732372283935547e+01,4.022646903991699219e+01
-2.038719356060028076e-01,-3.482909500598907471e-01,-1.127879619598388672e+01,4.023108410835266113e+01
-2.035923600196838379e-01,-3.484567999839782715e-01,-1.128030395507812500e+01,4.023777008056640625e+01
-2.037650048732757568e-01,-3.485410511493682861e-01,-1.128202533721923828e+01,4.024143505096435547e+01
-2.038286477327346802e-01,-3.486694395542144775e-01,-1.128369808197021484e+01,4.024664092063903809e+01
-2.039625197649002075e-01,-3.487828671932220459e-01,-1.128537368774414062e+01,4.025146198272705078e+01
-2.041548937559127808e-01,-3.489606678485870361e-01,-1.128704738616943359e+01,4.025654602050781250e+01
-2.039668560028076172e-01,-3.489730358123779297e-01,-1.128852272033691406e+01,4.026145005226135254e+01
-2.040193229913711548e-01,-3.489792048931121826e-01,-1.129013538360595703e+01,4.026723098754882812e+01
-2.040557414293289185e-01,-3.490153551101684570e-01,-1.129173278808593750e+01,4.027133107185363770e+01
-2.042812258005142212e-01,-3.485886156558990479e-01,-1.129124832153320312e+01,4.027663111686706543e+01
-2.043090909719467163e-01,-3.487202525138854980e-01,-1.129251480102539062e+01,4.028120803833007812e+01
-2.043664157390594482e-01,-3.489121198654174805e-01,-1.129377746582031250e+01,4.028647398948669434e+01
-2.042743712663650513e-01,-3.490000665187835693e-01,-1.129512977600097656e+01,4.029131197929382324e+01
-2.042111754417419434e-01,-3.491235971450805664e-01,-1.129645538330078125e+01,4.029656314849853516e+01
-2.041278332471847534e-01,-3.492562770843505859e-01,-1.129780483245849609e+01,4.030120301246643066e+01
-2.037024945020675659e-01,-3.479933142662048340e-01,-1.129908275604248047e+01,4.030663394927978516e+01
-2.036105990409851074e-01,-3.479884564876556396e-01,-1.130042934417724609e+01,4.031131315231323242e+01
-2.035150974988937378e-01,-3.479637503623962402e-01,-1.130177879333496094e+01,4.031668400764465332e+01
-2.036240845918655396e-01,-3.479537963867187500e-01,-1.130319499969482422e+01,4.032126998901367188e+01
-2.037136107683181763e-01,-3.479504287242889404e-01,-1.130463790893554688e+01,4.032652807235717773e+01
-2.038532793521881104e-01,-3.479298949241638184e-01,-1.130613136291503906e+01,4.033149814605712891e+01
-2.040549665689468384e-01,-3.479053974151611328e-01,-1.130765628814697266e+01,4.033667707443237305e+01
-2.026837468147277832e-01,-3.482401967048645020e-01,-1.130994415283203125e+01,4.034129405021667480e+01
-2.023577541112899780e-01,-3.483321070671081543e-01,-1.131163215637207031e+01,4.034672498703002930e+01
-2.019957005977630615e-01,-3.484588563442230225e-01,-1.131337070465087891e+01,4.035132002830505371e+01
-2.017541974782943726e-01,-3.486459255218505859e-01,-1.131453514099121094e+01,4.035655903816223145e+01
-2.013812065124511719e-01,-3.488085269927978516e-01,-1.131596469879150391e+01,4.036159205436706543e+01
-2.009973973035812378e-01,-3.490046262741088867e-01,-1.131732654571533203e+01,4.036655497550964355e+01
-2.006724923849105835e-01,-3.491822779178619385e-01,-1.131857585906982422e+01,4.037154603004455566e+01
-2.033432871103286743e-01,-3.483030498027801514e-01,-1.131998443603515625e+01,4.037666106224060059e+01
-2.032518684864044189e-01,-3.483694493770599365e-01,-1.132117462158203125e+01,4.038134813308715820e+01
-2.031994163990020752e-01,-3.484281003475189209e-01,-1.132276821136474609e+01,4.038661313056945801e+01
-2.031380832195281982e-01,-3.485020399093627930e-01,-1.132412433624267578e+01,4.039150810241699219e+01
-2.030877321958541870e-01,-3.485995829105377197e-01,-1.132550430297851562e+01,4.039661312103271484e+01
-2.031075954437255859e-01,-3.486726880073547363e-01,-1.132701206207275391e+01,4.040146493911743164e+01
-2.042542994022369385e-01,-3.486853837966918945e-01,-1.132971382141113281e+01,4.040658712387084961e+01
-2.044119685888290405e-01,-3.487302064895629883e-01,-1.133145904541015625e+01,4.041148996353149414e+01
-2.045885771512985229e-01,-3.487268388271331787e-01,-1.133325672149658203e+01,4.041671800613403320e+01
-2.043993622064590454e-01,-3.486270010471343994e-01,-1.133497238159179688e+01,4.042138814926147461e+01
-2.044107317924499512e-01,-3.485654890537261963e-01,-1.133677864074707031e+01,4.042666411399841309e+01
-2.043994814157485962e-01,-3.484808504581451416e-01,-1.133862590789794922e+01,4.043155002593994141e+01
-2.047537118196487427e-01,-3.484710156917572021e-01,-1.134057903289794922e+01,4.043673205375671387e+01
-2.052520513534545898e-01,-3.481428623199462891e-01,-1.133972930908203125e+01,4.044156098365783691e+01
-2.057321965694427490e-01,-3.482452630996704102e-01,-1.134143066406250000e+01,4.044665503501892090e+01
-2.055320441722869873e-01,-3.482819497585296631e-01,-1.134301280975341797e+01,4.045151996612548828e+01
-2.057085037231445312e-01,-3.483744263648986816e-01,-1.134471225738525391e+01,4.045659303665161133e+01
-2.058378010988235474e-01,-3.484388589859008789e-01,-1.134643459320068359e+01,4.046182894706726074e+01
-2.059016078710556030e-01,-3.484835922718048096e-01,-1.134798717498779297e+01,4.046659398078918457e+01
-2.059191912412643433e-01,-3.485357463359832764e-01,-1.134955978393554688e+01,4.047157096862792969e+01
-2.050071209669113159e-01,-3.492895364761352539e-01,-1.135084629058837891e+01,4.047681403160095215e+01
-2.048931866884231567e-01,-3.493081033229827881e-01,-1.135188865661621094e+01,4.048148894309997559e+01
-2.046918272972106934e-01,-3.495062291622161865e-01,-1.135299301147460938e+01,4.048667097091674805e+01
-2.044594883918762207e-01,-3.496820032596588135e-01,-1.135398864746093750e+01,4.049158692359924316e+01
-2.046493142843246460e-01,-3.497876822948455811e-01,-1.135540771484375000e+01,4.049679899215698242e+01
-2.047185152769088745e-01,-3.499804437160491943e-01,-1.135660839080810547e+01,4.050164008140563965e+01
-2.069590389728546143e-01,-3.493788838386535645e-01,-1.136079883575439453e+01,4.050674009323120117e+01
-2.074898481369018555e-01,-3.495676815509796143e-01,-1.136240005493164062e+01,4.051171898841857910e+01
-2.069877386093139648e-01,-3.497569262981414795e-01,-1.136426544189453125e+01,4.051671409606933594e+01
-2.070721834897994995e-01,-3.499470651149749756e-01,-1.136609840393066406e+01,4.052170014381408691e+01
-2.070599198341369629e-01,-3.501662909984588623e-01,-1.136796379089355469e+01,4.052696108818054199e+01
-2.072523236274719238e-01,-3.503117561340332031e-01,-1.136987304687500000e+01,4.053191113471984863e+01
-2.073249667882919312e-01,-3.504808843135833740e-01,-1.137183094024658203e+01,4.053671002388000488e+01
-2.067366987466812134e-01,-3.486801385879516602e-01,-1.136963844299316406e+01,4.054170298576354980e+01
-2.074662595987319946e-01,-3.487718999385833740e-01,-1.137145137786865234e+01,4.054670500755310059e+01
-2.080052793025970459e-01,-3.488317728042602539e-01,-1.137332344055175781e+01,4.055180597305297852e+01
-2.086328417062759399e-01,-3.489114344120025635e-01,-1.137524414062500000e+01,4.055687904357910156e+01
-2.088952958583831787e-01,-3.490099608898162842e-01,-1.137696647644042969e+01,4.056214714050292969e+01
-2.093323320150375366e-01,-3.490949869155883789e-01,-1.137878322601318359e+01,4.056710100173950195e+01
-2.097372114658355713e-01,-3.491889834403991699e-01,-1.138058567047119141e+01,4.057182002067565918e+01
-2.070032656192779541e-01,-3.487327992916107178e-01,-1.137997913360595703e+01,4.057690000534057617e+01
-2.071644216775894165e-01,-3.487829864025115967e-01,-1.138144111633300781e+01,4.058195495605468750e+01
-2.073271870613098145e-01,-3.487603068351745605e-01,-1.138286495208740234e+01,4.058697795867919922e+01
-2.075022011995315552e-01,-3.487169742584228516e-01,-1.138425445556640625e+01,4.059183311462402344e+01
-2.071960419416427612e-01,-3.486827313899993896e-01,-1.138520717620849609e+01,4.059696912765502930e+01
-2.070678323507308960e-01,-3.486348986625671387e-01,-1.138624477386474609e+01,4.060182404518127441e+01
-2.065251618623733521e-01,-3.494100570678710938e-01,-1.138794994354248047e+01,4.060699295997619629e+01
-2.068262398242950439e-01,-3.496334552764892578e-01,-1.138926601409912109e+01,4.061195993423461914e+01
-2.067767530679702759e-01,-3.497070968151092529e-01,-1.139026451110839844e+01,4.061699104309082031e+01
-2.067389339208602905e-01,-3.497974872589111328e-01,-1.139121723175048828e+01,4.062194705009460449e+01
-2.067960351705551147e-01,-3.499718904495239258e-01,-1.139248943328857422e+01,4.062718009948730469e+01
-2.068456560373306274e-01,-3.500576615333557129e-01,-1.139367485046386719e+01,4.063207602500915527e+01
-2.069390565156936646e-01,-3.501257002353668213e-01,-1.139494419097900391e+01,4.063782405853271484e+01
-2.078945487737655640e-01,-3.492853343486785889e-01,-1.139751529693603516e+01,4.064212203025817871e+01
-2.081756442785263062e-01,-3.492873609066009521e-01,-1.139904403686523438e+01,4.064702510833740234e+01
-2.084912508726119995e-01,-3.492694795131683350e-01,-1.140062046051025391e+01,4.065214014053344727e+01
-2.082278579473495483e-01,-3.491757512092590332e-01,-1.140253543853759766e+01,4.065698504447937012e+01
-2.083691507577896118e-01,-3.491319119930267334e-01,-1.140432357788085938e+01,4.066219711303710938e+01
-2.085021138191223145e-01,-3.490371406078338623e-01,-1.140618038177490234e+01,4.066703701019287109e+01
-2.092900127172470093e-01,-3.486224412918090820e-01,-1.140778350830078125e+01,4.067219305038452148e+01
-2.095116823911666870e-01,-3.484332263469696045e-01,-1.140963840484619141e+01,4.067711305618286133e+01
-2.097322195768356323e-01,-3.481630980968475342e-01,-1.141148376464843750e+01,4.068180108070373535e+01
-2.099370062351226807e-01,-3.478543162345886230e-01,-1.141328144073486328e+01,4.068719506263732910e+01
-2.101406753063201904e-01,-3.480628132820129395e-01,-1.141477966308593750e+01,4.069197392463684082e+01
-2.103454619646072388e-01,-3.478853404521942139e-01,-1.141636657714843750e+01,4.069722414016723633e+01
-2.105486989021301270e-01,-3.477172255516052246e-01,-1.141790771484375000e+01,4.070208811759948730e+01
-2.107282578945159912e-01,-3.509593307971954346e-01,-1.141942787170410156e+01,4.070719313621520996e+01
-2.108235806226730347e-01,-3.512170314788818359e-01,-1.142078018188476562e+01,4.071202898025512695e+01
-2.108944207429885864e-01,-3.515129983425140381e-01,-1.142206478118896484e+01,4.071716213226318359e+01
-2.108396291732788086e-01,-3.515528440475463867e-01,-1.142350387573242188e+01,4.072204899787902832e+01
-2.107957154512405396e-01,-3.517262935638427734e-01,-1.142480754852294922e+01,4.072735905647277832e+01
-2.107077240943908691e-01,-3.518845438957214355e-01,-1.142608833312988281e+01,4.073215699195861816e+01
-2.107600718736648560e-01,-3.521410226821899414e-01,-1.142760467529296875e+01,4.073707008361816406e+01
-2.109955102205276489e-01,-3.506044447422027588e-01,-1.142935943603515625e+01,4.074197292327880859e+01
-2.110839635133743286e-01,-3.509414792060852051e-01,-1.143092441558837891e+01,4.074700808525085449e+01
-2.108354568481445312e-01,-3.509232401847839355e-01,-1.143219566345214844e+01,4.075214910507202148e+01
-2.107158452272415161e-01,-3.510583639144897461e-01,-1.143361377716064453e+01,4.075708508491516113e+01
-2.105462998151779175e-01,-3.511757552623748779e-01,-1.143500614166259766e+01,4.076225399971008301e+01
-2.103174030780792236e-01,-3.512409031391143799e-01,-1.143636894226074219e+01,4.076726198196411133e+01
-2.113114595413208008e-01,-3.514459431171417236e-01,-1.143870162963867188e+01,4.077214908599853516e+01
-2.115184962749481201e-01,-3.516215384006500244e-01,-1.144039154052734375e+01,4.077718400955200195e+01
-2.117441594600677490e-01,-3.518195450305938721e-01,-1.144209384918212891e+01,4.078215193748474121e+01
-2.118813842535018921e-01,-3.516864180564880371e-01,-1.144407081604003906e+01,4.078726601600646973e+01
-2.120809704065322876e-01,-3.517344892024993896e-01,-1.144594287872314453e+01,4.079215097427368164e+01
-2.122849524021148682e-01,-3.517284989356994629e-01,-1.144787788391113281e+01,4.079729413986206055e+01
-2.129425853490829468e-01,-3.517619967460632324e-01,-1.144994163513183594e+01,4.080215501785278320e+01
-2.115233838558197021e-01,-3.512316048145294189e-01,-1.144892024993896484e+01,4.080730009078979492e+01
-2.122495919466018677e-01,-3.514303267002105713e-01,-1.145083618164062500e+01,4.081215214729309082e+01
-2.123399376869201660e-01,-3.513332903385162354e-01,-1.145207977294921875e+01,4.081725907325744629e+01
-2.128548473119735718e-01,-3.514317870140075684e-01,-1.145362663269042969e+01,4.082227897644042969e+01
-2.133721858263015747e-01,-3.515274822711944580e-01,-1.145510101318359375e+01,4.082748603820800781e+01
-2.138263434171676636e-01,-3.517862260341644287e-01,-1.145631599426269531e+01,4.083223199844360352e+01
-2.142829000949859619e-01,-3.519313633441925049e-01,-1.145748138427734375e+01,4.083722400665283203e+01
-2.123281657695770264e-01,-3.522574007511138916e-01,-1.145888710021972656e+01,4.084223914146423340e+01
-2.123194932937622070e-01,-3.524393141269683838e-01,-1.146057319641113281e+01,4.084774208068847656e+01
-2.123634517192840576e-01,-3.524810969829559326e-01,-1.146193408966064453e+01,4.085228109359741211e+01
-2.123534977436065674e-01,-3.525401353836059570e-01,-1.146332454681396484e+01,4.085722398757934570e+01
-2.122859507799148560e-01,-3.526459038257598877e-01,-1.146474933624267578e+01,4.086252307891845703e+01
-2.124278992414474487e-01,-3.526619076728820801e-01,-1.146650409698486328e+01,4.086726999282836914e+01
-2.131247073411941528e-01,-3.520181775093078613e-01,-1.146799659729003906e+01,4.087226605415344238e+01
-2.132255136966705322e-01,-3.521163165569305420e-01,-1.146985435485839844e+01,4.087718796730041504e+01
-2.129715681076049805e-01,-3.522541224956512451e-01,-1.147135066986083984e+01,4.088221001625061035e+01
-2.128450721502304077e-01,-3.523935675621032715e-01,-1.147310924530029297e+01,4.088743114471435547e+01
-2.126666009426116943e-01,-3.525698482990264893e-01,-1.147489452362060547e+01,4.089236497879028320e+01
-2.127994298934936523e-01,-3.525418043136596680e-01,-1.147644519805908203e+01,4.089743113517761230e+01
-2.128044813871383667e-01,-3.526342511177062988e-01,-1.147805690765380859e+01,4.090245795249938965e+01
-2.148777395486831665e-01,-3.517020642757415771e-01,-1.147883319854736328e+01,4.090745306015014648e+01
-2.150403261184692383e-01,-3.520655930042266846e-01,-1.148041343688964844e+01,4.091244602203369141e+01
-2.153691202402114868e-01,-3.521965444087982178e-01,-1.148192214965820312e+01,4.091771912574768066e+01
-2.157204747200012207e-01,-3.522925078868865967e-01,-1.148348236083984375e+01,4.092246413230895996e+01
-2.162191271781921387e-01,-3.522733449935913086e-01,-1.148521327972412109e+01,4.092760515213012695e+01
-2.166659981012344360e-01,-3.522652685642242432e-01,-1.148685264587402344e+01,4.093253898620605469e+01
-2.171449661254882812e-01,-3.522137403488159180e-01,-1.148851490020751953e+01,4.093742012977600098e+01
-2.145568132400512695e-01,-3.520945310592651367e-01,-1.148858165740966797e+01,4.094253993034362793e+01
-2.149567604064941406e-01,-3.521421849727630615e-01,-1.149028682708740234e+01,4.094757413864135742e+01
-2.153723388910293579e-01,-3.521939814090728760e-01,-1.149189758300781250e+01,4.095246505737304688e+01
-2.158308625221252441e-01,-3.522704243659973145e-01,-1.149353504180908203e+01,4.095755100250244141e+01
-2.161022722721099854e-01,-3.523681163787841797e-01,-1.149510288238525391e+01,4.096266508102416992e+01
-2.164480388164520264e-01,-3.524691760540008545e-01,-1.149672794342041016e+01,4.096752810478210449e+01
-2.144777327775955200e-01,-3.523454368114471436e-01,-1.149702358245849609e+01,4.097257995605468750e+01
-2.144257128238677979e-01,-3.523738384246826172e-01,-1.149853134155273438e+01,4.097756409645080566e+01
-2.143875956535339355e-01,-3.524231314659118652e-01,-1.150002479553222656e+01,4.098253512382507324e+01
-2.143210917711257935e-01,-3.525144159793853760e-01,-1.150152301788330078e+01,4.098761892318725586e+01
-2.142239511013031006e-01,-3.526205122470855713e-01,-1.150300407409667969e+01,4.099265694618225098e+01
-2.140841484069824219e-01,-3.526976108551025391e-01,-1.150449848175048828e+01,4.099766206741333008e+01
-2.139128744602203369e-01,-3.527937233448028564e-01,-1.150599861145019531e+01,4.100258207321166992e+01
-2.144254148006439209e-01,-3.524602353572845459e-01,-1.150804519653320312e+01,4.100758004188537598e+01
-2.144365012645721436e-01,-3.525913357734680176e-01,-1.150971317291259766e+01,4.101257705688476562e+01
-2.144886106252670288e-01,-3.528029024600982666e-01,-1.151138401031494141e+01,4.101769709587097168e+01
-2.145498394966125488e-01,-3.530225753784179688e-01,-1.151308250427246094e+01,4.102266001701354980e+01
-2.147040963172912598e-01,-3.528978824615478516e-01,-1.151455688476562500e+01,4.102780508995056152e+01
-2.148709297180175781e-01,-3.529811203479766846e-01,-1.151613044738769531e+01,4.103715801239013672e+01
-2.150881737470626831e-01,-3.531098663806915283e-01,-1.151764678955078125e+01,4.103792095184326172e+01
-2.154541760683059692e-01,-3.535540997982025146e-01,-1.151940059661865234e+01,4.104256200790405273e+01
-2.155931442975997925e-01,-3.537506461143493652e-01,-1.152083683013916016e+01,4.104797601699829102e+01
-2.157386690378189087e-01,-3.539656996726989746e-01,-1.152222156524658203e+01,4.105270004272460938e+01
-2.157154679298400879e-01,-3.540791273117065430e-01,-1.152372646331787109e+01,4.105798006057739258e+01
-2.157663702964782715e-01,-3.542451560497283936e-01,-1.152511024475097656e+01,4.106303095817565918e+01
-2.157991975545883179e-01,-3.543950021266937256e-01,-1.152648544311523438e+01,4.106768202781677246e+01
-2.172733992338180542e-01,-3.537167608737945557e-01,-1.152861595153808594e+01,4.107266592979431152e+01
-2.176602184772491455e-01,-3.539316356182098389e-01,-1.153018951416015625e+01,4.107766008377075195e+01
-2.181016653776168823e-01,-3.541781008243560791e-01,-1.153178977966308594e+01,4.108260297775268555e+01
-2.181011438369750977e-01,-3.541647195816040039e-01,-1.153318786621093750e+01,4.108768701553344727e+01
-2.183250784873962402e-01,-3.542833626270294189e-01,-1.153469085693359375e+01,4.109284806251525879e+01
-2.185105979442596436e-01,-3.543914556503295898e-01,-1.153615856170654297e+01,4.109794712066650391e+01
-2.188099026679992676e-01,-3.545563817024230957e-01,-1.153775596618652344e+01,4.110283112525939941e+01
-2.172086089849472046e-01,-3.526853919029235840e-01,-1.153819561004638672e+01,4.110786104202270508e+01
-2.173263281583786011e-01,-3.525215387344360352e-01,-1.153977012634277344e+01,4.111283493041992188e+01
-2.174548208713531494e-01,-3.523497879505157471e-01,-1.154135990142822266e+01,4.111811900138854980e+01
-2.174246758222579956e-01,-3.522503376007080078e-01,-1.154295921325683594e+01,4.112282395362854004e+01
-2.174748182296752930e-01,-3.521333038806915283e-01,-1.154464340209960938e+01,4.112804293632507324e+01
-2.175115793943405151e-01,-3.520170748233795166e-01,-1.154637527465820312e+01,4.113286113739013672e+01
-2.174432575702667236e-01,-3.518889546394348145e-01,-1.154815196990966797e+01,4.113771104812622070e+01
-2.178492546081542969e-01,-3.534132838249206543e-01,-1.155026912689208984e+01,4.114271998405456543e+01
-2.177633345127105713e-01,-3.534270524978637695e-01,-1.155217838287353516e+01,4.114773297309875488e+01
-2.190928608179092407e-01,-3.534194529056549072e-01,-1.155416297912597656e+01,4.115269994735717773e+01
-2.198347151279449463e-01,-3.535286188125610352e-01,-1.155613231658935547e+01,4.115790510177612305e+01
-2.207859456539154053e-01,-3.537206351757049561e-01,-1.155814933776855469e+01,4.116307306289672852e+01
-2.208592891693115234e-01,-3.538261055946350098e-01,-1.155955505371093750e+01,4.116773796081542969e+01
-2.159104496240615845e-01,-3.529789745807647705e-01,-1.155745792388916016e+01,4.117278409004211426e+01
-2.153003811836242676e-01,-3.527379035949707031e-01,-1.155822753906250000e+01,4.117778611183166504e+01
-2.144531458616256714e-01,-3.529213964939117432e-01,-1.155925941467285156e+01,4.118284797668457031e+01
-2.135802060365676880e-01,-3.529198467731475830e-01,-1.155998229980468750e+01,4.118777894973754883e+01
-2.126122862100601196e-01,-3.529154956340789795e-01,-1.156061935424804688e+01,4.119307398796081543e+01
-2.115483134984970093e-01,-3.528895080089569092e-01,-1.156117916107177734e+01,4.119797205924987793e+01
-2.110332399606704712e-01,-3.529168069362640381e-01,-1.156270122528076172e+01,4.120284700393676758e+01
-2.217131406068801880e-01,-3.531969487667083740e-01,-1.156919670104980469e+01,4.120779895782470703e+01
-2.220855355262756348e-01,-3.527790606021881104e-01,-1.157095813751220703e+01,4.121285200119018555e+01
-2.217592447996139526e-01,-3.525637984275817871e-01,-1.157222080230712891e+01,4.121786308288574219e+01
-2.217485457658767700e-01,-3.522976636886596680e-01,-1.157393360137939453e+01,4.122304606437683105e+01
-2.216339111328125000e-01,-3.520763516426086426e-01,-1.157568264007568359e+01,4.122798109054565430e+01
-2.220700234174728394e-01,-3.515775203704833984e-01,-1.157719135284423828e+01,4.123297715187072754e+01
-2.222976833581924438e-01,-3.512995243072509766e-01,-1.157880401611328125e+01,4.123811292648315430e+01
-2.216709703207015991e-01,-3.547367453575134277e-01,-1.157949352264404297e+01,4.124299407005310059e+01
-2.215073108673095703e-01,-3.548467755317687988e-01,-1.158082294464111328e+01,4.124799609184265137e+01
-2.216826677322387695e-01,-3.550030291080474854e-01,-1.158218383789062500e+01,4.125298213958740234e+01
-2.218235135078430176e-01,-3.551927208900451660e-01,-1.158347034454345703e+01,4.125798201560974121e+01
-2.220255136489868164e-01,-3.554482460021972656e-01,-1.158478260040283203e+01,4.126327800750732422e+01
-2.221853435039520264e-01,-3.556979596614837646e-01,-1.158605098724365234e+01,4.126798009872436523e+01
-2.223405987024307251e-01,-3.559747338294982910e-01,-1.158730316162109375e+01,4.127299094200134277e+01
-2.212610989809036255e-01,-3.553844392299652100e-01,-1.158979892730712891e+01,4.127816414833068848e+01
-2.213884741067886353e-01,-3.553426563739776611e-01,-1.159122371673583984e+01,4.128302597999572754e+01
-2.215313762426376343e-01,-3.552609682083129883e-01,-1.159268188476562500e+01,4.128786301612854004e+01
-2.217025905847549438e-01,-3.552187979221343994e-01,-1.159416198730468750e+01,4.129326701164245605e+01
-2.218722552061080933e-01,-3.552683889865875244e-01,-1.159571552276611328e+01,4.129808306694030762e+01
-2.220618128776550293e-01,-3.552803099155426025e-01,-1.159729576110839844e+01,4.130319595336914062e+01
-2.212037295103073120e-01,-3.551660180091857910e-01,-1.159748649597167969e+01,4.130815005302429199e+01
-2.213064134120941162e-01,-3.551821410655975342e-01,-1.159914970397949219e+01,4.131309199333190918e+01
-2.214315086603164673e-01,-3.552820980548858643e-01,-1.160078239440917969e+01,4.131812906265258789e+01
-2.215646505355834961e-01,-3.553706705570220947e-01,-1.160246658325195312e+01,4.132319998741149902e+01
-2.216702252626419067e-01,-3.554477989673614502e-01,-1.160424613952636719e+01,4.132845115661621094e+01
-2.217856794595718384e-01,-3.555284738540649414e-01,-1.160606098175048828e+01,4.133313012123107910e+01
-2.218963652849197388e-01,-3.555974364280700684e-01,-1.160793685913085938e+01,4.133824396133422852e+01
-2.215443849563598633e-01,-3.543700873851776123e-01,-1.160872364044189453e+01,4.134321093559265137e+01
-2.217273116111755371e-01,-3.544014990329742432e-01,-1.161064434051513672e+01,4.134818315505981445e+01
-2.219445407390594482e-01,-3.544454276561737061e-01,-1.161263084411621094e+01,4.135315608978271484e+01
-2.222246378660202026e-01,-3.545445203781127930e-01,-1.161425590515136719e+01,4.135827898979187012e+01
-2.225445657968521118e-01,-3.546481132507324219e-01,-1.161601829528808594e+01,4.136346793174743652e+01
-2.229082882404327393e-01,-3.547408282756805420e-01,-1.161772251129150391e+01,4.136831307411193848e+01
-2.231593728065490723e-01,-3.551181554794311523e-01,-1.161822509765625000e+01,4.137330794334411621e+01
-2.226736694574356079e-01,-3.549958765506744385e-01,-1.161907863616943359e+01,4.137832903861999512e+01
-2.226172387599945068e-01,-3.550152778625488281e-01,-1.162010383605957031e+01,4.138330006599426270e+01
-2.224662303924560547e-01,-3.549766242504119873e-01,-1.162095737457275391e+01,4.138859796524047852e+01
-2.224600613117218018e-01,-3.551821708679199219e-01,-1.162215709686279297e+01,4.139357304573059082e+01
-2.223558425903320312e-01,-3.553349077701568604e-01,-1.162314891815185547e+01,4.139840292930603027e+01
-2.222441881895065308e-01,-3.555432558059692383e-01,-1.162415218353271484e+01,4.140331196784973145e+01
-2.236396074295043945e-01,-3.575173914432525635e-01,-1.162827587127685547e+01,4.140832996368408203e+01
-2.236101180315017700e-01,-3.580497503280639648e-01,-1.162963867187500000e+01,4.141330409049987793e+01
-2.235741019248962402e-01,-3.586606979370117188e-01,-1.163103008270263672e+01,4.141830015182495117e+01
-2.237464487552642822e-01,-3.588616847991943359e-01,-1.163275337219238281e+01,4.142343401908874512e+01
-2.237701117992401123e-01,-3.593038320541381836e-01,-1.163423824310302734e+01,4.142849707603454590e+01
-2.237935662269592285e-01,-3.597894906997680664e-01,-1.163574981689453125e+01,4.143715906143188477e+01
-2.238809019327163696e-01,-3.601606488227844238e-01,-1.163728332519531250e+01,4.143831992149353027e+01
-2.233452945947647095e-01,-3.550195693969726562e-01,-1.163755130767822266e+01,4.144341802597045898e+01
-2.233825474977493286e-01,-3.549554646015167236e-01,-1.163912582397460938e+01,4.144868397712707520e+01
-2.234978377819061279e-01,-3.550313115119934082e-01,-1.164075660705566406e+01,4.145361709594726562e+01
-2.236123830080032349e-01,-3.550177514553070068e-01,-1.164239978790283203e+01,4.145827698707580566e+01
-2.237638533115386963e-01,-3.550437986850738525e-01,-1.164408111572265625e+01,4.146348214149475098e+01
-2.239475995302200317e-01,-3.550889790058135986e-01,-1.164577579498291016e+01,4.146839594841003418e+01
-2.233819365501403809e-01,-3.550909459590911865e-01,-1.164616394042968750e+01,4.147342705726623535e+01
-2.233393341302871704e-01,-3.550304472446441650e-01,-1.164761638641357422e+01,4.147854614257812500e+01
-2.232797890901565552e-01,-3.549633324146270752e-01,-1.164904308319091797e+01,4.148342299461364746e+01
-2.234862744808197021e-01,-3.551346957683563232e-01,-1.165042686462402344e+01,4.148849296569824219e+01
-2.235674411058425903e-01,-3.551824688911437988e-01,-1.165181922912597656e+01,4.149359512329101562e+01
-2.236820608377456665e-01,-3.552668690681457520e-01,-1.165320014953613281e+01,4.149854898452758789e+01
-2.236700057983398438e-01,-3.552249073982238770e-01,-1.165461635589599609e+01,4.150349092483520508e+01
-2.243796437978744507e-01,-3.556702136993408203e-01,-1.165709018707275391e+01,4.150850510597229004e+01
-2.244128882884979248e-01,-3.555424213409423828e-01,-1.165858554840087891e+01,4.151348614692687988e+01
-2.242633551359176636e-01,-3.554112911224365234e-01,-1.166030311584472656e+01,4.151849913597106934e+01
-2.241586297750473022e-01,-3.552423119544982910e-01,-1.166194152832031250e+01,4.152349305152893066e+01
-2.240095883607864380e-01,-3.550477027893066406e-01,-1.166361141204833984e+01,4.152896809577941895e+01
-2.235360890626907349e-01,-3.548999130725860596e-01,-1.166531848907470703e+01,4.153349709510803223e+01
-2.230519801378250122e-01,-3.547236323356628418e-01,-1.166706848144531250e+01,4.153846192359924316e+01
-2.233461588621139526e-01,-3.562548756599426270e-01,-1.166922569274902344e+01,4.154351806640625000e+01
-2.226015776395797729e-01,-3.563588261604309082e-01,-1.167109107971191406e+01,4.154848814010620117e+01
-2.223092019557952881e-01,-3.565511703491210938e-01,-1.167267036437988281e+01,4.155360913276672363e+01
-2.216462343931198120e-01,-3.567186295986175537e-01,-1.167444705963134766e+01,4.155854392051696777e+01
-2.209317088127136230e-01,-3.568882346153259277e-01,-1.167620372772216797e+01,4.156368112564086914e+01
-2.204439640045166016e-01,-3.569740056991577148e-01,-1.167789936065673828e+01,4.156870698928833008e+01
-2.224188596010208130e-01,-3.573765754699707031e-01,-1.167960834503173828e+01,4.157366800308227539e+01
-2.222033143043518066e-01,-3.576391339302062988e-01,-1.168132972717285156e+01,4.157865405082702637e+01
-2.219051718711853027e-01,-3.578804433345794678e-01,-1.168309307098388672e+01,4.158365297317504883e+01
-2.216853350400924683e-01,-3.581659197807312012e-01,-1.168483352661132812e+01,4.158870911598205566e+01
-2.214808613061904907e-01,-3.584510087966918945e-01,-1.168658256530761719e+01,4.159387111663818359e+01
-2.216139286756515503e-01,-3.585931062698364258e-01,-1.168821334838867188e+01,4.159884595870971680e+01
-2.217106372117996216e-01,-3.587635755538940430e-01,-1.168986892700195312e+01,4.160369205474853516e+01
-2.231174409389495850e-01,-3.576896488666534424e-01,-1.169018554687500000e+01,4.160865402221679688e+01
-2.234198898077011108e-01,-3.577562272548675537e-01,-1.169144344329833984e+01,4.161359095573425293e+01
-2.239028811454772949e-01,-3.578938543796539307e-01,-1.169266796112060547e+01,4.161872911453247070e+01
-2.244614958763122559e-01,-3.580270409584045410e-01,-1.169386196136474609e+01,4.162378215789794922e+01
-2.247415781021118164e-01,-3.581380546092987061e-01,-1.169507884979248047e+01,4.162931013107299805e+01
-2.251526862382888794e-01,-3.582258224487304688e-01,-1.169622898101806641e+01,4.163376402854919434e+01
-2.225153744220733643e-01,-3.574564754962921143e-01,-1.169908618927001953e+01,4.163874197006225586e+01
-2.225546240806579590e-01,-3.574177622795104980e-01,-1.170037651062011719e+01,4.164377498626708984e+01
-2.228317111730575562e-01,-3.578041493892669678e-01,-1.170222854614257812e+01,4.164879798889160156e+01
-2.229732871055603027e-01,-3.579581081867218018e-01,-1.170379543304443359e+01,4.165380406379699707e+01
-2.231258302927017212e-01,-3.581569492816925049e-01,-1.170541763305664062e+01,4.165879106521606445e+01
-2.229743003845214844e-01,-3.582809269428253174e-01,-1.170702362060546875e+01,4.166396212577819824e+01
-2.228664755821228027e-01,-3.583824336528778076e-01,-1.170869541168212891e+01,4.166874909400939941e+01
-2.218984663486480713e-01,-3.570650815963745117e-01,-1.170867252349853516e+01,4.167378997802734375e+01
-2.219924181699752808e-01,-3.572282195091247559e-01,-1.171041011810302734e+01,4.167880392074584961e+01
-2.218337059020996094e-01,-3.573749065399169922e-01,-1.171208095550537109e+01,4.168388915061950684e+01
-2.216823548078536987e-01,-3.575723469257354736e-01,-1.171382522583007812e+01,4.168874311447143555e+01
-2.217158526182174683e-01,-3.576262593269348145e-01,-1.171551418304443359e+01,4.169414114952087402e+01
-2.217500656843185425e-01,-3.577747046947479248e-01,-1.171726036071777344e+01,4.169911503791809082e+01
-2.218526750802993774e-01,-3.578919470310211182e-01,-1.171901702880859375e+01,4.170389699935913086e+01
-2.228959649801254272e-01,-3.577092885971069336e-01,-1.172078800201416016e+01,4.170893692970275879e+01
-2.229159325361251831e-01,-3.576630055904388428e-01,-1.172240734100341797e+01,4.171388792991638184e+01
-2.229026556015014648e-01,-3.576362133026123047e-01,-1.172394943237304688e+01,4.171927809715270996e+01
-2.228582650423049927e-01,-3.576658666133880615e-01,-1.172539806365966797e+01,4.172389507293701172e+01
-2.231352478265762329e-01,-3.577913343906402588e-01,-1.172678947448730469e+01,4.172919106483459473e+01
-2.232449501752853394e-01,-3.577385842800140381e-01,-1.172807884216308594e+01,4.173391699790954590e+01
-2.240674942731857300e-01,-3.586552441120147705e-01,-1.172895431518554688e+01,4.173898196220397949e+01
-2.225857675075531006e-01,-3.587138354778289795e-01,-1.173051071166992188e+01,4.174392414093017578e+01
-2.218868583440780640e-01,-3.589159846305847168e-01,-1.173172855377197266e+01,4.174889802932739258e+01
-2.210104763507843018e-01,-3.590794205665588379e-01,-1.173293972015380859e+01,4.175404310226440430e+01
-2.208395600318908691e-01,-3.591730892658233643e-01,-1.173439502716064453e+01,4.175911498069763184e+01
-2.204278558492660522e-01,-3.592854142189025879e-01,-1.173574638366699219e+01,4.176403903961181641e+01
-2.201310098171234131e-01,-3.594169318675994873e-01,-1.173711204528808594e+01,4.176905393600463867e+01
-2.238506823778152466e-01,-3.579434752464294434e-01,-1.173785972595214844e+01,4.177402496337890625e+01
-2.242779582738876343e-01,-3.578844666481018066e-01,-1.173922538757324219e+01,4.177914714813232422e+01
-2.248241752386093140e-01,-3.578075766563415527e-01,-1.174062538146972656e+01,4.178404498100280762e+01
-2.250848114490509033e-01,-3.577542603015899658e-01,-1.174200534820556641e+01,4.178906893730163574e+01
-2.255212068557739258e-01,-3.576662540435791016e-01,-1.174340343475341797e+01,4.179429292678833008e+01
-2.259628325700759888e-01,-3.575544059276580811e-01,-1.174482250213623047e+01,4.179922914505004883e+01
-2.264107465744018555e-01,-3.574246168136596680e-01,-1.174626159667968750e+01,4.180401206016540527e+01
-2.252351641654968262e-01,-3.584542274475097656e-01,-1.174793052673339844e+01,4.180906105041503906e+01
-2.253444790840148926e-01,-3.585538864135742188e-01,-1.174962329864501953e+01,4.181404614448547363e+01
-2.254195660352706909e-01,-3.586882054805755615e-01,-1.175138568878173828e+01,4.181913709640502930e+01
-2.256063222885131836e-01,-3.587658405303955078e-01,-1.175343799591064453e+01,4.182414507865905762e+01
-2.256992906332015991e-01,-3.588599562644958496e-01,-1.175543880462646484e+01,4.182935094833374023e+01
-2.257784157991409302e-01,-3.589480817317962646e-01,-1.175751686096191406e+01,4.183718299865722656e+01
-2.258843630552291870e-01,-3.591032326221466064e-01,-1.175928020477294922e+01,4.183920693397521973e+01
-2.266857326030731201e-01,-3.581350445747375488e-01,-1.175947856903076172e+01,4.184414196014404297e+01
-2.268284857273101807e-01,-3.582629859447479248e-01,-1.176126861572265625e+01,4.184937810897827148e+01
-2.270219177007675171e-01,-3.580471575260162354e-01,-1.176213550567626953e+01,4.185413908958435059e+01
-2.271996289491653442e-01,-3.580619096755981445e-01,-1.176331520080566406e+01,4.185930204391479492e+01
-2.273876518011093140e-01,-3.580670058727264404e-01,-1.176433181762695312e+01,4.186429595947265625e+01
-2.271871417760848999e-01,-3.583413958549499512e-01,-1.176560497283935547e+01,4.186920499801635742e+01
-2.269106656312942505e-01,-3.595885038375854492e-01,-1.177020549774169922e+01,4.187416815757751465e+01
-2.265349179506301880e-01,-3.597952723503112793e-01,-1.177175426483154297e+01,4.187924814224243164e+01
-2.270050048828125000e-01,-3.599728643894195557e-01,-1.177368164062500000e+01,4.188430213928222656e+01
-2.270925641059875488e-01,-3.601346611976623535e-01,-1.177548503875732422e+01,4.188920712471008301e+01
-2.272653728723526001e-01,-3.603034615516662598e-01,-1.177733993530273438e+01,4.189442801475524902e+01
-2.275291234254837036e-01,-3.604435622692108154e-01,-1.177924251556396484e+01,4.189944314956665039e+01
-2.272729128599166870e-01,-3.604991436004638672e-01,-1.178116703033447266e+01,4.190423107147216797e+01
-2.265406697988510132e-01,-3.570579886436462402e-01,-1.177608013153076172e+01,4.190934610366821289e+01
-2.261649817228317261e-01,-3.568144142627716064e-01,-1.177743816375732422e+01,4.191427397727966309e+01
-2.261113524436950684e-01,-3.568094372749328613e-01,-1.177922725677490234e+01,4.191934800148010254e+01
-2.258865535259246826e-01,-3.567842543125152588e-01,-1.178087234497070312e+01,4.192429995536804199e+01
-2.256840169429779053e-01,-3.567811250686645508e-01,-1.178261184692382812e+01,4.192941308021545410e+01
-2.253012955188751221e-01,-3.564591109752655029e-01,-1.178416061401367188e+01,4.193425893783569336e+01
-2.297362983226776123e-01,-3.580209016799926758e-01,-1.178663349151611328e+01,4.193931794166564941e+01
-2.297085374593734741e-01,-3.579190671443939209e-01,-1.178835201263427734e+01,4.194430708885192871e+01
-2.293215245008468628e-01,-3.582827746868133545e-01,-1.178954315185546875e+01,4.194933295249938965e+01
-2.290131449699401855e-01,-3.583524823188781738e-01,-1.179099464416503906e+01,4.195441794395446777e+01
-2.286097109317779541e-01,-3.584620058536529541e-01,-1.179238891601562500e+01,4.195955300331115723e+01
-2.286238372325897217e-01,-3.582699000835418701e-01,-1.179371929168701172e+01,4.196429300308227539e+01
-2.284513860940933228e-01,-3.582630455493927002e-01,-1.179497146606445312e+01,4.196939396858215332e+01
-2.299158126115798950e-01,-3.589338362216949463e-01,-1.179725837707519531e+01,4.197443294525146484e+01
-2.300074547529220581e-01,-3.587370514869689941e-01,-1.179825401306152344e+01,4.197949695587158203e+01
-2.296294420957565308e-01,-3.591309487819671631e-01,-1.179980754852294922e+01,4.198441910743713379e+01
-2.295067161321640015e-01,-3.592542409896850586e-01,-1.180101585388183594e+01,4.198938608169555664e+01
-2.293670773506164551e-01,-3.594572246074676514e-01,-1.180224800109863281e+01,4.199461698532104492e+01
-2.294066995382308960e-01,-3.596279919147491455e-01,-1.180355644226074219e+01,4.199942398071289062e+01
-2.293959110975265503e-01,-3.596843183040618896e-01,-1.180486202239990234e+01,4.200434994697570801e+01
-2.299192398786544800e-01,-3.594273924827575684e-01,-1.180689811706542969e+01,4.200944709777832031e+01
-2.298793941736221313e-01,-3.596808910369873047e-01,-1.180813407897949219e+01,4.201435899734497070e+01
-2.299366891384124756e-01,-3.598212897777557373e-01,-1.180944919586181641e+01,4.201960110664367676e+01
-2.299999147653579712e-01,-3.599765896797180176e-01,-1.181075382232666016e+01,4.202456402778625488e+01
-2.301606237888336182e-01,-3.600432276725769043e-01,-1.181217002868652344e+01,4.202973604202270508e+01
-2.303112894296646118e-01,-3.601391911506652832e-01,-1.181353759765625000e+01,4.203456211090087891e+01
-2.299176454544067383e-01,-3.591679036617279053e-01,-1.181455230712890625e+01,4.203957009315490723e+01
-2.300417721271514893e-01,-3.592427968978881836e-01,-1.181588935852050781e+01,4.204455995559692383e+01
-2.302102297544479370e-01,-3.592435121536254883e-01,-1.181723213195800781e+01,4.204959201812744141e+01
-2.304042279720306396e-01,-3.592811822891235352e-01,-1.181858253479003906e+01,4.205456614494323730e+01
-2.305087596178054810e-01,-3.593570888042449951e-01,-1.181996822357177734e+01,4.205969595909118652e+01
-2.306431978940963745e-01,-3.594123721122741699e-01,-1.182134437561035156e+01,4.206463408470153809e+01
-2.307622283697128296e-01,-3.594780266284942627e-01,-1.182273483276367188e+01,4.206951999664306641e+01
-2.304178327322006226e-01,-3.597985208034515381e-01,-1.182493686676025391e+01,4.207448005676269531e+01
-2.305317372083663940e-01,-3.598875105381011963e-01,-1.182639694213867188e+01,4.207951998710632324e+01
-2.305882126092910767e-01,-3.599664866924285889e-01,-1.182787895202636719e+01,4.208460211753845215e+01
-2.306345105171203613e-01,-3.600668907165527344e-01,-1.182935428619384766e+01,4.208960509300231934e+01
-2.306061387062072754e-01,-3.601900935173034668e-01,-1.183073997497558594e+01,4.209470009803771973e+01
-2.305959463119506836e-01,-3.603198528289794922e-01,-1.183215904235839844e+01,4.209949398040771484e+01
-2.305614352226257324e-01,-3.604681193828582764e-01,-1.183355236053466797e+01,4.210461115837097168e+01
-2.304363101720809937e-01,-3.594393730163574219e-01,-1.183389377593994141e+01,4.210957813262939453e+01
-2.303330898284912109e-01,-3.593928217887878418e-01,-1.183518028259277344e+01,4.211459994316101074e+01
-2.301976382732391357e-01,-3.592799603939056396e-01,-1.183642292022705078e+01,4.211963009834289551e+01
-2.301387488842010498e-01,-3.591620624065399170e-01,-1.183777618408203125e+01,4.212457799911499023e+01
-2.300509810447692871e-01,-3.590654730796813965e-01,-1.183910274505615234e+01,4.212970304489135742e+01
-2.299750447273254395e-01,-3.589767217636108398e-01,-1.184045219421386719e+01,4.213458299636840820e+01
-2.309237271547317505e-01,-3.597010672092437744e-01,-1.184198856353759766e+01,4.213961815834045410e+01
-2.310108989477157593e-01,-3.596690297126770020e-01,-1.184342479705810547e+01,4.214460396766662598e+01
-2.311030924320220947e-01,-3.596501350402832031e-01,-1.184488296508789062e+01,4.214962506294250488e+01
-2.311973571777343750e-01,-3.596640527248382568e-01,-1.184633636474609375e+01,4.215479397773742676e+01
-2.312076538801193237e-01,-3.597180843353271484e-01,-1.184763622283935547e+01,4.215994215011596680e+01
-2.312927246093750000e-01,-3.596988618373870850e-01,-1.184903335571289062e+01,4.216472601890563965e+01
-2.313700616359710693e-01,-3.596979081630706787e-01,-1.185040664672851562e+01,4.216977214813232422e+01
-2.322976738214492798e-01,-3.603664040565490723e-01,-1.185266304016113281e+01,4.217478013038635254e+01
-2.324649095535278320e-01,-3.604120612144470215e-01,-1.185398769378662109e+01,4.217969202995300293e+01
-2.326412647962570190e-01,-3.604639768600463867e-01,-1.185527229309082031e+01,4.218476915359497070e+01
-2.327602207660675049e-01,-3.605341017246246338e-01,-1.185670471191406250e+01,4.218977212905883789e+01
-2.329062223434448242e-01,-3.605902791023254395e-01,-1.185802459716796875e+01,4.219504809379577637e+01
-2.330511212348937988e-01,-3.606372177600860596e-01,-1.185934066772460938e+01,4.219975900650024414e+01
-2.331804484128952026e-01,-3.606262207031250000e-01,-1.186081123352050781e+01,4.220479106903076172e+01
-2.320941835641860962e-01,-3.596604466438293457e-01,-1.186173439025878906e+01,4.220981311798095703e+01
-2.320971935987472534e-01,-3.595634102821350098e-01,-1.186323833465576172e+01,4.221466898918151855e+01
-2.319433540105819702e-01,-3.596617579460144043e-01,-1.186479187011718750e+01,4.221980810165405273e+01
-2.318295985460281372e-01,-3.596796095371246338e-01,-1.186637783050537109e+01,4.222474408149719238e+01
-2.316813915967941284e-01,-3.597421944141387939e-01,-1.186800765991210938e+01,4.223011207580566406e+01
-2.314637899398803711e-01,-3.597009778022766113e-01,-1.186959838867187500e+01,4.223733305931091309e+01
-2.319603711366653442e-01,-3.603139817714691162e-01,-1.187046432495117188e+01,4.224000215530395508e+01
-2.317086905241012573e-01,-3.603899180889129639e-01,-1.187204360961914062e+01,4.224484515190124512e+01
-2.314120978116989136e-01,-3.604705333709716797e-01,-1.187363815307617188e+01,4.225032496452331543e+01
-2.310270816087722778e-01,-3.608005642890930176e-01,-1.187529182434082031e+01,4.225485205650329590e+01
-2.306140512228012085e-01,-3.610056340694427490e-01,-1.187695026397705078e+01,4.226027202606201172e+01
-2.301495522260665894e-01,-3.612338900566101074e-01,-1.187863922119140625e+01,4.226504111289978027e+01
-2.299904972314834595e-01,-3.613047599792480469e-01,-1.188025951385498047e+01,4.226984500885009766e+01
-2.311721593141555786e-01,-3.601707518100738525e-01,-1.188139533996582031e+01,4.227488899230957031e+01
-2.311800122261047363e-01,-3.601955771446228027e-01,-1.188296508789062500e+01,4.227984213829040527e+01
-2.311401069164276123e-01,-3.601527810096740723e-01,-1.188431644439697266e+01,4.228503394126892090e+01
-2.311960905790328979e-01,-3.601535558700561523e-01,-1.188574218750000000e+01,4.228995895385742188e+01
-2.312881201505661011e-01,-3.601561188697814941e-01,-1.188713550567626953e+01,4.229520511627197266e+01
-2.316475510597229004e-01,-3.602363169193267822e-01,-1.188869094848632812e+01,4.229997897148132324e+01
-2.320062816143035889e-01,-3.602513670921325684e-01,-1.189016151428222656e+01,4.230503010749816895e+01
-2.325554043054580688e-01,-3.599760830402374268e-01,-1.189253997802734375e+01,4.231006908416748047e+01
-2.329027056694030762e-01,-3.598986566066741943e-01,-1.189435958862304688e+01,4.231503796577453613e+01
-2.334545254707336426e-01,-3.598055541515350342e-01,-1.189614200592041016e+01,4.232007098197937012e+01
-2.340505272150039673e-01,-3.596914708614349365e-01,-1.189797401428222656e+01,4.232498502731323242e+01
-2.346862703561782837e-01,-3.595692515373229980e-01,-1.189983081817626953e+01,4.233020710945129395e+01
-2.353918850421905518e-01,-3.595716059207916260e-01,-1.190190505981445312e+01,4.233504199981689453e+01
-2.339141219854354858e-01,-3.606059551239013672e-01,-1.190213584899902344e+01,4.234009504318237305e+01
-2.345205992460250854e-01,-3.607594966888427734e-01,-1.190408706665039062e+01,4.234501194953918457e+01
-2.343873530626296997e-01,-3.608363568782806396e-01,-1.190562915802001953e+01,4.235005497932434082e+01
-2.346249371767044067e-01,-3.609735071659088135e-01,-1.190745258331298828e+01,4.235510802268981934e+01
-2.347769290208816528e-01,-3.611285984516143799e-01,-1.190926265716552734e+01,4.236058998107910156e+01
-2.351816147565841675e-01,-3.612141907215118408e-01,-1.191083526611328125e+01,4.236517405509948730e+01
-2.354354411363601685e-01,-3.613301217555999756e-01,-1.191243553161621094e+01,4.237006998062133789e+01
-2.352035790681838989e-01,-3.615821301937103271e-01,-1.191417217254638672e+01,4.237517499923706055e+01
-2.355003952980041504e-01,-3.617101907730102539e-01,-1.191597270965576172e+01,4.238016414642333984e+01
-2.357999086380004883e-01,-3.617743849754333496e-01,-1.191756057739257812e+01,4.238511896133422852e+01
-2.361036688089370728e-01,-3.618657290935516357e-01,-1.191915130615234375e+01,4.239039897918701172e+01
-2.363889962434768677e-01,-3.619919717311859131e-01,-1.192078399658203125e+01,4.239540004730224609e+01
-2.366834729909896851e-01,-3.621231317520141602e-01,-1.192241191864013672e+01,4.240002894401550293e+01
-2.369778454303741455e-01,-3.622727692127227783e-01,-1.192405319213867188e+01,4.240497803688049316e+01
-2.364123761653900146e-01,-3.618743121623992920e-01,-1.192571163177490234e+01,4.241014409065246582e+01
-2.364435046911239624e-01,-3.617779314517974854e-01,-1.192717647552490234e+01,4.241515111923217773e+01
-2.365622818470001221e-01,-3.617587685585021973e-01,-1.192874622344970703e+01,4.242029404640197754e+01
-2.366430759429931641e-01,-3.616851866245269775e-01,-1.193028736114501953e+01,4.242509603500366211e+01
-2.367681860923767090e-01,-3.618932664394378662e-01,-1.193179225921630859e+01,4.243029904365539551e+01
-2.368561625480651855e-01,-3.619932234287261963e-01,-1.193328857421875000e+01,4.243526101112365723e+01
-2.374438494443893433e-01,-3.621317148208618164e-01,-1.193515300750732422e+01,4.244029808044433594e+01
-2.376066148281097412e-01,-3.619161248207092285e-01,-1.193660354614257812e+01,4.244532203674316406e+01
-2.377424091100692749e-01,-3.618640303611755371e-01,-1.193809700012207031e+01,4.245025300979614258e+01
-2.378869354724884033e-01,-3.617651462554931641e-01,-1.193957614898681641e+01,4.245534706115722656e+01
-2.381135076284408569e-01,-3.616918921470642090e-01,-1.194129085540771484e+01,4.246047401428222656e+01
-2.383241057395935059e-01,-3.616429567337036133e-01,-1.194293403625488281e+01,4.246540808677673340e+01
-2.385570853948593140e-01,-3.615971803665161133e-01,-1.194462394714355469e+01,4.247029113769531250e+01
-2.389840036630630493e-01,-3.629660904407501221e-01,-1.194610214233398438e+01,4.247530913352966309e+01
-2.391539961099624634e-01,-3.630579710006713867e-01,-1.194782352447509766e+01,4.248026609420776367e+01
-2.393179535865783691e-01,-3.632025122642517090e-01,-1.194956016540527344e+01,4.248521614074707031e+01
-2.394869029521942139e-01,-3.632834851741790771e-01,-1.195111656188964844e+01,4.249029207229614258e+01
-2.396294325590133667e-01,-3.633600473403930664e-01,-1.195272445678710938e+01,4.249552011489868164e+01
-2.397602349519729614e-01,-3.634332418441772461e-01,-1.195430850982666016e+01,4.250046706199645996e+01
-2.396319061517715454e-01,-3.625405430793762207e-01,-1.195533752441406250e+01,4.250540399551391602e+01
-2.393416613340377808e-01,-3.626956045627593994e-01,-1.195678138732910156e+01,4.251041698455810547e+01
-2.391845881938934326e-01,-3.626591265201568604e-01,-1.195824432373046875e+01,4.251538896560668945e+01
-2.389646023511886597e-01,-3.626685440540313721e-01,-1.195968818664550781e+01,4.252046799659729004e+01
-2.390711158514022827e-01,-3.626940548419952393e-01,-1.196117973327636719e+01,4.252541995048522949e+01
-2.390553951263427734e-01,-3.626910448074340820e-01,-1.196262359619140625e+01,4.253060293197631836e+01
-2.390847057104110718e-01,-3.627051413059234619e-01,-1.196405315399169922e+01,4.253544712066650391e+01
-2.409122735261917114e-01,-3.636005520820617676e-01,-1.196639919281005859e+01,4.254043102264404297e+01
-2.412138432264328003e-01,-3.635618090629577637e-01,-1.196786499023437500e+01,4.254549694061279297e+01
-2.415509521961212158e-01,-3.634996712207794189e-01,-1.196931457519531250e+01,4.255048799514770508e+01
-2.404669374227523804e-01,-3.631103336811065674e-01,-1.197037792205810547e+01,4.255553007125854492e+01
-2.403202354907989502e-01,-3.629612326622009277e-01,-1.197168636322021484e+01,4.256090593338012695e+01
-2.401067763566970825e-01,-3.627919852733612061e-01,-1.197298431396484375e+01,4.256559014320373535e+01
-2.402639985084533691e-01,-3.628754019737243652e-01,-1.197428989410400391e+01,4.257051396369934082e+01
-2.411575764417648315e-01,-3.647685348987579346e-01,-1.197735786437988281e+01,4.257553601264953613e+01
-2.414398640394210815e-01,-3.650251328945159912e-01,-1.197877693176269531e+01,4.258050298690795898e+01
-2.417441904544830322e-01,-3.652321696281433105e-01,-1.198013496398925781e+01,4.258552503585815430e+01
-2.419593781232833862e-01,-3.648322820663452148e-01,-1.198190498352050781e+01,4.259047913551330566e+01
-2.422986924648284912e-01,-3.648564815521240234e-01,-1.198343086242675781e+01,4.259577107429504395e+01
-2.426832616329193115e-01,-3.648596405982971191e-01,-1.198501396179199219e+01,4.260050797462463379e+01
-2.416271120309829712e-01,-3.643889129161834717e-01,-1.198573112487792969e+01,4.260556197166442871e+01
-2.418791651725769043e-01,-3.645130395889282227e-01,-1.198734378814697266e+01,4.261039900779724121e+01
-2.421559542417526245e-01,-3.646125197410583496e-01,-1.198901462554931641e+01,4.261549711227416992e+01
-2.422216385602951050e-01,-3.647158741950988770e-01,-1.199074840545654297e+01,4.262069296836853027e+01
-2.423717379570007324e-01,-3.648232519626617432e-01,-1.199251174926757812e+01,4.262541103363037109e+01
-2.425020784139633179e-01,-3.649157285690307617e-01,-1.199433231353759766e+01,4.263068008422851562e+01
-2.426885664463043213e-01,-3.649039864540100098e-01,-1.199605274200439453e+01,4.263728809356689453e+01
-2.414436638355255127e-01,-3.647976219654083252e-01,-1.199581336975097656e+01,4.264066100120544434e+01
-2.414860278367996216e-01,-3.648899793624877930e-01,-1.199733829498291016e+01,4.264569306373596191e+01
-2.413770258426666260e-01,-3.652551472187042236e-01,-1.199853229522705078e+01,4.265087413787841797e+01
-2.413193285465240479e-01,-3.654748797416687012e-01,-1.199982929229736328e+01,4.265568995475769043e+01
-2.412294447422027588e-01,-3.657169640064239502e-01,-1.200106048583984375e+01,4.266087698936462402e+01
-2.410773485898971558e-01,-3.658796250820159912e-01,-1.200225448608398438e+01,4.266579508781433105e+01
-2.408974915742874146e-01,-3.660870492458343506e-01,-1.200337028503417969e+01,4.267068815231323242e+01
-2.407732456922531128e-01,-3.653015792369842529e-01,-1.200586414337158203e+01,4.267553806304931641e+01
-2.405248433351516724e-01,-3.653290569782257080e-01,-1.200697708129882812e+01,4.268069100379943848e+01
-2.411660850048065186e-01,-3.655989766120910645e-01,-1.200872802734375000e+01,4.268576693534851074e+01
-2.413727343082427979e-01,-3.657402396202087402e-01,-1.201013088226318359e+01,4.269067907333374023e+01
-2.416813373565673828e-01,-3.659180104732513428e-01,-1.201158523559570312e+01,4.269597411155700684e+01
-2.416925728321075439e-01,-3.660565614700317383e-01,-1.201312255859375000e+01,4.270074701309204102e+01
-2.408918291330337524e-01,-3.644395470619201660e-01,-1.201404476165771484e+01,4.270581412315368652e+01
-2.408588081598281860e-01,-3.643222153186798096e-01,-1.201568508148193359e+01,4.271083712577819824e+01
-2.405291050672531128e-01,-3.645317852497100830e-01,-1.201703739166259766e+01,4.271576595306396484e+01
-2.402635663747787476e-01,-3.645556867122650146e-01,-1.201854801177978516e+01,4.272082114219665527e+01
-2.399290353059768677e-01,-3.646073043346405029e-01,-1.202004718780517578e+01,4.272597408294677734e+01
-2.397942990064620972e-01,-3.643625378608703613e-01,-1.202143096923828125e+01,4.273099899291992188e+01
-2.395419329404830933e-01,-3.642973601818084717e-01,-1.202283096313476562e+01,4.273581004142761230e+01
-2.415138781070709229e-01,-3.641991913318634033e-01,-1.202532196044921875e+01,4.274081993103027344e+01
-2.417586892843246460e-01,-3.643339872360229492e-01,-1.202697372436523438e+01,4.274576115608215332e+01
-2.419040799140930176e-01,-3.643812537193298340e-01,-1.202848815917968750e+01,4.275096893310546875e+01
-2.421257495880126953e-01,-3.644226789474487305e-01,-1.203007125854492188e+01,4.275599312782287598e+01
-2.424162328243255615e-01,-3.644485473632812500e-01,-1.203170871734619141e+01,4.276105308532714844e+01
-2.428916692733764648e-01,-3.643566966056823730e-01,-1.203341293334960938e+01,4.276598215103149414e+01
-2.433721423149108887e-01,-3.643142580986022949e-01,-1.203513717651367188e+01,4.277100610733032227e+01
-2.418137490749359131e-01,-3.649467527866363525e-01,-1.203574275970458984e+01,4.277596592903137207e+01
-2.413488179445266724e-01,-3.651075363159179688e-01,-1.203695392608642578e+01,4.278095412254333496e+01
-2.413427233695983887e-01,-3.651055991649627686e-01,-1.203839492797851562e+01,4.278595399856567383e+01
-2.412629425525665283e-01,-3.651259541511535645e-01,-1.203977584838867188e+01,4.279103112220764160e+01
-2.412824630737304688e-01,-3.651005327701568604e-01,-1.204110908508300781e+01,4.279641199111938477e+01
-2.411999702453613281e-01,-3.651154637336730957e-01,-1.204240512847900391e+01,4.280107092857360840e+01
-2.420171350240707397e-01,-3.662929534912109375e-01,-1.204425239562988281e+01,4.280655908584594727e+01
-2.419347614049911499e-01,-3.663274645805358887e-01,-1.204582786560058594e+01,4.281109809875488281e+01
-2.418394386768341064e-01,-3.663893640041351318e-01,-1.204723644256591797e+01,4.281660008430480957e+01
-2.417083531618118286e-01,-3.664225339889526367e-01,-1.204866313934326172e+01,4.282081007957458496e+01
-2.416369467973709106e-01,-3.664135932922363281e-01,-1.205016040802001953e+01,4.282649302482604980e+01
-2.415278255939483643e-01,-3.664229810237884521e-01,-1.205166244506835938e+01,4.283114600181579590e+01
-2.414204329252243042e-01,-3.664456605911254883e-01,-1.205320358276367188e+01,4.283630394935607910e+01
-2.403725981712341309e-01,-3.656386137008666992e-01,-1.205391407012939453e+01,4.284125113487243652e+01
-2.401086390018463135e-01,-3.655867278575897217e-01,-1.205536460876464844e+01,4.284649109840393066e+01
-2.398292869329452515e-01,-3.655032813549041748e-01,-1.205679798126220703e+01,4.285115098953247070e+01
-2.395553141832351685e-01,-3.654420077800750732e-01,-1.205827522277832031e+01,4.285644197463989258e+01
-2.394182085990905762e-01,-3.654126226902008057e-01,-1.205969047546386719e+01,4.286107492446899414e+01
-2.392310649156570435e-01,-3.653826713562011719e-01,-1.206114387512207031e+01,4.286652612686157227e+01
-2.390628755092620850e-01,-3.653552830219268799e-01,-1.206260299682617188e+01,4.287089204788208008e+01
-2.408145368099212646e-01,-3.667557835578918457e-01,-1.206474304199218750e+01,4.287602901458740234e+01
-2.407341450452804565e-01,-3.668711781501770020e-01,-1.206613445281982422e+01,4.288104701042175293e+01
-2.406454235315322876e-01,-3.669785857200622559e-01,-1.206749629974365234e+01,4.288602995872497559e+01
-2.406366765499114990e-01,-3.671339452266693115e-01,-1.206880855560302734e+01,4.289123106002807617e+01
-2.406156361103057861e-01,-3.672895729541778564e-01,-1.207009029388427734e+01,4.289696907997131348e+01
-2.406139075756072998e-01,-3.674601018428802490e-01,-1.207134056091308594e+01,4.290105509757995605e+01
-2.412923276424407959e-01,-3.674415647983551025e-01,-1.207263755798339844e+01,4.290632104873657227e+01
-2.413963824510574341e-01,-3.676338195800781250e-01,-1.207379055023193359e+01,4.291121912002563477e+01
-2.415188252925872803e-01,-3.678541779518127441e-01,-1.207489109039306641e+01,4.291635298728942871e+01
-2.413344234228134155e-01,-3.678591549396514893e-01,-1.207704162597656250e+01,4.292117309570312500e+01
-2.413644790649414062e-01,-3.680330812931060791e-01,-1.207853603363037109e+01,4.292694211006164551e+01
-2.413883358240127563e-01,-3.682156205177307129e-01,-1.208008480072021484e+01,4.293129611015319824e+01
-2.414051294326782227e-01,-3.683972954750061035e-01,-1.208167362213134766e+01,4.293648195266723633e+01
-2.407480031251907349e-01,-3.665299415588378906e-01,-1.208262920379638672e+01,4.294115710258483887e+01
-2.407409399747848511e-01,-3.665328919887542725e-01,-1.208424091339111328e+01,4.294650506973266602e+01
-2.407398521900177002e-01,-3.665372133255004883e-01,-1.208588790893554688e+01,4.295116615295410156e+01
-2.406881898641586304e-01,-3.665626943111419678e-01,-1.208729743957519531e+01,4.295695614814758301e+01
-2.406656295061111450e-01,-3.665690720081329346e-01,-1.208885669708251953e+01,4.296148705482482910e+01
-2.406399101018905640e-01,-3.665969073772430420e-01,-1.209040737152099609e+01,4.296707797050476074e+01
-2.405834048986434937e-01,-3.666611909866333008e-01,-1.209181976318359375e+01,4.297140407562255859e+01
-2.416868805885314941e-01,-3.674439787864685059e-01,-1.209377670288085938e+01,4.297690510749816895e+01
-2.416710704565048218e-01,-3.674290776252746582e-01,-1.209516334533691406e+01,4.298136210441589355e+01
-2.417218387126922607e-01,-3.675750195980072021e-01,-1.209657382965087891e+01,4.298697996139526367e+01
-2.417350411415100098e-01,-3.676583170890808105e-01,-1.209792709350585938e+01,4.299140501022338867e+01
-2.417478859424591064e-01,-3.677252233028411865e-01,-1.209926128387451172e+01,4.299666309356689453e+01
-2.417566031217575073e-01,-3.678079545497894287e-01,-1.210075283050537109e+01,4.300126194953918457e+01
-2.421692311763763428e-01,-3.681054413318634033e-01,-1.210225772857666016e+01,4.300695705413818359e+01
-2.421696931123733521e-01,-3.683171272277832031e-01,-1.210371017456054688e+01,4.301128697395324707e+01
-2.420922517776489258e-01,-3.683980703353881836e-01,-1.210538196563720703e+01,4.301671409606933594e+01
-2.420456558465957642e-01,-3.684702813625335693e-01,-1.210702610015869141e+01,4.302121615409851074e+01
-2.419593185186386108e-01,-3.685730695724487305e-01,-1.210865402221679688e+01,4.302670311927795410e+01
-2.418339848518371582e-01,-3.687391579151153564e-01,-1.211027431488037109e+01,4.303146195411682129e+01
-2.423199713230133057e-01,-3.688326478004455566e-01,-1.211223125457763672e+01,4.303786015510559082e+01
-2.454106658697128296e-01,-3.685025274753570557e-01,-1.211367893218994141e+01,4.304136705398559570e+01
-2.461452484130859375e-01,-3.688150942325592041e-01,-1.211557579040527344e+01,4.304682993888854980e+01
-2.458346039056777954e-01,-3.690234124660491943e-01,-1.211692810058593750e+01,4.305148506164550781e+01
-2.460763454437255859e-01,-3.693126738071441650e-01,-1.211856651306152344e+01,4.305663204193115234e+01
-2.462263405323028564e-01,-3.696156442165374756e-01,-1.212016201019287109e+01,4.306170010566711426e+01
-2.464880347251892090e-01,-3.698397576808929443e-01,-1.212152671813964844e+01,4.306659197807312012e+01
-2.466066777706146240e-01,-3.701128065586090088e-01,-1.212288284301757812e+01,4.307142305374145508e+01
-2.443058788776397705e-01,-3.696083128452301025e-01,-1.212444400787353516e+01,4.307650399208068848e+01
-2.446980774402618408e-01,-3.699056804180145264e-01,-1.212597942352294922e+01,4.308148312568664551e+01
-2.448600679636001587e-01,-3.700911998748779297e-01,-1.212729072570800781e+01,4.308658003807067871e+01
-2.450756728649139404e-01,-3.703470230102539062e-01,-1.212858009338378906e+01,4.309157395362854004e+01
-2.450837194919586182e-01,-3.705079853534698486e-01,-1.212987518310546875e+01,4.309664297103881836e+01
-2.451781183481216431e-01,-3.705932796001434326e-01,-1.213115596771240234e+01,4.310151910781860352e+01
-2.436716705560684204e-01,-3.684044480323791504e-01,-1.213210773468017578e+01,4.310667109489440918e+01
-2.435116618871688843e-01,-3.681199252605438232e-01,-1.213328552246093750e+01,4.311161208152770996e+01
-2.442350238561630249e-01,-3.682543635368347168e-01,-1.213470935821533203e+01,4.311684608459472656e+01
-2.445452362298965454e-01,-3.681899309158325195e-01,-1.213602733612060547e+01,4.312161207199096680e+01
-2.449626624584197998e-01,-3.681640326976776123e-01,-1.213738155364990234e+01,4.312695503234863281e+01
-2.452939748764038086e-01,-3.681704699993133545e-01,-1.213892650604248047e+01,4.313170814514160156e+01
-2.457408457994461060e-01,-3.680860400199890137e-01,-1.214046001434326172e+01,4.313671708106994629e+01
-2.470083683729171753e-01,-3.687275648117065430e-01,-1.214316654205322266e+01,4.314157795906066895e+01
-2.468718439340591431e-01,-3.687973320484161377e-01,-1.214473819732666016e+01,4.314672493934631348e+01
-2.470374405384063721e-01,-3.687487542629241943e-01,-1.214645767211914062e+01,4.315154004096984863e+01
-2.471316754817962646e-01,-3.686579763889312744e-01,-1.214822006225585938e+01,4.315672397613525391e+01
-2.474306076765060425e-01,-3.684002459049224854e-01,-1.214945793151855469e+01,4.316181302070617676e+01
-2.475745230913162231e-01,-3.682427704334259033e-01,-1.215079307556152344e+01,4.316701412200927734e+01
-2.477130442857742310e-01,-3.680512309074401855e-01,-1.215198993682861328e+01,4.317175698280334473e+01
-2.489069402217864990e-01,-3.707054555416107178e-01,-1.215248870849609375e+01,4.317673611640930176e+01
-2.489800006151199341e-01,-3.707736134529113770e-01,-1.215318202972412109e+01,4.318166708946228027e+01
-2.490079998970031738e-01,-3.708622157573699951e-01,-1.215371608734130859e+01,4.318676114082336426e+01
-2.489910423755645752e-01,-3.709865808486938477e-01,-1.215408134460449219e+01,4.319170594215393066e+01
-2.491192668676376343e-01,-3.711233139038085938e-01,-1.215540027618408203e+01,4.319680905342102051e+01
-2.491445392370223999e-01,-3.712044060230255127e-01,-1.215623664855957031e+01,4.320166802406311035e+01
-2.496233731508255005e-01,-3.709627091884613037e-01,-1.215962028503417969e+01,4.320703411102294922e+01
-2.496437728404998779e-01,-3.710467517375946045e-01,-1.216140460968017578e+01,4.321160197257995605e+01
-2.496674060821533203e-01,-3.710383772850036621e-01,-1.216304874420166016e+01,4.321698904037475586e+01
-2.496728599071502686e-01,-3.709726333618164062e-01,-1.216483879089355469e+01,4.322175812721252441e+01
-2.495673447847366333e-01,-3.708865940570831299e-01,-1.216685295104980469e+01,4.322708106040954590e+01
-2.494582980871200562e-01,-3.708367645740509033e-01,-1.216898250579833984e+01,4.323188614845275879e+01
-2.493054866790771484e-01,-3.707734942436218262e-01,-1.217126560211181641e+01,4.323701500892639160e+01
-2.490038573741912842e-01,-3.686156868934631348e-01,-1.216979217529296875e+01,4.324187397956848145e+01
-2.488949149847030640e-01,-3.685105144977569580e-01,-1.217185592651367188e+01,4.324704694747924805e+01
-2.488022446632385254e-01,-3.684028983116149902e-01,-1.217400169372558594e+01,4.325184392929077148e+01
-2.485668808221817017e-01,-3.684330582618713379e-01,-1.217572116851806641e+01,4.325701713562011719e+01
-2.483869940042495728e-01,-3.683569133281707764e-01,-1.217761898040771484e+01,4.326211309432983398e+01
-2.481784671545028687e-01,-3.682719767093658447e-01,-1.217945861816406250e+01,4.326689195632934570e+01
-2.479035258293151855e-01,-3.682503998279571533e-01,-1.218103599548339844e+01,4.327194714546203613e+01
-2.496483325958251953e-01,-3.708406686782836914e-01,-1.218416213989257812e+01,4.327696609497070312e+01
-2.494848966598510742e-01,-3.710398375988006592e-01,-1.218578815460205078e+01,4.328188514709472656e+01
-2.492861598730087280e-01,-3.712596893310546875e-01,-1.218730354309082031e+01,4.328699207305908203e+01
-2.494190186262130737e-01,-3.717125356197357178e-01,-1.218898868560791016e+01,4.329188609123229980e+01
-2.493463009595870972e-01,-3.720411956310272217e-01,-1.219044399261474609e+01,4.329691910743713379e+01
-2.492896169424057007e-01,-3.724061250686645508e-01,-1.219183254241943359e+01,4.330189013481140137e+01
-2.494686692953109741e-01,-3.706968724727630615e-01,-1.219214725494384766e+01,4.330693602561950684e+01
-2.497436255216598511e-01,-3.708296418190002441e-01,-1.219350337982177734e+01,4.331187701225280762e+01
-2.500979900360107422e-01,-3.709869682788848877e-01,-1.219482135772705078e+01,4.331700515747070312e+01
-2.499539256095886230e-01,-3.710896670818328857e-01,-1.219604396820068359e+01,4.332185292243957520e+01
-2.501032948493957520e-01,-3.711822330951690674e-01,-1.219730091094970703e+01,4.332724809646606445e+01
-2.502453625202178955e-01,-3.712721467018127441e-01,-1.219852924346923828e+01,4.333209514617919922e+01
-2.503763735294342041e-01,-3.713692426681518555e-01,-1.219989299774169922e+01,4.333694100379943848e+01
-2.497618496417999268e-01,-3.706425726413726807e-01,-1.220029735565185547e+01,4.334194707870483398e+01
-2.497690916061401367e-01,-3.705258667469024658e-01,-1.220166587829589844e+01,4.334699892997741699e+01
-2.498658150434494019e-01,-3.704652190208435059e-01,-1.220332431793212891e+01,4.335204911231994629e+01
-2.499206215143203735e-01,-3.703939318656921387e-01,-1.220489883422851562e+01,4.335705494880676270e+01
-2.499824613332748413e-01,-3.702962994575500488e-01,-1.220656013488769531e+01,4.336234307289123535e+01
-2.500518560409545898e-01,-3.701649606227874756e-01,-1.220830917358398438e+01,4.336709809303283691e+01
-2.505036592483520508e-01,-3.706627488136291504e-01,-1.220989799499511719e+01,4.337207007408142090e+01
-2.506546676158905029e-01,-3.706183433532714844e-01,-1.221169662475585938e+01,4.337717199325561523e+01
-2.508249282836914062e-01,-3.705705106258392334e-01,-1.221354866027832031e+01,4.338209509849548340e+01
-2.505958378314971924e-01,-3.705434203147888184e-01,-1.221494102478027344e+01,4.338710308074951172e+01
-2.505633234977722168e-01,-3.705279827117919922e-01,-1.221659851074218750e+01,4.339205908775329590e+01
-2.504844367504119873e-01,-3.705141842365264893e-01,-1.221823406219482422e+01,4.339716196060180664e+01
-2.505983710289001465e-01,-3.705635070800781250e-01,-1.221976757049560547e+01,4.340208697319030762e+01
-2.512054443359375000e-01,-3.723774850368499756e-01,-1.222116756439208984e+01,4.340712404251098633e+01
-2.513308227062225342e-01,-3.725625872611999512e-01,-1.222255039215087891e+01,4.341208004951477051e+01
-2.510289847850799561e-01,-3.727213740348815918e-01,-1.222385120391845703e+01,4.341711711883544922e+01
-2.509022355079650879e-01,-3.728921115398406982e-01,-1.222509002685546875e+01,4.342208313941955566e+01
-2.507140636444091797e-01,-3.730635643005371094e-01,-1.222625732421875000e+01,4.342737507820129395e+01
-2.507967352867126465e-01,-3.731259405612945557e-01,-1.222751235961914062e+01,4.343217492103576660e+01
-2.507748007774353027e-01,-3.732440173625946045e-01,-1.222869491577148438e+01,4.343761014938354492e+01
-2.533263564109802246e-01,-3.724612593650817871e-01,-1.223188495635986328e+01,4.344216609001159668e+01
-2.538434863090515137e-01,-3.725865483283996582e-01,-1.223362159729003906e+01,4.344732308387756348e+01
-2.543719410896301270e-01,-3.726417422294616699e-01,-1.223525619506835938e+01,4.345231008529663086e+01
-2.549588382244110107e-01,-3.726962506771087646e-01,-1.223694992065429688e+01,4.345727396011352539e+01
-2.555982470512390137e-01,-3.727715015411376953e-01,-1.223869800567626953e+01,4.346231698989868164e+01
-2.561528980731964111e-01,-3.727908134460449219e-01,-1.224053001403808594e+01,4.346731400489807129e+01
-2.568035125732421875e-01,-3.728470802307128906e-01,-1.224240016937255859e+01,4.347214508056640625e+01
-2.526637613773345947e-01,-3.724255263805389404e-01,-1.224133491516113281e+01,4.347720098495483398e+01
-2.526742219924926758e-01,-3.724509477615356445e-01,-1.224271106719970703e+01,4.348214507102966309e+01
-2.528271675109863281e-01,-3.724554479122161865e-01,-1.224431610107421875e+01,4.348730611801147461e+01
-2.529635131359100342e-01,-3.724522590637207031e-01,-1.224592304229736328e+01,4.349215006828308105e+01
-2.530669271945953369e-01,-3.723297417163848877e-01,-1.224736213684082031e+01,4.349731206893920898e+01
-2.531468570232391357e-01,-3.722650110721588135e-01,-1.224881839752197266e+01,4.350213599205017090e+01
-2.540698051452636719e-01,-3.734378814697265625e-01,-1.225043582916259766e+01,4.350732803344726562e+01
-2.541339993476867676e-01,-3.735454678535461426e-01,-1.225191020965576172e+01,4.351231694221496582e+01
-2.541787922382354736e-01,-3.736177086830139160e-01,-1.225328350067138672e+01,4.351733994483947754e+01
-2.541991770267486572e-01,-3.737109005451202393e-01,-1.225463104248046875e+01,4.352231812477111816e+01
-2.543919980525970459e-01,-3.737992942333221436e-01,-1.225612735748291016e+01,4.352750110626220703e+01
-2.545313537120819092e-01,-3.738594353199005127e-01,-1.225755977630615234e+01,4.353243803977966309e+01
-2.547042965888977051e-01,-3.739293217658996582e-01,-1.225901985168457031e+01,4.353733110427856445e+01
-2.550482153892517090e-01,-3.734519481658935547e-01,-1.226062679290771484e+01,4.354226803779602051e+01
-2.550077140331268311e-01,-3.734011948108673096e-01,-1.226237869262695312e+01,4.354732513427734375e+01
-2.551352977752685547e-01,-3.733624517917633057e-01,-1.226406574249267578e+01,4.355229806900024414e+01
-2.552531659603118896e-01,-3.733198344707489014e-01,-1.226580715179443359e+01,4.355732607841491699e+01
-2.553716301918029785e-01,-3.733240664005279541e-01,-1.226753520965576172e+01,4.356249904632568359e+01
-2.554757893085479736e-01,-3.733227550983428955e-01,-1.226932621002197266e+01,4.356749010086059570e+01
-2.556009590625762939e-01,-3.733471333980560303e-01,-1.227039623260498047e+01,4.357244992256164551e+01
-2.557222843170166016e-01,-3.732124269008636475e-01,-1.227185535430908203e+01,4.357779002189636230e+01
-2.558113932609558105e-01,-3.731779754161834717e-01,-1.227347373962402344e+01,4.358235597610473633e+01
-2.559074163436889648e-01,-3.731401562690734863e-01,-1.227505779266357422e+01,4.358745694160461426e+01
-2.558339834213256836e-01,-3.732863366603851318e-01,-1.227653694152832031e+01,4.359257507324218750e+01
-2.557913661003112793e-01,-3.733090460300445557e-01,-1.227800750732421875e+01,4.359745502471923828e+01
-2.557047307491302490e-01,-3.733426034450531006e-01,-1.227942657470703125e+01,4.360244607925415039e+01
-2.562303841114044189e-01,-3.740933239459991455e-01,-1.228193378448486328e+01,4.360751509666442871e+01
-2.561988234519958496e-01,-3.741931021213531494e-01,-1.228346157073974609e+01,4.361245203018188477e+01
-2.561079859733581543e-01,-3.742558956146240234e-01,-1.228490638732910156e+01,4.361745715141296387e+01
-2.561019062995910645e-01,-3.743894398212432861e-01,-1.228644943237304688e+01,4.362282299995422363e+01
-2.561109960079193115e-01,-3.745323717594146729e-01,-1.228796482086181641e+01,4.362772512435913086e+01
-2.561084032058715820e-01,-3.746792674064636230e-01,-1.228944683074951172e+01,4.363269114494323730e+01
-2.561058998107910156e-01,-3.748425543308258057e-01,-1.229090976715087891e+01,4.363759613037109375e+01
-2.574287652969360352e-01,-3.753580152988433838e-01,-1.229163169860839844e+01,4.364257097244262695e+01
-2.575916051864624023e-01,-3.757378458976745605e-01,-1.229305553436279297e+01,4.364760494232177734e+01
-2.577584385871887207e-01,-3.761458396911621094e-01,-1.229446411132812500e+01,4.365248012542724609e+01
-2.576162517070770264e-01,-3.757492303848266602e-01,-1.229633617401123047e+01,4.365759611129760742e+01
-2.576813101768493652e-01,-3.758803009986877441e-01,-1.229790115356445312e+01,4.366269493103027344e+01
-2.577399313449859619e-01,-3.760384321212768555e-01,-1.229947376251220703e+01,4.366761398315429688e+01
-2.576400935649871826e-01,-3.738461434841156006e-01,-1.229990482330322266e+01,4.367256307601928711e+01
-2.577800154685974121e-01,-3.738665282726287842e-01,-1.230163478851318359e+01,4.367760109901428223e+01
-2.579339146614074707e-01,-3.738904595375061035e-01,-1.230342388153076172e+01,4.368256306648254395e+01
-2.581818699836730957e-01,-3.738336563110351562e-01,-1.230499744415283203e+01,4.368767905235290527e+01
-2.584106922149658203e-01,-3.738127946853637695e-01,-1.230673885345458984e+01,4.369270801544189453e+01
-2.586807608604431152e-01,-3.738201260566711426e-01,-1.230850219726562500e+01,4.369797706604003906e+01
-2.586735785007476807e-01,-3.740137815475463867e-01,-1.231003665924072266e+01,4.370264005661010742e+01
-2.578122615814208984e-01,-3.751509189605712891e-01,-1.231095504760742188e+01,4.370762515068054199e+01
-2.576126456260681152e-01,-3.753817975521087646e-01,-1.231239318847656250e+01,4.371263694763183594e+01
-2.573501169681549072e-01,-3.756293356418609619e-01,-1.231377506256103516e+01,4.371772313117980957e+01
-2.575336396694183350e-01,-3.756867349147796631e-01,-1.231523227691650391e+01,4.372270107269287109e+01
-2.574479281902313232e-01,-3.758645057678222656e-01,-1.231657886505126953e+01,4.372796893119812012e+01
-2.573586702346801758e-01,-3.760349154472351074e-01,-1.231787300109863281e+01,4.373269009590148926e+01
-2.571921050548553467e-01,-3.761736452579498291e-01,-1.231926345825195312e+01,4.373778200149536133e+01
-2.583553791046142578e-01,-3.747119307518005371e-01,-1.232204818725585938e+01,4.374267601966857910e+01
-2.582273483276367188e-01,-3.746692836284637451e-01,-1.232362174987792969e+01,4.374771595001220703e+01
-2.582632601261138916e-01,-3.747010827064514160e-01,-1.232534122467041016e+01,4.375279307365417480e+01
-2.582156062126159668e-01,-3.746860027313232422e-01,-1.232701492309570312e+01,4.375770998001098633e+01
-2.581809759140014648e-01,-3.746904730796813965e-01,-1.232871246337890625e+01,4.376295495033264160e+01
-2.580727338790893555e-01,-3.747327923774719238e-01,-1.233046245574951172e+01,4.377218604087829590e+01
-2.579960227012634277e-01,-3.747723698616027832e-01,-1.233224678039550781e+01,4.377302312850952148e+01
-2.593009769916534424e-01,-3.743261396884918213e-01,-1.233226203918457031e+01,4.377780508995056152e+01
-2.592746317386627197e-01,-3.742699325084686279e-01,-1.233375930786132812e+01,4.378283500671386719e+01
-2.592488527297973633e-01,-3.742040395736694336e-01,-1.233541393280029297e+01,4.378786611557006836e+01
-2.592259049415588379e-01,-3.741085529327392578e-01,-1.233707809448242188e+01,4.379305505752563477e+01
-2.591884136199951172e-01,-3.740167617797851562e-01,-1.233872318267822266e+01,4.379814696311950684e+01
-2.592580616474151611e-01,-3.740797936916351318e-01,-1.234015083312988281e+01,4.380287504196166992e+01
-2.592923641204833984e-01,-3.740642070770263672e-01,-1.234167194366455078e+01,4.380780196189880371e+01
-2.593595981597900391e-01,-3.739528954029083252e-01,-1.234321117401123047e+01,4.381284403800964355e+01
-2.612730264663696289e-01,-3.766505420207977295e-01,-1.234587097167968750e+01,4.381798696517944336e+01
-2.615138590335845947e-01,-3.769163489341735840e-01,-1.234731292724609375e+01,4.382285213470458984e+01
-2.617746293544769287e-01,-3.771993815898895264e-01,-1.234870529174804688e+01,4.382831001281738281e+01
-2.614827454090118408e-01,-3.770054280757904053e-01,-1.235063934326171875e+01,4.383300304412841797e+01
-2.615627348423004150e-01,-3.771393001079559326e-01,-1.235214042663574219e+01,4.383799004554748535e+01
-2.616215348243713379e-01,-3.772682845592498779e-01,-1.235366153717041016e+01,4.384300112724304199e+01
-2.618238925933837891e-01,-3.763585686683654785e-01,-1.235462284088134766e+01,4.384815192222595215e+01
-2.621844112873077393e-01,-3.764832913875579834e-01,-1.235620594024658203e+01,4.385295915603637695e+01
-2.626091837882995605e-01,-3.766051530838012695e-01,-1.235782051086425781e+01,4.385797214508056641e+01
-2.622678875923156738e-01,-3.767211437225341797e-01,-1.235938072204589844e+01,4.386334800720214844e+01
-2.622596323490142822e-01,-3.768906295299530029e-01,-1.236098670959472656e+01,4.386795115470886230e+01
-2.621589601039886475e-01,-3.770637810230255127e-01,-1.236261940002441406e+01,4.387294793128967285e+01
-2.624404430389404297e-01,-3.772350251674652100e-01,-1.236427879333496094e+01,4.387821912765502930e+01
-2.625578045845031738e-01,-3.774172663688659668e-01,-1.236594200134277344e+01,4.388303709030151367e+01
-2.625920176506042480e-01,-3.750468492507934570e-01,-1.236740398406982422e+01,4.388799715042114258e+01
-2.628132104873657227e-01,-3.749625086784362793e-01,-1.236908435821533203e+01,4.389320611953735352e+01
-2.625218629837036133e-01,-3.747707307338714600e-01,-1.237036132812500000e+01,4.389822196960449219e+01
-2.625112831592559814e-01,-3.746181428432464600e-01,-1.237181758880615234e+01,4.390303897857666016e+01
-2.624609172344207764e-01,-3.744542598724365234e-01,-1.237322235107421875e+01,4.390812015533447266e+01
-2.626514136791229248e-01,-3.743922114372253418e-01,-1.237473011016845703e+01,4.391303014755249023e+01
-2.637280523777008057e-01,-3.760880231857299805e-01,-1.237720489501953125e+01,4.391809701919555664e+01
-2.639900147914886475e-01,-3.760490119457244873e-01,-1.237873077392578125e+01,4.392307996749877930e+01
-2.639078497886657715e-01,-3.761062622070312500e-01,-1.238057804107666016e+01,4.392819499969482422e+01
-2.639974355697631836e-01,-3.761003017425537109e-01,-1.238227653503417969e+01,4.393302512168884277e+01
-2.640624046325683594e-01,-3.761506378650665283e-01,-1.238399028778076172e+01,4.393803310394287109e+01
-2.639094293117523193e-01,-3.762892484664916992e-01,-1.238554191589355469e+01,4.394308805465698242e+01
-2.637408673763275146e-01,-3.764260113239288330e-01,-1.238718891143798828e+01,4.394814896583557129e+01
-2.630060315132141113e-01,-3.772173225879669189e-01,-1.238925457000732422e+01,4.395316815376281738e+01
-2.636187076568603516e-01,-3.772569894790649414e-01,-1.239066791534423828e+01,4.395810604095458984e+01
-2.637953162193298340e-01,-3.773556947708129883e-01,-1.239223766326904297e+01,4.396316814422607422e+01
-2.640874087810516357e-01,-3.774869441986083984e-01,-1.239372348785400391e+01,4.396812105178833008e+01
-2.644907236099243164e-01,-3.776044249534606934e-01,-1.239514446258544922e+01,4.397320413589477539e+01
-2.645431160926818848e-01,-3.777287602424621582e-01,-1.239649295806884766e+01,4.397815299034118652e+01
-2.653806209564208984e-01,-3.766461908817291260e-01,-1.239700698852539062e+01,4.398320007324218750e+01
-2.657306790351867676e-01,-3.765637576580047607e-01,-1.239813995361328125e+01,4.398813509941101074e+01
-2.653478682041168213e-01,-3.764159679412841797e-01,-1.239925575256347656e+01,4.399329614639282227e+01
-2.653088867664337158e-01,-3.762979805469512939e-01,-1.240033340454101562e+01,4.399834012985229492e+01
-2.651851475238800049e-01,-3.761783838272094727e-01,-1.240136051177978516e+01,4.400324702262878418e+01
-2.652344703674316406e-01,-3.760713338851928711e-01,-1.240270614624023438e+01,4.400829315185546875e+01
-2.654411494731903076e-01,-3.787803649902343750e-01,-1.240736675262451172e+01,4.401309013366699219e+01
-2.654835581779479980e-01,-3.787597119808197021e-01,-1.240908718109130859e+01,4.401814198493957520e+01
-2.655191123485565186e-01,-3.788978457450866699e-01,-1.241076469421386719e+01,4.402343893051147461e+01
-2.655428349971771240e-01,-3.789671361446380615e-01,-1.241249561309814453e+01,4.402842903137207031e+01
-2.655653655529022217e-01,-3.790268599987030029e-01,-1.241425800323486328e+01,4.403334712982177734e+01
-2.657957077026367188e-01,-3.788935244083404541e-01,-1.241584491729736328e+01,4.403820610046386719e+01
-2.659889459609985352e-01,-3.788946866989135742e-01,-1.241750621795654297e+01,4.404336094856262207e+01
-2.659001350402832031e-01,-3.781383931636810303e-01,-1.241656875610351562e+01,4.404834604263305664e+01
-2.657561004161834717e-01,-3.780964612960815430e-01,-1.241805744171142578e+01,4.405352711677551270e+01
-2.658244371414184570e-01,-3.781330883502960205e-01,-1.241953277587890625e+01,4.405832910537719727e+01
-2.658664882183074951e-01,-3.781462013721466064e-01,-1.242101478576660156e+01,4.406347894668579102e+01
-2.658793628215789795e-01,-3.781470358371734619e-01,-1.242249584197998047e+01,4.406829810142517090e+01
-2.657828330993652344e-01,-3.782534003257751465e-01,-1.242406272888183594e+01,4.407332992553710938e+01
-2.653961777687072754e-01,-3.791247904300689697e-01,-1.242626285552978516e+01,4.407834601402282715e+01
-2.651763856410980225e-01,-3.792021572589874268e-01,-1.242788696289062500e+01,4.408334207534790039e+01
-2.651107907295227051e-01,-3.791522979736328125e-01,-1.242931938171386719e+01,4.408843398094177246e+01
-2.649276256561279297e-01,-3.791848719120025635e-01,-1.243085670471191406e+01,4.409357094764709473e+01
-2.647341489791870117e-01,-3.791981339454650879e-01,-1.243238830566406250e+01,4.409843802452087402e+01
-2.646214962005615234e-01,-3.792637288570404053e-01,-1.243386554718017578e+01,4.410346603393554688e+01
-2.644796669483184814e-01,-3.792799115180969238e-01,-1.243532943725585938e+01,4.410845708847045898e+01
-2.664078474044799805e-01,-3.802321553230285645e-01,-1.243552017211914062e+01,4.411342501640319824e+01
-2.662748098373413086e-01,-3.802476227283477783e-01,-1.243695449829101562e+01,4.411848497390747070e+01
-2.662248015403747559e-01,-3.803792297840118408e-01,-1.243828773498535156e+01,4.412347912788391113e+01
-2.661585807800292969e-01,-3.805132806301116943e-01,-1.243963146209716797e+01,4.412873315811157227e+01
-2.661590576171875000e-01,-3.806784749031066895e-01,-1.244118404388427734e+01,4.413342595100402832e+01
-2.661330401897430420e-01,-3.808812499046325684e-01,-1.244269371032714844e+01,4.413846611976623535e+01
-2.661142647266387939e-01,-3.810988068580627441e-01,-1.244426059722900391e+01,4.414348602294921875e+01
-2.658105194568634033e-01,-3.797355890274047852e-01,-1.244632434844970703e+01,4.414846301078796387e+01
-2.657158672809600830e-01,-3.795751333236694336e-01,-1.244788360595703125e+01,4.415346097946166992e+01
-2.656663060188293457e-01,-3.795054554939270020e-01,-1.244958114624023438e+01,4.415838694572448730e+01
-2.656109631061553955e-01,-3.794134855270385742e-01,-1.245131301879882812e+01,4.416358995437622070e+01
-2.656144201755523682e-01,-3.794706761837005615e-01,-1.245289707183837891e+01,4.416851806640625000e+01
-2.656058371067047119e-01,-3.794277608394622803e-01,-1.245453166961669922e+01,4.417358398437500000e+01
-2.658227980136871338e-01,-3.799560368061065674e-01,-1.245462894439697266e+01,4.417857599258422852e+01
-2.657489478588104248e-01,-3.799581527709960938e-01,-1.245606708526611328e+01,4.418355894088745117e+01
-2.657384276390075684e-01,-3.799763023853302002e-01,-1.245744037628173828e+01,4.418855810165405273e+01
-2.657150328159332275e-01,-3.799745440483093262e-01,-1.245879173278808594e+01,4.419367909431457520e+01
-2.659486830234527588e-01,-3.800109624862670898e-01,-1.246032047271728516e+01,4.419876098632812500e+01
-2.661423981189727783e-01,-3.800580799579620361e-01,-1.246179485321044922e+01,4.420344996452331543e+01
-2.664058804512023926e-01,-3.801414072513580322e-01,-1.246330451965332031e+01,4.420862793922424316e+01
-2.666402757167816162e-01,-3.816776275634765625e-01,-1.246558570861816406e+01,4.421359395980834961e+01
-2.667037844657897949e-01,-3.818165659904479980e-01,-1.246692562103271484e+01,4.421874213218688965e+01
-2.666980922222137451e-01,-3.819471001625061035e-01,-1.246818256378173828e+01,4.422371292114257812e+01
-2.667268514633178711e-01,-3.820419609546661377e-01,-1.246941852569580078e+01,4.422908711433410645e+01
-2.666794657707214355e-01,-3.821712434291839600e-01,-1.247058200836181641e+01,4.423371315002441406e+01
-2.665965259075164795e-01,-3.823022246360778809e-01,-1.247169494628906250e+01,4.423872613906860352e+01
-2.664818763732910156e-01,-3.824377655982971191e-01,-1.247275447845458984e+01,4.424372315406799316e+01
-2.661515474319458008e-01,-3.825043439865112305e-01,-1.247451210021972656e+01,4.424865198135375977e+01
-2.659502029418945312e-01,-3.825235068798065186e-01,-1.247554016113281250e+01,4.425353312492370605e+01
-2.657177746295928955e-01,-3.825283348560333252e-01,-1.247652149200439453e+01,4.425886392593383789e+01
-2.661341726779937744e-01,-3.826389312744140625e-01,-1.247936439514160156e+01,4.426384902000427246e+01
-2.660894691944122314e-01,-3.825724124908447266e-01,-1.248097419738769531e+01,4.426869606971740723e+01
-2.660547792911529541e-01,-3.825774490833282471e-01,-1.248263549804687500e+01,4.427370905876159668e+01
-2.661643326282501221e-01,-3.814026117324829102e-01,-1.248356819152832031e+01,4.427869796752929688e+01
-2.659962475299835205e-01,-3.813261687755584717e-01,-1.248514270782470703e+01,4.428383994102478027e+01
-2.657877802848815918e-01,-3.812230825424194336e-01,-1.248671054840087891e+01,4.428884792327880859e+01
-2.659639418125152588e-01,-3.815437555313110352e-01,-1.248785781860351562e+01,4.429381608963012695e+01
-2.659471929073333740e-01,-3.816376924514770508e-01,-1.248914432525634766e+01,4.429878592491149902e+01
-2.659635543823242188e-01,-3.817770481109619141e-01,-1.249034118652343750e+01,4.430381393432617188e+01
-2.657631635665893555e-01,-3.816752135753631592e-01,-1.249134159088134766e+01,4.430879092216491699e+01
-2.668494284152984619e-01,-3.826936781406402588e-01,-1.249311542510986328e+01,4.431366109848022461e+01
-2.667242288589477539e-01,-3.826397061347961426e-01,-1.249398231506347656e+01,4.431877899169921875e+01
-2.665583491325378418e-01,-3.825833797454833984e-01,-1.249473953247070312e+01,4.432380604743957520e+01
-2.665529549121856689e-01,-3.828005492687225342e-01,-1.249611759185791016e+01,4.432888698577880859e+01
-2.664607465267181396e-01,-3.829317390918731689e-01,-1.249708461761474609e+01,4.433379101753234863e+01
-2.663639187812805176e-01,-3.831228017807006836e-01,-1.249804878234863281e+01,4.433879303932189941e+01
-2.663778960704803467e-01,-3.837418258190155029e-01,-1.250119209289550781e+01,4.434380698204040527e+01
-2.663135230541229248e-01,-3.837237656116485596e-01,-1.250262641906738281e+01,4.434889912605285645e+01
-2.662582993507385254e-01,-3.836829066276550293e-01,-1.250411605834960938e+01,4.435387802124023438e+01
-2.660462856292724609e-01,-3.836677968502044678e-01,-1.250562095642089844e+01,4.435881495475769043e+01
-2.659007012844085693e-01,-3.836215138435363770e-01,-1.250721454620361328e+01,4.436399602890014648e+01
-2.657340466976165771e-01,-3.835636079311370850e-01,-1.250886535644531250e+01,4.436893105506896973e+01
-2.656267583370208740e-01,-3.835217356681823730e-01,-1.251062011718750000e+01,4.437394499778747559e+01
-2.661872208118438721e-01,-3.829599022865295410e-01,-1.250955963134765625e+01,4.437896299362182617e+01
-2.661429047584533691e-01,-3.830098211765289307e-01,-1.251120281219482422e+01,4.438395500183105469e+01
-2.662878632545471191e-01,-3.831058144569396973e-01,-1.251283931732177734e+01,4.438897514343261719e+01
-2.663777172565460205e-01,-3.831975460052490234e-01,-1.251457881927490234e+01,4.439424300193786621e+01
-2.665088474750518799e-01,-3.832823038101196289e-01,-1.251639366149902344e+01,4.439917707443237305e+01
-2.666734457015991211e-01,-3.834243416786193848e-01,-1.251824092864990234e+01,4.440393495559692383e+01
-2.674562931060791016e-01,-3.838567435741424561e-01,-1.251963806152343750e+01,4.440893602371215820e+01
-2.678575813770294189e-01,-3.840117752552032471e-01,-1.252113342285156250e+01,4.441397309303283691e+01
-2.682734727859497070e-01,-3.841234445571899414e-01,-1.252254295349121094e+01,4.441903805732727051e+01
-2.683165073394775391e-01,-3.842092454433441162e-01,-1.252341556549072266e+01,4.442399811744689941e+01
-2.686362266540527344e-01,-3.843314051628112793e-01,-1.252445793151855469e+01,4.442918515205383301e+01
-2.689542174339294434e-01,-3.844486773014068604e-01,-1.252540111541748047e+01,4.443403697013854980e+01
-2.689728140830993652e-01,-3.845117390155792236e-01,-1.252644443511962891e+01,4.443912315368652344e+01
-2.678934931755065918e-01,-3.855640888214111328e-01,-1.252992916107177734e+01,4.444406795501708984e+01
-2.676820755004882812e-01,-3.857542276382446289e-01,-1.253099250793457031e+01,4.444901108741760254e+01
-2.677106261253356934e-01,-3.859572708606719971e-01,-1.253279876708984375e+01,4.445406198501586914e+01
-2.675587236881256104e-01,-3.861717581748962402e-01,-1.253424835205078125e+01,4.445899415016174316e+01
-2.673860490322113037e-01,-3.863861262798309326e-01,-1.253577518463134766e+01,4.446416401863098145e+01
-2.672060430049896240e-01,-3.866126835346221924e-01,-1.253730583190917969e+01,4.446907210350036621e+01
-2.670072913169860840e-01,-3.867578208446502686e-01,-1.253893852233886719e+01,4.447407007217407227e+01
-2.675314545631408691e-01,-3.843783736228942871e-01,-1.253893280029296875e+01,4.447907495498657227e+01
-2.674776315689086914e-01,-3.845661580562591553e-01,-1.254047012329101562e+01,4.448407196998596191e+01
-2.673712968826293945e-01,-3.847249746322631836e-01,-1.254213237762451172e+01,4.448915815353393555e+01
-2.672771513462066650e-01,-3.849381804466247559e-01,-1.254380321502685547e+01,4.449432015419006348e+01
-2.671904265880584717e-01,-3.851682841777801514e-01,-1.254550552368164062e+01,4.449924898147583008e+01
-2.671940326690673828e-01,-3.851476013660430908e-01,-1.254711341857910156e+01,4.450407099723815918e+01
-2.678249776363372803e-01,-3.844873011112213135e-01,-1.254823303222656250e+01,4.450917696952819824e+01
-2.678900063037872314e-01,-3.844928741455078125e-01,-1.254983806610107422e+01,4.451417207717895508e+01
-2.678283452987670898e-01,-3.847135603427886963e-01,-1.255109977722167969e+01,4.451920413970947266e+01
-2.678700685501098633e-01,-3.848046362400054932e-01,-1.255252361297607422e+01,4.452416396141052246e+01
-2.679186165332794189e-01,-3.849328458309173584e-01,-1.255389308929443359e+01,4.452930092811584473e+01
-2.680801153182983398e-01,-3.850251436233520508e-01,-1.255512332916259766e+01,4.453419804573059082e+01
-2.682204544544219971e-01,-3.851743638515472412e-01,-1.255631446838378906e+01,4.453924608230590820e+01
-2.699759602546691895e-01,-3.853246867656707764e-01,-1.255887985229492188e+01,4.454416298866271973e+01
-2.701009213924407959e-01,-3.853454291820526123e-01,-1.256023216247558594e+01,4.454920005798339844e+01
-2.703278958797454834e-01,-3.852794766426086426e-01,-1.256147575378417969e+01,4.455418801307678223e+01
-2.705528140068054199e-01,-3.851985037326812744e-01,-1.256266880035400391e+01,4.455933308601379395e+01
-2.706417143344879150e-01,-3.851877152919769287e-01,-1.256406211853027344e+01,4.456429815292358398e+01
-2.707509100437164307e-01,-3.851481974124908447e-01,-1.256538772583007812e+01,4.456919503211975098e+01
-2.708188891410827637e-01,-3.851124644279479980e-01,-1.256674385070800781e+01,4.457429313659667969e+01
-2.695168852806091309e-01,-3.868289887905120850e-01,-1.256809520721435547e+01,4.457938098907470703e+01
-2.695138752460479736e-01,-3.868468999862670898e-01,-1.256977462768554688e+01,4.458438110351562500e+01
-2.694127261638641357e-01,-3.869497478008270264e-01,-1.257139682769775391e+01,4.458933615684509277e+01
-2.692954540252685547e-01,-3.870321512222290039e-01,-1.257309055328369141e+01,4.459458994865417480e+01
-2.692879438400268555e-01,-3.871876299381256104e-01,-1.257474899291992188e+01,4.459937810897827148e+01
-2.692419886589050293e-01,-3.872893452644348145e-01,-1.257648658752441406e+01,4.460434412956237793e+01
-2.701472342014312744e-01,-3.854071497917175293e-01,-1.257677745819091797e+01,4.460926103591918945e+01
-2.701120376586914062e-01,-3.854016661643981934e-01,-1.257825279235839844e+01,4.461434912681579590e+01
-2.701282501220703125e-01,-3.853771984577178955e-01,-1.257981777191162109e+01,4.461935710906982422e+01
-2.701368331909179688e-01,-3.853841423988342285e-01,-1.258137989044189453e+01,4.462428712844848633e+01
-2.701737582683563232e-01,-3.854756951332092285e-01,-1.258294200897216797e+01,4.462957000732421875e+01
-2.702039182186126709e-01,-3.855386376380920410e-01,-1.258450412750244141e+01,4.463441801071166992e+01
-2.702367305755615234e-01,-3.856220543384552002e-01,-1.258605861663818359e+01,4.463954997062683105e+01
-2.707715630531311035e-01,-3.861405551433563232e-01,-1.258820247650146484e+01,4.464448499679565430e+01
-2.708230912685394287e-01,-3.861231207847595215e-01,-1.258974456787109375e+01,4.464951896667480469e+01
-2.708785831928253174e-01,-3.861551880836486816e-01,-1.259127426147460938e+01,4.465481400489807129e+01
-2.710308730602264404e-01,-3.863505423069000244e-01,-1.259264469146728516e+01,4.465975499153137207e+01
-2.711823582649230957e-01,-3.864791989326477051e-01,-1.259404563903808594e+01,4.466448593139648438e+01
-2.713640630245208740e-01,-3.866329789161682129e-01,-1.259537982940673828e+01,4.466949009895324707e+01
-2.715777754783630371e-01,-3.868098855018615723e-01,-1.259664726257324219e+01,4.467443895339965820e+01
-2.714913785457611084e-01,-3.864704668521881104e-01,-1.259770488739013672e+01,4.467951607704162598e+01
-2.715218961238861084e-01,-3.864648938179016113e-01,-1.259889030456542969e+01,4.468432092666625977e+01
-2.715395092964172363e-01,-3.864569365978240967e-01,-1.260002613067626953e+01,4.468958401679992676e+01
-2.715838551521301270e-01,-3.865698277950286865e-01,-1.260176658630371094e+01,4.469470715522766113e+01
-2.715979516506195068e-01,-3.866108059883117676e-01,-1.260317325592041016e+01,4.469954395294189453e+01
-2.716012001037597656e-01,-3.866695463657379150e-01,-1.260462093353271484e+01,4.470444011688232422e+01
-2.714907228946685791e-01,-3.867135345935821533e-01,-1.260607147216796875e+01,4.470983505249023438e+01
-2.731215059757232666e-01,-3.875419199466705322e-01,-1.260929679870605469e+01,4.471452713012695312e+01
-2.730346918106079102e-01,-3.875247538089752197e-01,-1.261102867126464844e+01,4.471963000297546387e+01
-2.728602290153503418e-01,-3.875074982643127441e-01,-1.261253452301025391e+01,4.472459411621093750e+01
-2.726593315601348877e-01,-3.874809741973876953e-01,-1.261417102813720703e+01,4.472974514961242676e+01
-2.724132239818572998e-01,-3.874255120754241943e-01,-1.261581325531005859e+01,4.473461198806762695e+01
-2.723920345306396484e-01,-3.874301314353942871e-01,-1.261741447448730469e+01,4.473967099189758301e+01
-2.722737789154052734e-01,-3.874061405658721924e-01,-1.261901187896728516e+01,4.474451112747192383e+01
-2.728804051876068115e-01,-3.876860439777374268e-01,-1.261960506439208984e+01,4.474958515167236328e+01
-2.729101777076721191e-01,-3.877839148044586182e-01,-1.262109851837158203e+01,4.475472593307495117e+01
-2.728291749954223633e-01,-3.877651989459991455e-01,-1.262257289886474609e+01,4.475988602638244629e+01
-2.728331685066223145e-01,-3.877995014190673828e-01,-1.262403011322021484e+01,4.476472592353820801e+01
-2.728528380393981934e-01,-3.878474235534667969e-01,-1.262546920776367188e+01,4.476970911026000977e+01
-2.728956639766693115e-01,-3.879364728927612305e-01,-1.262686824798583984e+01,4.477470207214355469e+01
-2.729429900646209717e-01,-3.880036175251007080e-01,-1.262825870513916016e+01,4.477975606918334961e+01
-2.730963230133056641e-01,-3.878215253353118896e-01,-1.262971782684326172e+01,4.478473114967346191e+01
-2.733445465564727783e-01,-3.879801928997039795e-01,-1.263122844696044922e+01,4.478974008560180664e+01
-2.735401391983032227e-01,-3.880430459976196289e-01,-1.263270854949951172e+01,4.479502201080322266e+01
-2.737843990325927734e-01,-3.881504237651824951e-01,-1.263418292999267578e+01,4.479977011680603027e+01
-2.739089429378509521e-01,-3.881032466888427734e-01,-1.263540267944335938e+01,4.480474710464477539e+01
-2.741042673587799072e-01,-3.881343603134155273e-01,-1.263667774200439453e+01,4.480970907211303711e+01
-2.742998301982879639e-01,-3.881496191024780273e-01,-1.263789367675781250e+01,4.481472897529602051e+01
-2.741933465003967285e-01,-3.875769078731536865e-01,-1.263913631439208984e+01,4.481996798515319824e+01
-2.742660939693450928e-01,-3.875354230403900146e-01,-1.264044380187988281e+01,4.482485914230346680e+01
-2.743106782436370850e-01,-3.875065445899963379e-01,-1.264173984527587891e+01,4.482988500595092773e+01
-2.743658721446990967e-01,-3.875681161880493164e-01,-1.264334201812744141e+01,4.483515596389770508e+01
-2.743935286998748779e-01,-3.875283300876617432e-01,-1.264489555358886719e+01,4.483988809585571289e+01
-2.744062244892120361e-01,-3.874871730804443359e-01,-1.264653301239013672e+01,4.484481501579284668e+01
-2.747589051723480225e-01,-3.883613944053649902e-01,-1.264919471740722656e+01,4.484990906715393066e+01
-2.750099599361419678e-01,-3.883350789546966553e-01,-1.265095710754394531e+01,4.485485100746154785e+01
-2.751514017581939697e-01,-3.883087933063507080e-01,-1.265288639068603516e+01,4.485996294021606445e+01
-2.753188908100128174e-01,-3.882802128791809082e-01,-1.265489101409912109e+01,4.486494994163513184e+01
-2.752936780452728271e-01,-3.882345259189605713e-01,-1.265654563903808594e+01,4.486985206604003906e+01
-2.753381133079528809e-01,-3.881872892379760742e-01,-1.265831851959228516e+01,4.487483000755310059e+01
-2.753498554229736328e-01,-3.881257474422454834e-01,-1.266002750396728516e+01,4.487980294227600098e+01
-2.750276327133178711e-01,-3.884854316711425781e-01,-1.265817737579345703e+01,4.488477206230163574e+01
-2.750610709190368652e-01,-3.885527849197387695e-01,-1.265932941436767578e+01,4.489001512527465820e+01
-2.751051187515258789e-01,-3.886393904685974121e-01,-1.266040134429931641e+01,4.489507699012756348e+01
-2.749580442905426025e-01,-3.887716531753540039e-01,-1.266177272796630859e+01,4.490001797676086426e+01
-2.748502194881439209e-01,-3.888518512248992920e-01,-1.266303062438964844e+01,4.490495014190673828e+01
-2.746954560279846191e-01,-3.889574110507965088e-01,-1.266432476043701172e+01,4.491002011299133301e+01
-2.766216397285461426e-01,-3.897579014301300049e-01,-1.266905689239501953e+01,4.491494393348693848e+01
-2.769720554351806641e-01,-3.899068236351013184e-01,-1.267086219787597656e+01,4.492001700401306152e+01
-2.774192094802856445e-01,-3.900711238384246826e-01,-1.267275142669677734e+01,4.492490506172180176e+01
-2.779587805271148682e-01,-3.902868032455444336e-01,-1.267467021942138672e+01,4.493011498451232910e+01
-2.781631052494049072e-01,-3.901735544204711914e-01,-1.267623424530029297e+01,4.493498110771179199e+01
-2.786276042461395264e-01,-3.901561796665191650e-01,-1.267795085906982422e+01,4.494001102447509766e+01
-2.771681845188140869e-01,-3.883372247219085693e-01,-1.267597866058349609e+01,4.494499015808105469e+01
-2.774173915386199951e-01,-3.884245157241821289e-01,-1.267748355865478516e+01,4.494999814033508301e+01
-2.777237892150878906e-01,-3.884698450565338135e-01,-1.267891120910644531e+01,4.495507311820983887e+01
-2.780348956584930420e-01,-3.885232210159301758e-01,-1.268035221099853516e+01,4.496026110649108887e+01
-2.781656086444854736e-01,-3.885667324066162109e-01,-1.268191146850585938e+01,4.496509408950805664e+01
-2.783279716968536377e-01,-3.885913789272308350e-01,-1.268345260620117188e+01,4.497010993957519531e+01
-2.784443199634552002e-01,-3.886118829250335693e-01,-1.268502140045166016e+01,4.497504615783691406e+01
-2.792588174343109131e-01,-3.895252346992492676e-01,-1.268871402740478516e+01,4.498014712333679199e+01
-2.794456481933593750e-01,-3.895667791366577148e-01,-1.269040298461914062e+01,4.498502206802368164e+01
-2.796269655227661133e-01,-3.896104991436004639e-01,-1.269208431243896484e+01,4.499008297920227051e+01
-2.798990607261657715e-01,-3.896441757678985596e-01,-1.269352722167968750e+01,4.499539804458618164e+01
-2.801465094089508057e-01,-3.897025585174560547e-01,-1.269508361816406250e+01,4.500015711784362793e+01
-2.804137170314788818e-01,-3.897381424903869629e-01,-1.269659805297851562e+01,4.500508809089660645e+01
-2.807008028030395508e-01,-3.897720277309417725e-01,-1.269809055328369141e+01,4.501016211509704590e+01
-2.795223593711853027e-01,-3.895817101001739502e-01,-1.269872570037841797e+01,4.501512813568115234e+01
-2.796002626419067383e-01,-3.896103203296661377e-01,-1.270007801055908203e+01,4.502014899253845215e+01
-2.796757817268371582e-01,-3.896376788616180420e-01,-1.270142841339111328e+01,4.502501392364501953e+01
-2.796961069107055664e-01,-3.897459208965301514e-01,-1.270321655273437500e+01,4.503028202056884766e+01
-2.797138690948486328e-01,-3.898156583309173584e-01,-1.270478343963623047e+01,4.503513193130493164e+01
-2.797067761421203613e-01,-3.898744881153106689e-01,-1.270639705657958984e+01,4.504030394554138184e+01
-2.798063755035400391e-01,-3.898962438106536865e-01,-1.270797920227050781e+01,4.504521393775939941e+01
-2.820641994476318359e-01,-3.912092447280883789e-01,-1.271112728118896484e+01,4.505020499229431152e+01
-2.823435962200164795e-01,-3.914557993412017822e-01,-1.271289443969726562e+01,4.505520892143249512e+01
-2.824836969375610352e-01,-3.915520012378692627e-01,-1.271450710296630859e+01,4.506036615371704102e+01
-2.827000617980957031e-01,-3.917054235935211182e-01,-1.271622371673583984e+01,4.506515812873840332e+01
-2.829100489616394043e-01,-3.918656110763549805e-01,-1.271795082092285156e+01,4.507694196701049805e+01
-2.832049727439880371e-01,-3.922770917415618896e-01,-1.271971607208251953e+01,4.507766795158386230e+01
-2.823171317577362061e-01,-3.904428482055664062e-01,-1.271963405609130859e+01,4.508007192611694336e+01
-2.825031280517578125e-01,-3.906277120113372803e-01,-1.272116756439208984e+01,4.508507513999938965e+01
-2.827599644660949707e-01,-3.905594348907470703e-01,-1.272256088256835938e+01,4.509023809432983398e+01
-2.830147743225097656e-01,-3.905609846115112305e-01,-1.272403907775878906e+01,4.509552693367004395e+01
-2.833157777786254883e-01,-3.905694484710693359e-01,-1.272548103332519531e+01,4.510033893585205078e+01
-2.836479246616363525e-01,-3.905428051948547363e-01,-1.272688007354736328e+01,4.510519409179687500e+01
-2.838904261589050293e-01,-3.908209204673767090e-01,-1.272833919525146484e+01,4.511038208007812500e+01
-2.842032909393310547e-01,-3.909191489219665527e-01,-1.272971916198730469e+01,4.511537694931030273e+01
-2.849965095520019531e-01,-3.924570083618164062e-01,-1.273323631286621094e+01,4.512034106254577637e+01
-2.849645912647247314e-01,-3.924224078655242920e-01,-1.273455429077148438e+01,4.512532806396484375e+01
-2.850925326347351074e-01,-3.925707638263702393e-01,-1.273592758178710938e+01,4.513029599189758301e+01
-2.851676344871520996e-01,-3.926964998245239258e-01,-1.273724937438964844e+01,4.513523006439208984e+01
-2.853606641292572021e-01,-3.929466307163238525e-01,-1.273866939544677734e+01,4.514032006263732910e+01
-2.854813337326049805e-01,-3.931800425052642822e-01,-1.274001979827880859e+01,4.514530110359191895e+01
-2.856005728244781494e-01,-3.934455811977386475e-01,-1.274136066436767578e+01,4.515038013458251953e+01
-2.844430804252624512e-01,-3.918927907943725586e-01,-1.274363231658935547e+01,4.515533399581909180e+01
-2.844848632812500000e-01,-3.919204473495483398e-01,-1.274516582489013672e+01,4.516063308715820312e+01
-2.845149636268615723e-01,-3.919152021408081055e-01,-1.274671745300292969e+01,4.516533994674682617e+01
-2.846104800701141357e-01,-3.919890224933624268e-01,-1.274828910827636719e+01,4.517038512229919434e+01
-2.846750020980834961e-01,-3.920422494411468506e-01,-1.274985790252685547e+01,4.517521214485168457e+01
-2.847464382648468018e-01,-3.920882940292358398e-01,-1.275143909454345703e+01,4.518047904968261719e+01
-2.851295173168182373e-01,-3.919790089130401611e-01,-1.275230216979980469e+01,4.518545007705688477e+01
-2.854989469051361084e-01,-3.917281925678253174e-01,-1.275369167327880859e+01,4.519034409523010254e+01
-2.857576608657836914e-01,-3.917020261287689209e-01,-1.275515651702880859e+01,4.519570493698120117e+01
-2.860563397407531738e-01,-3.916515111923217773e-01,-1.275660228729248047e+01,4.520041108131408691e+01
-2.862914502620697021e-01,-3.917138576507568359e-01,-1.275813770294189453e+01,4.520541095733642578e+01
-2.865809500217437744e-01,-3.917284607887268066e-01,-1.275963592529296875e+01,4.521046805381774902e+01
-2.872935235500335693e-01,-3.928376734256744385e-01,-1.276233959197998047e+01,4.521539211273193359e+01
-2.876207828521728516e-01,-3.929421007633209229e-01,-1.276399326324462891e+01,4.522044014930725098e+01
-2.879501879215240479e-01,-3.930281698703765869e-01,-1.276563739776611328e+01,4.522545695304870605e+01
-2.882961928844451904e-01,-3.931189477443695068e-01,-1.276729869842529297e+01,4.523060798645019531e+01
-2.883682250976562500e-01,-3.930909633636474609e-01,-1.276887512207031250e+01,4.523546099662780762e+01
-2.884982228279113770e-01,-3.930834233760833740e-01,-1.277049064636230469e+01,4.524057197570800781e+01
-2.868397533893585205e-01,-3.921934068202972412e-01,-1.277029418945312500e+01,4.524541401863098145e+01
-2.870655059814453125e-01,-3.924209475517272949e-01,-1.277190971374511719e+01,4.525045299530029297e+01
-2.870597541332244873e-01,-3.924892842769622803e-01,-1.277345561981201172e+01,4.525558400154113770e+01
-2.870707213878631592e-01,-3.925912678241729736e-01,-1.277503108978271484e+01,4.526082110404968262e+01
-2.870044112205505371e-01,-3.925417065620422363e-01,-1.277642631530761719e+01,4.526570200920104980e+01
-2.869680821895599365e-01,-3.925468027591705322e-01,-1.277786445617675781e+01,4.527062606811523438e+01
-2.869142293930053711e-01,-3.925155103206634521e-01,-1.277926158905029297e+01,4.527547597885131836e+01
-2.866576910018920898e-01,-3.927351534366607666e-01,-1.277912998199462891e+01,4.528058099746704102e+01
-2.867687344551086426e-01,-3.930375576019287109e-01,-1.278065872192382812e+01,4.528560805320739746e+01
-2.867720425128936768e-01,-3.932788968086242676e-01,-1.278192996978759766e+01,4.529067802429199219e+01
-2.867818176746368408e-01,-3.935604989528656006e-01,-1.278319549560546875e+01,4.529585504531860352e+01
-2.866357862949371338e-01,-3.937906920909881592e-01,-1.278444290161132812e+01,4.530074906349182129e+01
-2.865318059921264648e-01,-3.940186202526092529e-01,-1.278573322296142578e+01,4.530561304092407227e+01
-2.863879501819610596e-01,-3.942480385303497314e-01,-1.278703594207763672e+01,4.531068396568298340e+01
-2.878693342208862305e-01,-3.920865952968597412e-01,-1.279101848602294922e+01,4.531572413444519043e+01
-2.877846658229827881e-01,-3.920023739337921143e-01,-1.279259872436523438e+01,4.532068395614624023e+01
-2.877033650875091553e-01,-3.918823003768920898e-01,-1.279421615600585938e+01,4.532585406303405762e+01
-2.878919839859008789e-01,-3.916949033737182617e-01,-1.279588508605957031e+01,4.533068108558654785e+01
-2.880310714244842529e-01,-3.915377259254455566e-01,-1.279756355285644531e+01,4.533573603630065918e+01
-2.882426977157592773e-01,-3.913762569427490234e-01,-1.279928112030029297e+01,4.534067511558532715e+01
-2.899018824100494385e-01,-3.935428261756896973e-01,-1.280073261260986328e+01,4.534563112258911133e+01
-2.900591492652893066e-01,-3.936397731304168701e-01,-1.280234527587890625e+01,4.535071301460266113e+01
-2.901822328567504883e-01,-3.937250077724456787e-01,-1.280398559570312500e+01,4.535574007034301758e+01
-2.902660667896270752e-01,-3.938060104846954346e-01,-1.280563640594482422e+01,4.536101102828979492e+01
-2.902951836585998535e-01,-3.939823806285858154e-01,-1.280717468261718750e+01,4.536584806442260742e+01
-2.902885377407073975e-01,-3.941588103771209717e-01,-1.280876159667968750e+01,4.537072801589965820e+01
-2.902536690235137939e-01,-3.942737281322479248e-01,-1.281037139892578125e+01,4.537579798698425293e+01
-2.896973192691802979e-01,-3.941828012466430664e-01,-1.281189250946044922e+01,4.538100004196166992e+01
-2.898065447807312012e-01,-3.945000171661376953e-01,-1.281354331970214844e+01,4.538584709167480469e+01
-2.899396121501922607e-01,-3.948715329170227051e-01,-1.281520080566406250e+01,4.539078807830810547e+01
-2.899396717548370361e-01,-3.949344158172607422e-01,-1.281662082672119141e+01,4.539601206779479980e+01
-2.900262176990509033e-01,-3.951648771762847900e-01,-1.281813621520996094e+01,4.540073704719543457e+01
-2.901094853878021240e-01,-3.953835964202880859e-01,-1.281961345672607422e+01,4.540575504302978516e+01
-2.905515134334564209e-01,-3.956164717674255371e-01,-1.282113170623779297e+01,4.541075110435485840e+01
-2.905860543251037598e-01,-3.938645422458648682e-01,-1.282123088836669922e+01,4.541587400436401367e+01
-2.911036908626556396e-01,-3.940022289752960205e-01,-1.282260036468505859e+01,4.542097711563110352e+01
-2.907761633396148682e-01,-3.939538598060607910e-01,-1.282392692565917969e+01,4.542626094818115234e+01
-2.908537983894348145e-01,-3.940063118934631348e-01,-1.282523822784423828e+01,4.543101310729980469e+01
-2.908539772033691406e-01,-3.940435945987701416e-01,-1.282654953002929688e+01,4.543580698966979980e+01
-2.909659445285797119e-01,-3.942354023456573486e-01,-1.282799148559570312e+01,4.544108200073242188e+01
-2.909879982471466064e-01,-3.943794071674346924e-01,-1.282938289642333984e+01,4.544602203369140625e+01
-2.902217805385589600e-01,-3.935140073299407959e-01,-1.283080482482910156e+01,4.545100307464599609e+01
-2.901343405246734619e-01,-3.935820758342742920e-01,-1.283222293853759766e+01,4.545603513717651367e+01
-2.898977994918823242e-01,-3.935510516166687012e-01,-1.283407592773437500e+01,4.546119213104248047e+01
-2.896954715251922607e-01,-3.935582339763641357e-01,-1.283577346801757812e+01,4.546595215797424316e+01
-2.894462049007415771e-01,-3.935449719429016113e-01,-1.283757019042968750e+01,4.547554707527160645e+01
-2.895342409610748291e-01,-3.935748338699340820e-01,-1.283938312530517578e+01,4.547702097892761230e+01
-2.905684113502502441e-01,-3.934584558010101318e-01,-1.284035873413085938e+01,4.548080992698669434e+01
-2.907751798629760742e-01,-3.936844468116760254e-01,-1.284212493896484375e+01,4.548577713966369629e+01
-2.906149923801422119e-01,-3.933894038200378418e-01,-1.284332752227783203e+01,4.549081301689147949e+01
-2.907010912895202637e-01,-3.934170603752136230e-01,-1.284477043151855469e+01,4.549699115753173828e+01
-2.907854914665222168e-01,-3.934094011783599854e-01,-1.284613609313964844e+01,4.550112915039062500e+01
-2.906967699527740479e-01,-3.935629129409790039e-01,-1.284745025634765625e+01,4.550672292709350586e+01
-2.906436026096343994e-01,-3.936057984828948975e-01,-1.284869098663330078e+01,4.551110315322875977e+01
-2.895233035087585449e-01,-3.931705951690673828e-01,-1.284983253479003906e+01,4.551668715476989746e+01
-2.896112501621246338e-01,-3.931465744972229004e-01,-1.285144615173339844e+01,4.552107596397399902e+01
-2.895344793796539307e-01,-3.930203318595886230e-01,-1.285285472869873047e+01,4.552650713920593262e+01
-2.894885540008544922e-01,-3.928849697113037109e-01,-1.285430526733398438e+01,4.553116297721862793e+01
-2.894726693630218506e-01,-3.927405774593353271e-01,-1.285578536987304688e+01,4.553648614883422852e+01
-2.894317209720611572e-01,-3.927295804023742676e-01,-1.285731792449951172e+01,4.554099202156066895e+01
-2.894355952739715576e-01,-3.926919698715209961e-01,-1.285884952545166016e+01,4.554616808891296387e+01
-2.914371788501739502e-01,-3.951068520545959473e-01,-1.286175632476806641e+01,4.555115699768066406e+01
-2.912376821041107178e-01,-3.949944376945495605e-01,-1.286314964294433594e+01,4.555656695365905762e+01
-2.911895811557769775e-01,-3.950606584548950195e-01,-1.286468505859375000e+01,4.556131696701049805e+01
-2.911048233509063721e-01,-3.951210677623748779e-01,-1.286621189117431641e+01,4.556663393974304199e+01
-2.913079559803009033e-01,-3.954125046730041504e-01,-1.286783599853515625e+01,4.557115006446838379e+01
-2.914251089096069336e-01,-3.956108391284942627e-01,-1.286943054199218750e+01,4.557646107673645020e+01
-2.923989892005920410e-01,-3.951281905174255371e-01,-1.287128448486328125e+01,4.558122396469116211e+01
-2.923209369182586670e-01,-3.949760496616363525e-01,-1.287260723114013672e+01,4.558663511276245117e+01
-2.924472093582153320e-01,-3.949743807315826416e-01,-1.287411975860595703e+01,4.559122395515441895e+01
-2.925512492656707764e-01,-3.949793875217437744e-01,-1.287558650970458984e+01,4.559660911560058594e+01
-2.925558388233184814e-01,-3.952060043811798096e-01,-1.287695980072021484e+01,4.560101914405822754e+01
-2.925579845905303955e-01,-3.952933549880981445e-01,-1.287829399108886719e+01,4.560663914680480957e+01
-2.925172448158264160e-01,-3.954010903835296631e-01,-1.287955379486083984e+01,4.561117410659790039e+01
-2.924248576164245605e-01,-3.960153460502624512e-01,-1.288090801239013672e+01,4.561693000793457031e+01
-2.923391163349151611e-01,-3.960844576358795166e-01,-1.288224029541015625e+01,4.562128114700317383e+01
-2.922347784042358398e-01,-3.961211442947387695e-01,-1.288353347778320312e+01,4.562674212455749512e+01
-2.921200394630432129e-01,-3.962086737155914307e-01,-1.288481235504150391e+01,4.563142299652099609e+01
-2.920882105827331543e-01,-3.963024616241455078e-01,-1.288634681701660156e+01,4.563646697998046875e+01
-2.920075058937072754e-01,-3.963702917098999023e-01,-1.288778209686279297e+01,4.564135098457336426e+01
-2.925864458084106445e-01,-3.965208828449249268e-01,-1.288931465148925781e+01,4.564657211303710938e+01
-2.925439774990081787e-01,-3.965401351451873779e-01,-1.289072608947753906e+01,4.565140795707702637e+01
-2.925165891647338867e-01,-3.966298699378967285e-01,-1.289222717285156250e+01,4.565660905838012695e+01
-2.924937307834625244e-01,-3.967120945453643799e-01,-1.289373588562011719e+01,4.566152501106262207e+01
-2.924161851406097412e-01,-3.968379497528076172e-01,-1.289516639709472656e+01,4.566667199134826660e+01
-2.923477590084075928e-01,-3.969289958477020264e-01,-1.289662647247314453e+01,4.567140507698059082e+01
-2.922715842723846436e-01,-3.970112204551696777e-01,-1.289807987213134766e+01,4.567658615112304688e+01
-2.918920218944549561e-01,-3.959014713764190674e-01,-1.289894104003906250e+01,4.568134903907775879e+01
-2.917290627956390381e-01,-3.958073854446411133e-01,-1.290043354034423828e+01,4.568661212921142578e+01
-2.915483415126800537e-01,-3.956680595874786377e-01,-1.290192031860351562e+01,4.569137501716613770e+01
-2.916342318058013916e-01,-3.957125544548034668e-01,-1.290349960327148438e+01,4.569654107093811035e+01
-2.916676700115203857e-01,-3.957186937332153320e-01,-1.290510082244873047e+01,4.570135402679443359e+01
-2.917621731758117676e-01,-3.957261741161346436e-01,-1.290675830841064453e+01,4.570699810981750488e+01
-2.934110760688781738e-01,-3.980583548545837402e-01,-1.290818595886230469e+01,4.571155714988708496e+01
-2.931580543518066406e-01,-3.981596231460571289e-01,-1.290936946868896484e+01,4.571670508384704590e+01
-2.932329475879669189e-01,-3.985127210617065430e-01,-1.291081333160400391e+01,4.572151803970336914e+01
-2.932897210121154785e-01,-3.988625407218933105e-01,-1.291221714019775391e+01,4.572665500640869141e+01
-2.934253811836242676e-01,-3.992019593715667725e-01,-1.291344738006591797e+01,4.573153901100158691e+01
-2.935166954994201660e-01,-3.995414078235626221e-01,-1.291466999053955078e+01,4.573662304878234863e+01
-2.936207354068756104e-01,-3.998743593692779541e-01,-1.291583156585693359e+01,4.574149513244628906e+01
-2.932797372341156006e-01,-3.968366682529449463e-01,-1.291757392883300781e+01,4.574659299850463867e+01
-2.934411466121673584e-01,-3.968634903430938721e-01,-1.291878986358642578e+01,4.575153994560241699e+01
-2.936335206031799316e-01,-3.968994915485382080e-01,-1.291997623443603516e+01,4.575680708885192871e+01
-2.934888899326324463e-01,-3.969504833221435547e-01,-1.292144966125488281e+01,4.576172995567321777e+01
-2.934976816177368164e-01,-3.969992399215698242e-01,-1.292277526855468750e+01,4.576669192314147949e+01
-2.934697270393371582e-01,-3.970761597156524658e-01,-1.292411422729492188e+01,4.577151799201965332e+01
-2.933647334575653076e-01,-3.970935046672821045e-01,-1.292554187774658203e+01,4.577659797668457031e+01
-2.931771874427795410e-01,-3.976617455482482910e-01,-1.292756748199462891e+01,4.578153300285339355e+01
-2.929547727108001709e-01,-3.976603150367736816e-01,-1.292919635772705078e+01,4.578680014610290527e+01
-2.926864027976989746e-01,-3.976599872112274170e-01,-1.293088436126708984e+01,4.579162311553955078e+01
-2.929725944995880127e-01,-3.982049226760864258e-01,-1.293242073059082031e+01,4.579685711860656738e+01
-2.929367125034332275e-01,-3.984186053276062012e-01,-1.293407154083251953e+01,4.580158400535583496e+01
-2.929370105266571045e-01,-3.986479938030242920e-01,-1.293572425842285156e+01,4.580675697326660156e+01
-2.927973568439483643e-01,-3.984331786632537842e-01,-1.293723011016845703e+01,4.581143808364868164e+01
-2.932824492454528809e-01,-3.970508575439453125e-01,-1.293683242797851562e+01,4.581691813468933105e+01
-2.932256162166595459e-01,-3.970320820808410645e-01,-1.293826293945312500e+01,4.582157111167907715e+01
-2.932164967060089111e-01,-3.971468508243560791e-01,-1.293965244293212891e+01,4.582675909996032715e+01
-2.931756973266601562e-01,-3.971741795539855957e-01,-1.294104480743408203e+01,4.583172702789306641e+01
-2.931397557258605957e-01,-3.972423672676086426e-01,-1.294241523742675781e+01,4.583689308166503906e+01
-2.930701076984405518e-01,-3.973538875579833984e-01,-1.294384098052978516e+01,4.584170007705688477e+01
-2.937073409557342529e-01,-3.977287113666534424e-01,-1.294626331329345703e+01,4.584718513488769531e+01
-2.936531901359558105e-01,-3.976841866970062256e-01,-1.294784641265869141e+01,4.585176706314086914e+01
-2.939126193523406982e-01,-3.979116976261138916e-01,-1.294937896728515625e+01,4.585700511932373047e+01
-2.940602898597717285e-01,-3.980011641979217529e-01,-1.295099735260009766e+01,4.586205005645751953e+01
-2.942613363265991211e-01,-3.980979025363922119e-01,-1.295261764526367188e+01,4.586706495285034180e+01
-2.939388453960418701e-01,-3.979297876358032227e-01,-1.295387935638427734e+01,4.587633514404296875e+01
-2.937639057636260986e-01,-3.979523479938507080e-01,-1.295521545410156250e+01,4.587728905677795410e+01
-2.929779291152954102e-01,-3.976455926895141602e-01,-1.295481491088867188e+01,4.588159894943237305e+01
-2.924456298351287842e-01,-3.977205753326416016e-01,-1.295573425292968750e+01,4.588677310943603516e+01
-2.925520241260528564e-01,-3.978493213653564453e-01,-1.295668315887451172e+01,4.589187693595886230e+01
-2.922253310680389404e-01,-3.979275822639465332e-01,-1.295750331878662109e+01,4.589716315269470215e+01
-2.919054329395294189e-01,-3.980501294136047363e-01,-1.295824050903320312e+01,4.590172600746154785e+01
-2.915470302104949951e-01,-3.982160091400146484e-01,-1.295917701721191406e+01,4.590670514106750488e+01
-2.911709249019622803e-01,-3.983564376831054688e-01,-1.295999240875244141e+01,4.591183900833129883e+01
-2.934265434741973877e-01,-3.984169661998748779e-01,-1.296469402313232422e+01,4.591700196266174316e+01
-2.936432957649230957e-01,-3.986553847789764404e-01,-1.296599197387695312e+01,4.592183899879455566e+01
-2.936748564243316650e-01,-3.987666070461273193e-01,-1.296730327606201172e+01,4.592701411247253418e+01
-2.937707901000976562e-01,-3.988782465457916260e-01,-1.296858978271484375e+01,4.593167304992675781e+01
-2.936901748180389404e-01,-3.988125324249267578e-01,-1.296984577178955078e+01,4.593679594993591309e+01
-2.937129437923431396e-01,-3.988369405269622803e-01,-1.297115325927734375e+01,4.594183802604675293e+01
-2.945664525032043457e-01,-3.972361981868743896e-01,-1.297118377685546875e+01,4.594683909416198730e+01
-2.945346832275390625e-01,-3.973103165626525879e-01,-1.297277450561523438e+01,4.595192909240722656e+01
-2.945397198200225830e-01,-3.974039554595947266e-01,-1.297434234619140625e+01,4.595698499679565430e+01
-2.945395112037658691e-01,-3.975346386432647705e-01,-1.297597694396972656e+01,4.596213912963867188e+01
-2.945155799388885498e-01,-3.976373374462127686e-01,-1.297767353057861328e+01,4.596726393699645996e+01
-2.943663597106933594e-01,-3.975206911563873291e-01,-1.297917079925537109e+01,4.597190499305725098e+01
-2.942524552345275879e-01,-3.975396752357482910e-01,-1.298082733154296875e+01,4.597696208953857422e+01
-2.950096726417541504e-01,-3.965367972850799561e-01,-1.298308181762695312e+01,4.598204207420349121e+01
-2.950084209442138672e-01,-3.967636525630950928e-01,-1.298444175720214844e+01,4.598709893226623535e+01
-2.949045598506927490e-01,-3.966259956359863281e-01,-1.298594665527343750e+01,4.599188995361328125e+01
-2.947948575019836426e-01,-3.964999020099639893e-01,-1.298741149902343750e+01,4.599713110923767090e+01
-2.948628664016723633e-01,-3.963306248188018799e-01,-1.298886680603027344e+01,4.600202894210815430e+01
-2.948900759220123291e-01,-3.962172865867614746e-01,-1.299028110504150391e+01,4.600708007812500000e+01
-2.959521412849426270e-01,-3.987063169479370117e-01,-1.299137592315673828e+01,4.601203012466430664e+01
-2.958549261093139648e-01,-3.988336622714996338e-01,-1.299281501770019531e+01,4.601704096794128418e+01
-2.959151268005371094e-01,-3.989869952201843262e-01,-1.299420166015625000e+01,4.602203893661499023e+01
-2.959604263305664062e-01,-3.991690576076507568e-01,-1.299557590484619141e+01,4.602726197242736816e+01
-2.959488332271575928e-01,-3.992869555950164795e-01,-1.299698543548583984e+01,4.603216910362243652e+01
-2.959269583225250244e-01,-3.994371592998504639e-01,-1.299838256835937500e+01,4.603692507743835449e+01
-2.958803474903106689e-01,-3.996061980724334717e-01,-1.299978256225585938e+01,4.604204297065734863e+01
-2.960759401321411133e-01,-3.983834981918334961e-01,-1.300137233734130859e+01,4.604725003242492676e+01
-2.960205972194671631e-01,-3.983640372753143311e-01,-1.300280666351318359e+01,4.605215811729431152e+01
-2.959865033626556396e-01,-3.983106315135955811e-01,-1.300430870056152344e+01,4.605718994140625000e+01
-2.959690988063812256e-01,-3.981960117816925049e-01,-1.300587940216064453e+01,4.606221103668212891e+01
-2.960582971572875977e-01,-3.982780277729034424e-01,-1.300723457336425781e+01,4.606710505485534668e+01
-2.961112856864929199e-01,-3.982902765274047852e-01,-1.300869083404541016e+01,4.607192897796630859e+01
-2.964697480201721191e-01,-3.984908461570739746e-01,-1.301044273376464844e+01,4.607717609405517578e+01
-2.966443002223968506e-01,-3.983089625835418701e-01,-1.301190376281738281e+01,4.608209800720214844e+01
-2.968246638774871826e-01,-3.981510698795318604e-01,-1.301341819763183594e+01,4.608713006973266602e+01
-2.970387637615203857e-01,-3.979668319225311279e-01,-1.301493072509765625e+01,4.609210896492004395e+01
-2.972095608711242676e-01,-3.980027139186859131e-01,-1.301651573181152344e+01,4.609742307662963867e+01
-2.974232435226440430e-01,-3.979626297950744629e-01,-1.301809692382812500e+01,4.610209298133850098e+01
-2.976486980915069580e-01,-3.979619145393371582e-01,-1.301971435546875000e+01,4.610722899436950684e+01
-2.977880835533142090e-01,-3.991351127624511719e-01,-1.302042102813720703e+01,4.611218309402465820e+01
-2.978530824184417725e-01,-3.991613686084747314e-01,-1.302186584472656250e+01,4.611716103553771973e+01
-2.978734374046325684e-01,-3.992005288600921631e-01,-1.302325057983398438e+01,4.612218093872070312e+01
-2.981512546539306641e-01,-3.993126153945922852e-01,-1.302468776702880859e+01,4.612737298011779785e+01
-2.983538806438446045e-01,-3.993781507015228271e-01,-1.302611541748046875e+01,4.613218092918395996e+01
-2.986101806163787842e-01,-3.994414508342742920e-01,-1.302753734588623047e+01,4.613720107078552246e+01
-2.989111542701721191e-01,-3.995126485824584961e-01,-1.302892780303955078e+01,4.614217495918273926e+01
-2.995214462280273438e-01,-3.996497690677642822e-01,-1.303126525878906250e+01,4.614732408523559570e+01
-2.996950149536132812e-01,-3.996707797050476074e-01,-1.303297615051269531e+01,4.615216898918151855e+01
-2.998591065406799316e-01,-3.997022211551666260e-01,-1.303473377227783203e+01,4.615725207328796387e+01
-3.000007271766662598e-01,-3.996127545833587646e-01,-1.303637981414794922e+01,4.616241097450256348e+01
-3.001409471035003662e-01,-3.995616137981414795e-01,-1.303814888000488281e+01,4.616719913482666016e+01
-3.002688586711883545e-01,-3.994819223880767822e-01,-1.303993988037109375e+01,4.617218303680419922e+01
-3.004356622695922852e-01,-3.995662927627563477e-01,-1.304172897338867188e+01,4.617729496955871582e+01
-3.004884719848632812e-01,-3.989881575107574463e-01,-1.304187583923339844e+01,4.618234705924987793e+01
-3.006561100482940674e-01,-3.990790843963623047e-01,-1.304358291625976562e+01,4.618730902671813965e+01
-3.006900548934936523e-01,-3.989930748939514160e-01,-1.304516601562500000e+01,4.619216799736022949e+01
-3.007746636867523193e-01,-3.990340828895568848e-01,-1.304681205749511719e+01,4.619744396209716797e+01
-3.008377254009246826e-01,-3.990886509418487549e-01,-1.304844188690185547e+01,4.620228815078735352e+01
-3.010982573032379150e-01,-3.992128670215606689e-01,-1.305003547668457031e+01,4.620738005638122559e+01
-3.028140962123870850e-01,-4.001029133796691895e-01,-1.305185794830322266e+01,4.621229314804077148e+01
-3.033050894737243652e-01,-4.002210199832916260e-01,-1.305348587036132812e+01,4.621719312667846680e+01
-3.032385408878326416e-01,-4.004008769989013672e-01,-1.305492496490478516e+01,4.622253298759460449e+01
-3.033933639526367188e-01,-4.005820453166961670e-01,-1.305634021759033203e+01,4.622757005691528320e+01
-3.034730255603790283e-01,-4.007630646228790283e-01,-1.305767822265625000e+01,4.623241305351257324e+01
-3.034805655479431152e-01,-4.009155929088592529e-01,-1.305895614624023438e+01,4.623731493949890137e+01
-3.042514622211456299e-01,-4.010888338088989258e-01,-1.306054973602294922e+01,4.624227499961853027e+01
-3.051087856292724609e-01,-3.993389308452606201e-01,-1.306262016296386719e+01,4.624744892120361328e+01
-3.059234321117401123e-01,-3.992693424224853516e-01,-1.306420135498046875e+01,4.625243592262268066e+01
-3.065488934516906738e-01,-3.993239700794219971e-01,-1.306599235534667969e+01,4.625756001472473145e+01
-3.073760867118835449e-01,-3.993046879768371582e-01,-1.306772232055664062e+01,4.626238703727722168e+01
-3.082347512245178223e-01,-3.992854058742523193e-01,-1.306948089599609375e+01,4.626747703552246094e+01
-3.087514936923980713e-01,-3.992179930210113525e-01,-1.307116985321044922e+01,4.627678704261779785e+01
-3.093493282794952393e-01,-3.991668820381164551e-01,-1.307290840148925781e+01,4.627768301963806152e+01
-3.050116002559661865e-01,-3.992985486984252930e-01,-1.307307243347167969e+01,4.628242111206054688e+01
-3.051937222480773926e-01,-3.995386660099029541e-01,-1.307435131072998047e+01,4.628753614425659180e+01
-3.052201569080352783e-01,-3.996412754058837891e-01,-1.307576084136962891e+01,4.629272699356079102e+01
-3.052080571651458740e-01,-3.998048007488250732e-01,-1.307711315155029297e+01,4.629756593704223633e+01
-3.052039742469787598e-01,-3.997925519943237305e-01,-1.307845306396484375e+01,4.630244994163513184e+01
-3.051571547985076904e-01,-3.998763561248779297e-01,-1.307971763610839844e+01,4.630757403373718262e+01
-3.050855398178100586e-01,-3.999499678611755371e-01,-1.308094120025634766e+01,4.631249713897705078e+01
-3.056366741657257080e-01,-4.000924825668334961e-01,-1.308254146575927734e+01,4.631765413284301758e+01
-3.061441779136657715e-01,-4.006231129169464111e-01,-1.308411121368408203e+01,4.632260513305664062e+01
-3.063838481903076172e-01,-4.008976221084594727e-01,-1.308545494079589844e+01,4.632780814170837402e+01
-3.066784739494323730e-01,-4.012158215045928955e-01,-1.308683776855468750e+01,4.633260893821716309e+01
-3.068913221359252930e-01,-4.013330340385437012e-01,-1.308817768096923828e+01,4.633762693405151367e+01
-3.071756660938262939e-01,-4.013750851154327393e-01,-1.308955383300781250e+01,4.634260797500610352e+01
-3.064510226249694824e-01,-3.985994756221771240e-01,-1.309072685241699219e+01,4.634764909744262695e+01
-3.067019581794738770e-01,-3.988305628299713135e-01,-1.309241771697998047e+01,4.635261392593383789e+01
-3.069638013839721680e-01,-3.988558351993560791e-01,-1.309402465820312500e+01,4.635768914222717285e+01
-3.072468340396881104e-01,-3.989256918430328369e-01,-1.309571266174316406e+01,4.636285209655761719e+01
-3.074815571308135986e-01,-3.989381492137908936e-01,-1.309747886657714844e+01,4.636762714385986328e+01
-3.077434301376342773e-01,-3.989361524581909180e-01,-1.309929275512695312e+01,4.637273406982421875e+01
-3.080008327960968018e-01,-3.989112973213195801e-01,-1.310115718841552734e+01,4.637776994705200195e+01
-3.088653385639190674e-01,-3.996284902095794678e-01,-1.310225391387939453e+01,4.638272213935852051e+01
-3.089451491832733154e-01,-3.996498584747314453e-01,-1.310379695892333984e+01,4.638776493072509766e+01
-3.089694082736968994e-01,-3.996712863445281982e-01,-1.310528659820556641e+01,4.639282798767089844e+01
-3.092972338199615479e-01,-3.998657763004302979e-01,-1.310662746429443359e+01,4.639811611175537109e+01
-3.094977736473083496e-01,-3.999598622322082520e-01,-1.310794544219970703e+01,4.640272212028503418e+01
-3.097321093082427979e-01,-4.000599980354309082e-01,-1.310918521881103516e+01,4.640774202346801758e+01
-3.100923001766204834e-01,-4.012849032878875732e-01,-1.311107158660888672e+01,4.641273093223571777e+01
-3.099779784679412842e-01,-4.014078378677368164e-01,-1.311265277862548828e+01,4.641774392127990723e+01
-3.100839853286743164e-01,-4.016273319721221924e-01,-1.311394596099853516e+01,4.642271995544433594e+01
-3.101765811443328857e-01,-4.018488824367523193e-01,-1.311526107788085938e+01,4.642811298370361328e+01
-3.103681206703186035e-01,-4.019982516765594482e-01,-1.311675357818603516e+01,4.643284702301025391e+01
-3.105075657367706299e-01,-4.021902084350585938e-01,-1.311819553375244141e+01,4.643783497810363770e+01
-3.106453716754913330e-01,-4.023791253566741943e-01,-1.311966896057128906e+01,4.644286012649536133e+01
-3.104945123195648193e-01,-4.003680050373077393e-01,-1.312201213836669922e+01,4.644790410995483398e+01
-3.107114434242248535e-01,-4.003860652446746826e-01,-1.312364196777343750e+01,4.645285296440124512e+01
-3.109484314918518066e-01,-4.003750681877136230e-01,-1.312532615661621094e+01,4.645788002014160156e+01
-3.112539947032928467e-01,-4.003658592700958252e-01,-1.312710094451904297e+01,4.646302413940429688e+01
-3.115674555301666260e-01,-4.003612995147705078e-01,-1.312888336181640625e+01,4.646787595748901367e+01
-3.119118809700012207e-01,-4.003588259220123291e-01,-1.313070487976074219e+01,4.647285509109497070e+01
-3.111272454261779785e-01,-3.995305001735687256e-01,-1.313091754913330078e+01,4.647784209251403809e+01
-3.112677037715911865e-01,-3.995145559310913086e-01,-1.313259220123291016e+01,4.648280215263366699e+01
-3.113823533058166504e-01,-3.994697928428649902e-01,-1.313429069519042969e+01,4.648795294761657715e+01
-3.114609122276306152e-01,-3.994425833225250244e-01,-1.313599491119384766e+01,4.649312400817871094e+01
-3.116395473480224609e-01,-3.995841443538665771e-01,-1.313762187957763672e+01,4.649803113937377930e+01
-3.117565512657165527e-01,-3.995718061923980713e-01,-1.313933086395263672e+01,4.650294709205627441e+01
-3.118673563003540039e-01,-3.995560407638549805e-01,-1.314101982116699219e+01,4.650784015655517578e+01
-3.119182586669921875e-01,-4.010523557662963867e-01,-1.314294719696044922e+01,4.651293992996215820e+01
-3.117190301418304443e-01,-4.012539982795715332e-01,-1.314447021484375000e+01,4.651792407035827637e+01
-3.114401698112487793e-01,-4.014682173728942871e-01,-1.314596176147460938e+01,4.652298402786254883e+01
-3.122409284114837646e-01,-4.015408456325531006e-01,-1.314761638641357422e+01,4.652829003334045410e+01
-3.125287890434265137e-01,-4.016397595405578613e-01,-1.314918041229248047e+01,4.653300309181213379e+01
-3.129294514656066895e-01,-4.017147719860076904e-01,-1.315075683593750000e+01,4.653803515434265137e+01
-3.129450678825378418e-01,-4.018121361732482910e-01,-1.315233612060546875e+01,4.654306912422180176e+01
-3.120755255222320557e-01,-4.010974168777465820e-01,-1.315276432037353516e+01,4.654802894592285156e+01
-3.121144473552703857e-01,-4.012455642223358154e-01,-1.315411567687988281e+01,4.655302906036376953e+01
-3.122990727424621582e-01,-4.013726711273193359e-01,-1.315568923950195312e+01,4.655803608894348145e+01
-3.123880922794342041e-01,-4.015364944934844971e-01,-1.315714454650878906e+01,4.656302809715270996e+01
-3.124827444553375244e-01,-4.017170965671539307e-01,-1.315861511230468750e+01,4.656804203987121582e+01
-3.125864863395690918e-01,-4.018955230712890625e-01,-1.316011142730712891e+01,4.657300496101379395e+01
-3.120746910572052002e-01,-4.000274240970611572e-01,-1.316210842132568359e+01,4.657803201675415039e+01
-3.121242225170135498e-01,-3.999822437763214111e-01,-1.316378307342529297e+01,4.658321404457092285e+01
-3.121841847896575928e-01,-3.999223709106445312e-01,-1.316550445556640625e+01,4.658823895454406738e+01
-3.125310242176055908e-01,-3.998408019542694092e-01,-1.316699886322021484e+01,4.659313201904296875e+01
-3.127523064613342285e-01,-3.997713327407836914e-01,-1.316864490509033203e+01,4.659830594062805176e+01
-3.130197227001190186e-01,-3.997088670730590820e-01,-1.317030620574951172e+01,4.660300493240356445e+01
-3.131321668624877930e-01,-3.997154831886291504e-01,-1.317186737060546875e+01,4.660811996459960938e+01
-3.143507838249206543e-01,-4.016155600547790527e-01,-1.317308521270751953e+01,4.661305713653564453e+01
-3.145350515842437744e-01,-4.017307162284851074e-01,-1.317443752288818359e+01,4.661807394027709961e+01
-3.147383034229278564e-01,-4.017508924007415771e-01,-1.317605018615722656e+01,4.662307906150817871e+01
-3.149187266826629639e-01,-4.018180072307586670e-01,-1.317752838134765625e+01,4.662830615043640137e+01
-3.150941133499145508e-01,-4.018920361995697021e-01,-1.317902374267578125e+01,4.663303804397583008e+01
-3.151103556156158447e-01,-4.020392596721649170e-01,-1.318062114715576172e+01,4.663809204101562500e+01
-3.151332139968872070e-01,-4.021806418895721436e-01,-1.318221187591552734e+01,4.664306998252868652e+01
-3.130735754966735840e-01,-4.011205136775970459e-01,-1.318334007263183594e+01,4.664828515052795410e+01
-3.132788538932800293e-01,-4.011282920837402344e-01,-1.318482112884521484e+01,4.665311193466186523e+01
-3.132807612419128418e-01,-4.011373221874237061e-01,-1.318635654449462891e+01,4.665829205513000488e+01
-3.133419752120971680e-01,-4.011540412902832031e-01,-1.318789577484130859e+01,4.666318297386169434e+01
-3.134457468986511230e-01,-4.011439979076385498e-01,-1.318943405151367188e+01,4.666805410385131836e+01
-3.131873309612274170e-01,-4.013088345527648926e-01,-1.319096755981445312e+01,4.667494201660156250e+01
-3.129063248634338379e-01,-4.016751646995544434e-01,-1.319372940063476562e+01,4.667805099487304688e+01
-3.125863671302795410e-01,-4.018067121505737305e-01,-1.319534111022949219e+01,4.668316006660461426e+01
-3.123232126235961914e-01,-4.017939269542694092e-01,-1.319673347473144531e+01,4.668828415870666504e+01
-3.119848072528839111e-01,-4.018738567829132080e-01,-1.319819736480712891e+01,4.669368004798889160e+01
-3.116452991962432861e-01,-4.019552767276763916e-01,-1.319963932037353516e+01,4.669831109046936035e+01
-3.114486336708068848e-01,-4.020197093486785889e-01,-1.320104408264160156e+01,4.670317101478576660e+01
-3.112134337425231934e-01,-4.020905494689941406e-01,-1.320241260528564453e+01,4.670809507369995117e+01
-3.151745796203613281e-01,-4.020513892173767090e-01,-1.320502471923828125e+01,4.671329903602600098e+01
-3.150060772895812988e-01,-4.022078216075897217e-01,-1.320650672912597656e+01,4.671836996078491211e+01
-3.149750232696533203e-01,-4.023410081863403320e-01,-1.320793151855468750e+01,4.672331500053405762e+01
-3.149192631244659424e-01,-4.024986028671264648e-01,-1.320935726165771484e+01,4.672864007949829102e+01
-3.147592842578887939e-01,-4.025566875934600830e-01,-1.321072196960449219e+01,4.673329806327819824e+01
-3.145802319049835205e-01,-4.026359617710113525e-01,-1.321206951141357422e+01,4.673824095726013184e+01
-3.143491446971893311e-01,-4.027064442634582520e-01,-1.321338272094726562e+01,4.674320507049560547e+01
-3.151651322841644287e-01,-4.019798636436462402e-01,-1.321527767181396484e+01,4.674847912788391113e+01
-3.154827058315277100e-01,-4.022166132926940918e-01,-1.321680259704589844e+01,4.675331306457519531e+01
-3.154756426811218262e-01,-4.022953808307647705e-01,-1.321815872192382812e+01,4.675829696655273438e+01
-3.155006170272827148e-01,-4.024026691913604736e-01,-1.321951198577880859e+01,4.676343894004821777e+01
-3.154979348182678223e-01,-4.025054275989532471e-01,-1.322100162506103516e+01,4.676816415786743164e+01
-3.155322074890136719e-01,-4.025808572769165039e-01,-1.322246837615966797e+01,4.677331995964050293e+01
-3.160752356052398682e-01,-4.020727276802062988e-01,-1.322421073913574219e+01,4.677843499183654785e+01
-3.161664009094238281e-01,-4.019398987293243408e-01,-1.322581195831298828e+01,4.678345894813537598e+01
-3.162719905376434326e-01,-4.018647074699401855e-01,-1.322744846343994141e+01,4.678843808174133301e+01
-3.163898885250091553e-01,-4.017535150051116943e-01,-1.322912406921386719e+01,4.679358792304992676e+01
-3.164541721343994141e-01,-4.017480611801147461e-01,-1.323077774047851562e+01,4.679828906059265137e+01
-3.165445923805236816e-01,-4.016801416873931885e-01,-1.323247051239013672e+01,4.680346012115478516e+01
-3.166269361972808838e-01,-4.016064107418060303e-01,-1.323417758941650391e+01,4.680844211578369141e+01
-3.166013658046722412e-01,-4.025653004646301270e-01,-1.323464107513427734e+01,4.681342506408691406e+01
-3.165555894374847412e-01,-4.026863276958465576e-01,-1.323614692687988281e+01,4.681843304634094238e+01
-3.164811432361602783e-01,-4.028033912181854248e-01,-1.323765087127685547e+01,4.682335305213928223e+01
-3.165655732154846191e-01,-4.030344188213348389e-01,-1.323914718627929688e+01,4.682883405685424805e+01
-3.165941834449768066e-01,-4.032422900199890137e-01,-1.324063873291015625e+01,4.683342313766479492e+01
-3.166359066963195801e-01,-4.034668207168579102e-01,-1.324211883544921875e+01,4.683828711509704590e+01
-3.166974782943725586e-01,-4.037373960018157959e-01,-1.324358844757080078e+01,4.684358906745910645e+01
-3.175726532936096191e-01,-4.032565057277679443e-01,-1.324517917633056641e+01,4.684857892990112305e+01
-3.177179694175720215e-01,-4.034934639930725098e-01,-1.324661922454833984e+01,4.685356807708740234e+01
-3.178820610046386719e-01,-4.037488102912902832e-01,-1.324804019927978516e+01,4.685841107368469238e+01
-3.186061084270477295e-01,-4.041395485401153564e-01,-1.324960994720458984e+01,4.686358809471130371e+01
-3.190133273601531982e-01,-4.044254422187805176e-01,-1.325104618072509766e+01,4.686858415603637695e+01
-3.194789290428161621e-01,-4.047157466411590576e-01,-1.325249767303466797e+01,4.687358307838439941e+01
-3.170227706432342529e-01,-4.025927782058715820e-01,-1.325301170349121094e+01,4.687840604782104492e+01
-3.170257508754730225e-01,-4.026257395744323730e-01,-1.325438117980957031e+01,4.688358807563781738e+01
-3.170227706432342529e-01,-4.026550352573394775e-01,-1.325575256347656250e+01,4.688859200477600098e+01
-3.171812295913696289e-01,-4.028303623199462891e-01,-1.325729179382324219e+01,4.689381694793701172e+01
-3.172759711742401123e-01,-4.029289782047271729e-01,-1.325878047943115234e+01,4.689873003959655762e+01
-3.173978626728057861e-01,-4.030590951442718506e-01,-1.326031017303466797e+01,4.690373706817626953e+01
-3.174497187137603760e-01,-4.031229019165039062e-01,-1.326180171966552734e+01,4.690884399414062500e+01
-3.186545670032501221e-01,-4.032373726367950439e-01,-1.326280212402343750e+01,4.691371893882751465e+01
-3.187654614448547363e-01,-4.033447802066802979e-01,-1.326424026489257812e+01,4.691873502731323242e+01
-3.188635706901550293e-01,-4.034214615821838379e-01,-1.326567459106445312e+01,4.692370414733886719e+01
-3.190895020961761475e-01,-4.036082327365875244e-01,-1.326702308654785156e+01,4.692874097824096680e+01
-3.192789852619171143e-01,-4.037375748157501221e-01,-1.326845455169677734e+01,4.693369698524475098e+01
-3.194811344146728516e-01,-4.038565158843994141e-01,-1.326988983154296875e+01,4.693872404098510742e+01
-3.195470273494720459e-01,-4.038126170635223389e-01,-1.327129268646240234e+01,4.694356513023376465e+01
-3.181104063987731934e-01,-4.017580747604370117e-01,-1.327143764495849609e+01,4.694873094558715820e+01
-3.179270327091217041e-01,-4.015927612781524658e-01,-1.327264213562011719e+01,4.695369601249694824e+01
-3.177633285522460938e-01,-4.015871882438659668e-01,-1.327400588989257812e+01,4.695875597000122070e+01
-3.175622224807739258e-01,-4.014829695224761963e-01,-1.327527427673339844e+01,4.696382308006286621e+01
-3.173385858535766602e-01,-4.013647437095642090e-01,-1.327653980255126953e+01,4.696876406669616699e+01
-3.171385824680328369e-01,-4.012042582035064697e-01,-1.327783298492431641e+01,4.697372412681579590e+01
-3.196463882923126221e-01,-4.028656780719757080e-01,-1.328078937530517578e+01,4.697902798652648926e+01
-3.196176290512084961e-01,-4.029436409473419189e-01,-1.328225231170654297e+01,4.698384094238281250e+01
-3.196934759616851807e-01,-4.030194580554962158e-01,-1.328386783599853516e+01,4.698883509635925293e+01
-3.197333216667175293e-01,-4.031016230583190918e-01,-1.328548717498779297e+01,4.699401807785034180e+01
-3.197839856147766113e-01,-4.032114148139953613e-01,-1.328714847564697266e+01,4.699907994270324707e+01
-3.196870982646942139e-01,-4.033512175083160400e-01,-1.328885555267333984e+01,4.700398302078247070e+01
-3.196293711662292480e-01,-4.034716486930847168e-01,-1.329060840606689453e+01,4.700883412361145020e+01
-3.191282749176025391e-01,-4.026657938957214355e-01,-1.329032993316650391e+01,4.701381993293762207e+01
-3.189317882061004639e-01,-4.027327001094818115e-01,-1.329199123382568359e+01,4.701883602142333984e+01
-3.184750676155090332e-01,-4.027020037174224854e-01,-1.329335021972656250e+01,4.702382993698120117e+01
-3.180823326110839844e-01,-4.027164876461029053e-01,-1.329488563537597656e+01,4.702915215492248535e+01
-3.176308870315551758e-01,-4.027426540851593018e-01,-1.329642295837402344e+01,4.703380393981933594e+01
-3.174587488174438477e-01,-4.028825759887695312e-01,-1.329781913757324219e+01,4.703882098197937012e+01
-3.189984261989593506e-01,-4.029992222785949707e-01,-1.329935646057128906e+01,4.704365706443786621e+01
-3.189505040645599365e-01,-4.029487073421478271e-01,-1.330064582824707031e+01,4.704930710792541504e+01
-3.188591599464416504e-01,-4.029824137687683105e-01,-1.330192852020263672e+01,4.705405807495117188e+01
-3.188155889511108398e-01,-4.029292464256286621e-01,-1.330313301086425781e+01,4.705906915664672852e+01
-3.188026249408721924e-01,-4.029042720794677734e-01,-1.330428123474121094e+01,4.706405210494995117e+01
-3.188216388225555420e-01,-4.030004441738128662e-01,-1.330561637878417969e+01,4.706907892227172852e+01
-3.188568949699401855e-01,-4.030341506004333496e-01,-1.330687236785888672e+01,4.707529497146606445e+01
-3.192651867866516113e-01,-4.051384031772613525e-01,-1.330990028381347656e+01,4.707909202575683594e+01
-3.195450901985168457e-01,-4.054125845432281494e-01,-1.331147480010986328e+01,4.708413195610046387e+01
-3.197796046733856201e-01,-4.057189822196960449e-01,-1.331308746337890625e+01,4.708903908729553223e+01
-3.200455605983734131e-01,-4.059729576110839844e-01,-1.331472682952880859e+01,4.709440898895263672e+01
-3.203747272491455078e-01,-4.062470793724060059e-01,-1.331636905670166016e+01,4.709920907020568848e+01
-3.203879892826080322e-01,-4.064642190933227539e-01,-1.331772994995117188e+01,4.710411214828491211e+01
-3.205874860286712646e-01,-4.068006873130798340e-01,-1.331921291351318359e+01,4.710902309417724609e+01
-3.196583092212677002e-01,-4.024200439453125000e-01,-1.331805324554443359e+01,4.711411094665527344e+01
-3.197357058525085449e-01,-4.026841223239898682e-01,-1.331909370422363281e+01,4.711920094490051270e+01
-3.197592496871948242e-01,-4.027320146560668945e-01,-1.332009792327880859e+01,4.712409710884094238e+01
-3.197664618492126465e-01,-4.028211832046508789e-01,-1.332101535797119141e+01,4.712922215461730957e+01
-3.197973072528839111e-01,-4.027790427207946777e-01,-1.332216453552246094e+01,4.713410401344299316e+01
-3.198201656341552734e-01,-4.027617871761322021e-01,-1.332320880889892578e+01,4.713912510871887207e+01
-3.198440372943878174e-01,-4.027403593063354492e-01,-1.332427597045898438e+01,4.714410305023193359e+01
-3.208680748939514160e-01,-4.028971791267395020e-01,-1.332879638671875000e+01,4.714916801452636719e+01
-3.208307921886444092e-01,-4.028949737548828125e-01,-1.333048629760742188e+01,4.715409302711486816e+01
-3.207603096961975098e-01,-4.028971493244171143e-01,-1.333225059509277344e+01,4.715930104255676270e+01
-3.204201161861419678e-01,-4.026748239994049072e-01,-1.333360195159912109e+01,4.716408610343933105e+01
-3.201394975185394287e-01,-4.025603234767913818e-01,-1.333523368835449219e+01,4.716928601264953613e+01
-3.197768330574035645e-01,-4.024064838886260986e-01,-1.333686542510986328e+01,4.717414903640747070e+01
-3.209209740161895752e-01,-4.035675525665283203e-01,-1.333701229095458984e+01,4.717964005470275879e+01
-3.206774592399597168e-01,-4.037434458732604980e-01,-1.333834552764892578e+01,4.718426513671875000e+01
-3.204071521759033203e-01,-4.039669334888458252e-01,-1.333961486816406250e+01,4.718913292884826660e+01
-3.201276957988739014e-01,-4.042029976844787598e-01,-1.334086132049560547e+01,4.719454407691955566e+01
-3.201464712619781494e-01,-4.043125510215759277e-01,-1.334211349487304688e+01,4.719940304756164551e+01
-3.200381100177764893e-01,-4.045798480510711670e-01,-1.334329891204833984e+01,4.720433306694030762e+01
-3.199808001518249512e-01,-4.048053324222564697e-01,-1.334446811676025391e+01,4.720929408073425293e+01
-3.211151957511901855e-01,-4.039489626884460449e-01,-1.334774208068847656e+01,4.721426415443420410e+01
-3.211957514286041260e-01,-4.040197432041168213e-01,-1.334917068481445312e+01,4.721931600570678711e+01
-3.212957978248596191e-01,-4.041023552417755127e-01,-1.335060882568359375e+01,4.722426795959472656e+01
-3.213773369789123535e-01,-4.041112363338470459e-01,-1.335203552246093750e+01,4.722963404655456543e+01
-3.214824795722961426e-01,-4.041313827037811279e-01,-1.335346508026123047e+01,4.723425602912902832e+01
-3.215926289558410645e-01,-4.041332602500915527e-01,-1.335488605499267578e+01,4.723929810523986816e+01
-3.217944800853729248e-01,-4.042104482650756836e-01,-1.335651969909667969e+01,4.724426698684692383e+01
-3.225116431713104248e-01,-4.038252234458923340e-01,-1.335776329040527344e+01,4.724949002265930176e+01
-3.227274119853973389e-01,-4.039526283740997314e-01,-1.335946083068847656e+01,4.725437092781066895e+01
-3.225070238113403320e-01,-4.038496315479278564e-01,-1.336105060577392578e+01,4.725963401794433594e+01
-3.224719166755676270e-01,-4.038475751876831055e-01,-1.336280727386474609e+01,4.726440405845642090e+01
-3.223837614059448242e-01,-4.037929177284240723e-01,-1.336462783813476562e+01,4.726930999755859375e+01
-3.222309350967407227e-01,-4.037189483642578125e-01,-1.336646461486816406e+01,4.727442193031311035e+01
-3.221261501312255859e-01,-4.030445516109466553e-01,-1.336574172973632812e+01,4.727945208549499512e+01
-3.218914568424224854e-01,-4.032050967216491699e-01,-1.336703968048095703e+01,4.728442096710205078e+01
-3.216235339641571045e-01,-4.033851921558380127e-01,-1.336828517913818359e+01,4.728926706314086914e+01
-3.218285739421844482e-01,-4.030193686485290527e-01,-1.336923408508300781e+01,4.729464507102966309e+01
-3.217644691467285156e-01,-4.030022025108337402e-01,-1.337021541595458984e+01,4.729963707923889160e+01
-3.217417001724243164e-01,-4.029681384563446045e-01,-1.337110328674316406e+01,4.730443501472473145e+01
-3.217960000038146973e-01,-4.031262993812561035e-01,-1.337218475341796875e+01,4.730948400497436523e+01
-3.232800960540771484e-01,-4.055651426315307617e-01,-1.337650871276855469e+01,4.731452608108520508e+01
-3.235003650188446045e-01,-4.058938920497894287e-01,-1.337775325775146484e+01,4.731963706016540527e+01
-3.232923448085784912e-01,-4.060249328613281250e-01,-1.337917232513427734e+01,4.732452392578125000e+01
-3.232805430889129639e-01,-4.062331616878509521e-01,-1.338053131103515625e+01,4.732970905303955078e+01
-3.232196271419525146e-01,-4.064010679721832275e-01,-1.338191890716552734e+01,4.733453297615051270e+01
-3.233627080917358398e-01,-4.065247178077697754e-01,-1.338346004486083984e+01,4.733968400955200195e+01
-3.244608342647552490e-01,-4.036456048488616943e-01,-1.338413143157958984e+01,4.734454202651977539e+01
-3.248264193534851074e-01,-4.035839736461639404e-01,-1.338572025299072266e+01,4.734959602355957031e+01
-3.252082765102386475e-01,-4.035195112228393555e-01,-1.338733005523681641e+01,4.735452413558959961e+01
-3.253197073936462402e-01,-4.034154117107391357e-01,-1.338882827758789062e+01,4.735980415344238281e+01
-3.255969882011413574e-01,-4.033219218254089355e-01,-1.339047813415527344e+01,4.736463809013366699e+01
-3.258565068244934082e-01,-4.032386541366577148e-01,-1.339215373992919922e+01,4.736965703964233398e+01
-3.261284530162811279e-01,-4.033138751983642578e-01,-1.339379978179931641e+01,4.737453103065490723e+01
-3.238317072391510010e-01,-4.037671983242034912e-01,-1.339422893524169922e+01,4.737973594665527344e+01
-3.238828778266906738e-01,-4.038493037223815918e-01,-1.339583492279052734e+01,4.738463997840881348e+01
-3.241583108901977539e-01,-4.038430154323577881e-01,-1.339730072021484375e+01,4.738974714279174805e+01
-3.243637382984161377e-01,-4.039115011692047119e-01,-1.339886188507080078e+01,4.739499497413635254e+01
-3.246020078659057617e-01,-4.039664864540100098e-01,-1.340042018890380859e+01,4.739987206459045410e+01
-3.246876895427703857e-01,-4.040147662162780762e-01,-1.340173530578613281e+01,4.740467405319213867e+01
-3.248380124568939209e-01,-4.040337204933166504e-01,-1.340307426452636719e+01,4.740976214408874512e+01
-3.249632716178894043e-01,-4.049404561519622803e-01,-1.340506553649902344e+01,4.741466212272644043e+01
-3.248893320560455322e-01,-4.050381481647491455e-01,-1.340666675567626953e+01,4.741973710060119629e+01
-3.248530626296997070e-01,-4.052723050117492676e-01,-1.340800380706787109e+01,4.742463898658752441e+01
-3.247742652893066406e-01,-4.055415987968444824e-01,-1.340933895111083984e+01,4.742969298362731934e+01
-3.250696063041687012e-01,-4.058504104614257812e-01,-1.341093063354492188e+01,4.743469095230102539e+01
-3.252892494201660156e-01,-4.061608910560607910e-01,-1.341249084472656250e+01,4.743969392776489258e+01
-3.262112438678741455e-01,-4.034188091754913330e-01,-1.341536045074462891e+01,4.744479012489318848e+01
-3.267360925674438477e-01,-4.034626483917236328e-01,-1.341744041442871094e+01,4.744978809356689453e+01
-3.264246284961700439e-01,-4.034142196178436279e-01,-1.341915035247802734e+01,4.745477700233459473e+01
-3.265803456306457520e-01,-4.033794701099395752e-01,-1.342109870910644531e+01,4.745993614196777344e+01
-3.266925513744354248e-01,-4.033329486846923828e-01,-1.342306804656982422e+01,4.746481895446777344e+01
-3.270716369152069092e-01,-4.034137427806854248e-01,-1.342501163482666016e+01,4.747549510002136230e+01
-3.273428082466125488e-01,-4.034414887428283691e-01,-1.342698478698730469e+01,4.747691607475280762e+01
-3.268687129020690918e-01,-4.037601947784423828e-01,-1.342564678192138672e+01,4.747974109649658203e+01
-3.268178999423980713e-01,-4.036307036876678467e-01,-1.342721366882324219e+01,4.748469209671020508e+01
-3.269581496715545654e-01,-4.037230610847473145e-01,-1.342883872985839844e+01,4.748981213569641113e+01
-3.270531296730041504e-01,-4.037848711013793945e-01,-1.343045425415039062e+01,4.749522113800048828e+01
-3.272497951984405518e-01,-4.039027392864227295e-01,-1.343209648132324219e+01,4.749980092048645020e+01
-3.273990154266357422e-01,-4.040158390998840332e-01,-1.343371009826660156e+01,4.750477194786071777e+01
-3.275556564331054688e-01,-4.041201770305633545e-01,-1.343531799316406250e+01,4.750983214378356934e+01
-3.278181552886962891e-01,-4.041252434253692627e-01,-1.343687438964843750e+01,4.751488995552062988e+01
-3.273619413375854492e-01,-4.046388864517211914e-01,-1.343772315979003906e+01,4.751990795135498047e+01
-3.276610970497131348e-01,-4.049210846424102783e-01,-1.343919181823730469e+01,4.752488994598388672e+01
-3.279862403869628906e-01,-4.051986038684844971e-01,-1.344062709808349609e+01,4.752999305725097656e+01
-3.279518187046051025e-01,-4.052709341049194336e-01,-1.344224166870117188e+01,4.753481912612915039e+01
-3.281326293945312500e-01,-4.054528176784515381e-01,-1.344374370574951172e+01,4.753974604606628418e+01
-3.271275758743286133e-01,-4.043326675891876221e-01,-1.344487476348876953e+01,4.754480910301208496e+01
-3.273362815380096436e-01,-4.044113457202911377e-01,-1.344658088684082031e+01,4.754987907409667969e+01
-3.274508118629455566e-01,-4.045617878437042236e-01,-1.344820785522460938e+01,4.755481910705566406e+01
-3.275741338729858398e-01,-4.047062695026397705e-01,-1.344987487792968750e+01,4.755993294715881348e+01
-3.275255560874938965e-01,-4.048410952091217041e-01,-1.345154190063476562e+01,4.756482100486755371e+01
-3.275080323219299316e-01,-4.049583673477172852e-01,-1.345324707031250000e+01,4.756993007659912109e+01
-3.274465203285217285e-01,-4.050570428371429443e-01,-1.345496845245361328e+01,4.757484412193298340e+01
-3.281064033508300781e-01,-4.030763506889343262e-01,-1.345604324340820312e+01,4.758003807067871094e+01
-3.282697796821594238e-01,-4.030919969081878662e-01,-1.345775890350341797e+01,4.758491492271423340e+01
-3.284834027290344238e-01,-4.031304717063903809e-01,-1.345950222015380859e+01,4.759002709388732910e+01
-3.286307454109191895e-01,-4.031102359294891357e-01,-1.346111202239990234e+01,4.759507298469543457e+01
-3.288559615612030029e-01,-4.031315147876739502e-01,-1.346275234222412109e+01,4.759998393058776855e+01
-3.290997147560119629e-01,-4.031538665294647217e-01,-1.346435737609863281e+01,4.760486912727355957e+01
-3.287557065486907959e-01,-4.035071432590484619e-01,-1.346474361419677734e+01,4.760990095138549805e+01
-3.290034234523773193e-01,-4.035603106021881104e-01,-1.346609687805175781e+01,4.761487793922424316e+01
-3.292738497257232666e-01,-4.036450088024139404e-01,-1.346738815307617188e+01,4.761989998817443848e+01
-3.295752108097076416e-01,-4.037344157695770264e-01,-1.346863651275634766e+01,4.762489795684814453e+01
-3.295293748378753662e-01,-4.037655591964721680e-01,-1.347002124786376953e+01,4.763004899024963379e+01
-3.296311795711517334e-01,-4.038226008415222168e-01,-1.347129344940185547e+01,4.763506698608398438e+01
-3.296836614608764648e-01,-4.039242565631866455e-01,-1.347253990173339844e+01,4.763987708091735840e+01
-3.307473957538604736e-01,-4.040862917900085449e-01,-1.347557830810546875e+01,4.764490199089050293e+01
-3.310824632644653320e-01,-4.040720760822296143e-01,-1.347732543945312500e+01,4.765007615089416504e+01
-3.314585387706756592e-01,-4.040358066558837891e-01,-1.347914028167724609e+01,4.765508413314819336e+01
-3.312853276729583740e-01,-4.040558040142059326e-01,-1.348088359832763672e+01,4.766020202636718750e+01
-3.313619494438171387e-01,-4.040387272834777832e-01,-1.348274898529052734e+01,4.766500210762023926e+01
-3.313746452331542969e-01,-4.039804935455322266e-01,-1.348468208312988281e+01,4.767004704475402832e+01
-3.314672410488128662e-01,-4.038113951683044434e-01,-1.348631477355957031e+01,4.767507100105285645e+01
-3.311080932617187500e-01,-4.034263491630554199e-01,-1.348577976226806641e+01,4.768018102645874023e+01
-3.309889733791351318e-01,-4.035698175430297852e-01,-1.348702812194824219e+01,4.768496203422546387e+01
-3.307584822177886963e-01,-4.033893942832946777e-01,-1.348820781707763672e+01,4.769006800651550293e+01
-3.305356204509735107e-01,-4.034567773342132568e-01,-1.348935604095458984e+01,4.769522714614868164e+01
-3.302793800830841064e-01,-4.034736454486846924e-01,-1.349046516418457031e+01,4.770010995864868164e+01
-3.299774229526519775e-01,-4.034484922885894775e-01,-1.349149417877197266e+01,4.770500993728637695e+01
-3.320921659469604492e-01,-4.047155976295471191e-01,-1.349540138244628906e+01,4.771008110046386719e+01
-3.325207531452178955e-01,-4.048661589622497559e-01,-1.349697017669677734e+01,4.771522212028503418e+01
-3.330539762973785400e-01,-4.050437211990356445e-01,-1.349860000610351562e+01,4.772022700309753418e+01
-3.329093456268310547e-01,-4.050809741020202637e-01,-1.350018215179443359e+01,4.772521710395812988e+01
-3.331808447837829590e-01,-4.051571190357208252e-01,-1.350180053710937500e+01,4.773041415214538574e+01
-3.334382176399230957e-01,-4.052168726921081543e-01,-1.350343513488769531e+01,4.773528313636779785e+01
-3.341166973114013672e-01,-4.053620696067810059e-01,-1.350505065917968750e+01,4.774028611183166504e+01
-3.332453370094299316e-01,-4.036898612976074219e-01,-1.350509738922119141e+01,4.774524307250976562e+01
-3.339179754257202148e-01,-4.037172496318817139e-01,-1.350667381286621094e+01,4.775026702880859375e+01
-3.338496088981628418e-01,-4.036505818367004395e-01,-1.350819778442382812e+01,4.775524902343750000e+01
-3.341924846172332764e-01,-4.036137759685516357e-01,-1.350979709625244141e+01,4.776051306724548340e+01
-3.344944119453430176e-01,-4.035327732563018799e-01,-1.351144027709960938e+01,4.776531100273132324e+01
-3.349377512931823730e-01,-4.036887288093566895e-01,-1.351291084289550781e+01,4.777024602890014648e+01
-3.352942764759063721e-01,-4.037515223026275635e-01,-1.351440906524658203e+01,4.777529692649841309e+01
-3.366430997848510742e-01,-4.061624407768249512e-01,-1.351488208770751953e+01,4.778028106689453125e+01
-3.368398547172546387e-01,-4.056833088397979736e-01,-1.351573562622070312e+01,4.778549408912658691e+01
-3.371665179729461670e-01,-4.059343636035919189e-01,-1.351667118072509766e+01,4.779042196273803711e+01
-3.373998701572418213e-01,-4.060834050178527832e-01,-1.351744651794433594e+01,4.779539799690246582e+01
-3.375559449195861816e-01,-4.061482548713684082e-01,-1.351808929443359375e+01,4.780028295516967773e+01
-3.383849561214447021e-01,-4.064835608005523682e-01,-1.351938915252685547e+01,4.780523014068603516e+01
-3.382124006748199463e-01,-4.056903421878814697e-01,-1.352639675140380859e+01,4.781023502349853516e+01
-3.389894664287567139e-01,-4.060764014720916748e-01,-1.352818107604980469e+01,4.781540608406066895e+01
-3.393578529357910156e-01,-4.062857627868652344e-01,-1.353033447265625000e+01,4.782053804397583008e+01
-3.399789631366729736e-01,-4.065398573875427246e-01,-1.353239822387695312e+01,4.782536196708679199e+01
-3.405826985836029053e-01,-4.067848622798919678e-01,-1.353453826904296875e+01,4.783042597770690918e+01
-3.409151732921600342e-01,-4.071303009986877441e-01,-1.353651428222656250e+01,4.783521699905395508e+01
-3.412669301033020020e-01,-4.073595404624938965e-01,-1.353863525390625000e+01,4.784029006958007812e+01
-3.360775709152221680e-01,-4.032504558563232422e-01,-1.353428649902343750e+01,4.784532403945922852e+01
-3.363890945911407471e-01,-4.034377932548522949e-01,-1.353589248657226562e+01,4.785054993629455566e+01
-3.363922834396362305e-01,-4.034048914909362793e-01,-1.353758907318115234e+01,4.785548615455627441e+01
-3.364197611808776855e-01,-4.033894836902618408e-01,-1.353929519653320312e+01,4.786072707176208496e+01
-3.363839387893676758e-01,-4.030809402465820312e-01,-1.354093265533447266e+01,4.786544799804687500e+01
-3.363990187644958496e-01,-4.029307663440704346e-01,-1.354259681701660156e+01,4.787483692169189453e+01
-3.364215195178985596e-01,-4.027697443962097168e-01,-1.354423713684082031e+01,4.787627100944519043e+01
-3.373353183269500732e-01,-4.035547673702239990e-01,-1.354567146301269531e+01,4.788051104545593262e+01
-3.368397653102874756e-01,-4.039585590362548828e-01,-1.354677772521972656e+01,4.788544392585754395e+01
-3.366169035434722900e-01,-4.040181636810302734e-01,-1.354810333251953125e+01,4.789060592651367188e+01
-3.363170921802520752e-01,-4.041144847869873047e-01,-1.354933261871337891e+01,4.789589810371398926e+01
-3.363362848758697510e-01,-4.039847254753112793e-01,-1.355048465728759766e+01,4.790055894851684570e+01
-3.362157940864562988e-01,-4.040102958679199219e-01,-1.355156040191650391e+01,4.790546798706054688e+01
-3.361281156539916992e-01,-4.040214717388153076e-01,-1.355255603790283203e+01,4.791056013107299805e+01
-3.385615646839141846e-01,-4.050858318805694580e-01,-1.355526351928710938e+01,4.791560006141662598e+01
-3.388066291809082031e-01,-4.050366878509521484e-01,-1.355633544921875000e+01,4.792061901092529297e+01
-3.390852510929107666e-01,-4.049570560455322266e-01,-1.355735015869140625e+01,4.792565011978149414e+01
-3.390504121780395508e-01,-4.049760699272155762e-01,-1.355978202819824219e+01,4.793059492111206055e+01
-3.392735123634338379e-01,-4.050213396549224854e-01,-1.356126308441162109e+01,4.793554306030273438e+01
-3.395069241523742676e-01,-4.051576256752014160e-01,-1.356276988983154297e+01,4.794060111045837402e+01
-3.388884365558624268e-01,-4.045813381671905518e-01,-1.356460762023925781e+01,4.794553709030151367e+01
-3.392219245433807373e-01,-4.045257568359375000e-01,-1.356634426116943359e+01,4.795058393478393555e+01
-3.396016955375671387e-01,-4.044782221317291260e-01,-1.356810855865478516e+01,4.795555114746093750e+01
-3.398638367652893066e-01,-4.040202200412750244e-01,-1.356975746154785156e+01,4.796127295494079590e+01
-3.402061760425567627e-01,-4.037919640541076660e-01,-1.357149028778076172e+01,4.796572113037109375e+01
-3.405497372150421143e-01,-4.035358726978302002e-01,-1.357323074340820312e+01,4.797055506706237793e+01
-3.408952653408050537e-01,-4.032380878925323486e-01,-1.357497310638427734e+01,4.797558498382568359e+01
-3.394632637500762939e-01,-4.042114317417144775e-01,-1.357537460327148438e+01,4.798079013824462891e+01
-3.393781781196594238e-01,-4.042526483535766602e-01,-1.357699298858642578e+01,4.798554706573486328e+01
-3.392059206962585449e-01,-4.043411314487457275e-01,-1.357857704162597656e+01,4.799077892303466797e+01
-3.390704691410064697e-01,-4.041247963905334473e-01,-1.357985401153564453e+01,4.799588394165039062e+01
-3.388194143772125244e-01,-4.041616320610046387e-01,-1.358117866516113281e+01,4.800066995620727539e+01
-3.385169804096221924e-01,-4.041863381862640381e-01,-1.358241081237792969e+01,4.800560402870178223e+01
-3.401361703872680664e-01,-4.060561060905456543e-01,-1.358504486083984375e+01,4.801079201698303223e+01
-3.400828540325164795e-01,-4.061415791511535645e-01,-1.358626937866210938e+01,4.801575708389282227e+01
-3.400365114212036133e-01,-4.062514305114746094e-01,-1.358743762969970703e+01,4.802073812484741211e+01
-3.403192460536956787e-01,-4.063176512718200684e-01,-1.358901786804199219e+01,4.802585601806640625e+01
-3.404910266399383545e-01,-4.064261317253112793e-01,-1.359037971496582031e+01,4.803095006942749023e+01
-3.407244682312011719e-01,-4.065644741058349609e-01,-1.359175682067871094e+01,4.803565096855163574e+01
-3.406466245651245117e-01,-4.066752195358276367e-01,-1.359329319000244141e+01,4.804076814651489258e+01
-3.383772075176239014e-01,-4.055410921573638916e-01,-1.359463119506835938e+01,4.804578304290771484e+01
-3.379492461681365967e-01,-4.054642617702484131e-01,-1.359619331359863281e+01,4.805086612701416016e+01
-3.374641835689544678e-01,-4.054093956947326660e-01,-1.359780979156494141e+01,4.805585098266601562e+01
-3.375403285026550293e-01,-4.056037366390228271e-01,-1.359926795959472656e+01,4.806086397171020508e+01
-3.373158276081085205e-01,-4.056496620178222656e-01,-1.360091495513916016e+01,4.806581401824951172e+01
-3.371303081512451172e-01,-4.057010412216186523e-01,-1.360259056091308594e+01,4.807081103324890137e+01
-3.368068039417266846e-01,-4.054751992225646973e-01,-1.360410594940185547e+01,4.807581996917724609e+01
-3.404120504856109619e-01,-4.053232371807098389e-01,-1.360633563995361328e+01,4.808081912994384766e+01
-3.404026329517364502e-01,-4.052097499370574951e-01,-1.360802459716796875e+01,4.808581995964050293e+01
-3.403941690921783447e-01,-4.054358005523681641e-01,-1.360968112945556641e+01,4.809088611602783203e+01
-3.403687775135040283e-01,-4.054657220840454102e-01,-1.361133575439453125e+01,4.809656810760498047e+01
-3.403393924236297607e-01,-4.055356085300445557e-01,-1.361298656463623047e+01,4.810094904899597168e+01
-3.402638435363769531e-01,-4.054863154888153076e-01,-1.361463069915771484e+01,4.810589003562927246e+01
-3.403095901012420654e-01,-4.060702919960021973e-01,-1.361512088775634766e+01,4.811099314689636230e+01
-3.402018249034881592e-01,-4.060444831848144531e-01,-1.361664962768554688e+01,4.811575293540954590e+01
-3.402915596961975098e-01,-4.060860574245452881e-01,-1.361820220947265625e+01,4.812125802040100098e+01
-3.402938544750213623e-01,-4.060925543308258057e-01,-1.361971569061279297e+01,4.812604308128356934e+01
-3.403217792510986328e-01,-4.060750901699066162e-01,-1.362123203277587891e+01,4.813121700286865234e+01
-3.403697907924652100e-01,-4.060856997966766357e-01,-1.362273693084716797e+01,4.813605999946594238e+01
-3.403947353363037109e-01,-4.059459269046783447e-01,-1.362412452697753906e+01,4.814106202125549316e+01
-3.407407402992248535e-01,-4.060309827327728271e-01,-1.362551403045654297e+01,4.814657306671142578e+01
-3.408360481262207031e-01,-4.060190618038177490e-01,-1.362687778472900391e+01,4.815103602409362793e+01
-3.408361375331878662e-01,-4.060517847537994385e-01,-1.362872219085693359e+01,4.815604615211486816e+01
-3.408840000629425049e-01,-4.060624837875366211e-01,-1.363031673431396484e+01,4.816121506690979004e+01
-3.409269452095031738e-01,-4.060626029968261719e-01,-1.363197708129882812e+01,4.816665315628051758e+01
-3.409691751003265381e-01,-4.060738384723663330e-01,-1.363370323181152344e+01,4.817093610763549805e+01
-3.423473834991455078e-01,-4.067565798759460449e-01,-1.363526725769042969e+01,4.817601609230041504e+01
-3.424465060234069824e-01,-4.068870246410369873e-01,-1.363695240020751953e+01,4.818105506896972656e+01
-3.427000939846038818e-01,-4.069262742996215820e-01,-1.363854122161865234e+01,4.818651103973388672e+01
-3.428820669651031494e-01,-4.069976806640625000e-01,-1.364019298553466797e+01,4.819114112854003906e+01
-3.430900275707244873e-01,-4.070600867271423340e-01,-1.364186286926269531e+01,4.819669294357299805e+01
-3.430841863155364990e-01,-4.072326421737670898e-01,-1.364338970184326172e+01,4.820101499557495117e+01
-3.431426882743835449e-01,-4.073406159877777100e-01,-1.364494895935058594e+01,4.820673298835754395e+01
-3.414339721202850342e-01,-4.069652855396270752e-01,-1.364495754241943359e+01,4.821116709709167480e+01
-3.415135145187377930e-01,-4.070588946342468262e-01,-1.364631938934326172e+01,4.821649503707885742e+01
-3.414070606231689453e-01,-4.070938527584075928e-01,-1.364758396148681641e+01,4.822114109992980957e+01
-3.413673341274261475e-01,-4.071924388408660889e-01,-1.364878749847412109e+01,4.822659897804260254e+01
-3.413658440113067627e-01,-4.072774946689605713e-01,-1.364993858337402344e+01,4.823127102851867676e+01
-3.410029411315917969e-01,-4.073281288146972656e-01,-1.365133285522460938e+01,4.823667812347412109e+01
-3.408080339431762695e-01,-4.074012339115142822e-01,-1.365259170532226562e+01,4.824111700057983398e+01
-3.421393632888793945e-01,-4.061891734600067139e-01,-1.365595245361328125e+01,4.824661898612976074e+01
-3.422648012638092041e-01,-4.063486456871032715e-01,-1.365729522705078125e+01,4.825127315521240234e+01
-3.422111570835113525e-01,-4.063878655433654785e-01,-1.365869331359863281e+01,4.825688099861145020e+01
-3.421763479709625244e-01,-4.064322113990783691e-01,-1.366007995605468750e+01,4.826157903671264648e+01
-3.420574665069580078e-01,-4.064769446849822998e-01,-1.366151046752929688e+01,4.826652693748474121e+01
-3.419579565525054932e-01,-4.065344929695129395e-01,-1.366291236877441406e+01,4.827443814277648926e+01
-3.418478965759277344e-01,-4.065971672534942627e-01,-1.366432666778564453e+01,4.827649998664855957e+01
-3.434731960296630859e-01,-4.075636267662048340e-01,-1.366687393188476562e+01,4.828132700920104980e+01
-3.434228897094726562e-01,-4.076473414897918701e-01,-1.366838550567626953e+01,4.828668594360351562e+01
-3.433457314968109131e-01,-4.077323973178863525e-01,-1.366986656188964844e+01,4.829135799407958984e+01
-3.433844149112701416e-01,-4.078460037708282471e-01,-1.367132759094238281e+01,4.829675197601318359e+01
-3.433910310268402100e-01,-4.079390466213226318e-01,-1.367279911041259766e+01,4.830132198333740234e+01
-3.434185683727264404e-01,-4.080434739589691162e-01,-1.367427825927734375e+01,4.830647706985473633e+01
-3.434668481349945068e-01,-4.081546068191528320e-01,-1.367576980590820312e+01,4.831133913993835449e+01
-3.436601161956787109e-01,-4.071978628635406494e-01,-1.367675781250000000e+01,4.831651711463928223e+01
-3.435429334640502930e-01,-4.071429371833801270e-01,-1.367817401885986328e+01,4.832144093513488770e+01
-3.434070050716400146e-01,-4.070683717727661133e-01,-1.367959785461425781e+01,4.832662415504455566e+01
-3.437359929084777832e-01,-4.070905447006225586e-01,-1.368109798431396484e+01,4.833156609535217285e+01
-3.438371419906616211e-01,-4.070822596549987793e-01,-1.368255138397216797e+01,4.833677911758422852e+01
-3.439882993698120117e-01,-4.071049392223358154e-01,-1.368401241302490234e+01,4.834140396118164062e+01
-3.448477387428283691e-01,-4.080155789852142334e-01,-1.368545246124267578e+01,4.834681200981140137e+01
-3.448273539543151855e-01,-4.080858528614044189e-01,-1.368679046630859375e+01,4.835139703750610352e+01
-3.447666466236114502e-01,-4.081330001354217529e-01,-1.368809318542480469e+01,4.835670804977416992e+01
-3.448454737663269043e-01,-4.082405865192413330e-01,-1.368926048278808594e+01,4.836166000366210938e+01
-3.448232412338256836e-01,-4.083034694194793701e-01,-1.369044780731201172e+01,4.836681509017944336e+01
-3.447978198528289795e-01,-4.083142280578613281e-01,-1.369159221649169922e+01,4.837129402160644531e+01
-3.448737859725952148e-01,-4.083832800388336182e-01,-1.369287204742431641e+01,4.837678408622741699e+01
-3.448480069637298584e-01,-4.081688523292541504e-01,-1.369440364837646484e+01,4.838130211830139160e+01
-3.449399173259735107e-01,-4.083799123764038086e-01,-1.369565200805664062e+01,4.838676309585571289e+01
-3.450090885162353516e-01,-4.084733426570892334e-01,-1.369724941253662109e+01,4.839148306846618652e+01
-3.451144695281982422e-01,-4.085600674152374268e-01,-1.369870471954345703e+01,4.839683294296264648e+01
-3.452230989933013916e-01,-4.086310863494873047e-01,-1.370018959045410156e+01,4.840151000022888184e+01
-3.453422486782073975e-01,-4.086673557758331299e-01,-1.370172309875488281e+01,4.840686798095703125e+01
-3.454730212688446045e-01,-4.084194302558898926e-01,-1.370335960388183594e+01,4.841150307655334473e+01
-3.453746140003204346e-01,-4.085300862789154053e-01,-1.370499229431152344e+01,4.841660714149475098e+01
-3.452418446540832520e-01,-4.086487591266632080e-01,-1.370667839050292969e+01,4.842150306701660156e+01
-3.453289270401000977e-01,-4.087437391281127930e-01,-1.370813941955566406e+01,4.842712402343750000e+01
-3.452732563018798828e-01,-4.088447391986846924e-01,-1.370974254608154297e+01,4.843152904510498047e+01
-3.452133536338806152e-01,-4.088993966579437256e-01,-1.371133422851562500e+01,4.843683505058288574e+01
-3.452423512935638428e-01,-4.090090095996856689e-01,-1.371287631988525391e+01,4.844151711463928223e+01
-3.463175296783447266e-01,-4.083570837974548340e-01,-1.371354866027832031e+01,4.844678306579589844e+01
-3.464736938476562500e-01,-4.086035490036010742e-01,-1.371504592895507812e+01,4.845169115066528320e+01
-3.463839292526245117e-01,-4.085134565830230713e-01,-1.371635818481445312e+01,4.845680713653564453e+01
-3.464170694351196289e-01,-4.086498022079467773e-01,-1.371771526336669922e+01,4.846181893348693848e+01
-3.464237153530120850e-01,-4.087614417076110840e-01,-1.371904659271240234e+01,4.846670293807983398e+01
-3.465754389762878418e-01,-4.089168012142181396e-01,-1.372048377990722656e+01,4.847170805931091309e+01
-3.471351265907287598e-01,-4.086757302284240723e-01,-1.372281265258789062e+01,4.847678709030151367e+01
-3.473882079124450684e-01,-4.088004231452941895e-01,-1.372434711456298828e+01,4.848169112205505371e+01
-3.476343750953674316e-01,-4.089015424251556396e-01,-1.372588253021240234e+01,4.848676609992980957e+01
-3.475534617900848389e-01,-4.088660478591918945e-01,-1.372762012481689453e+01,4.849169301986694336e+01
-3.476782441139221191e-01,-4.088983833789825439e-01,-1.372926712036132812e+01,4.849693393707275391e+01
-3.477567732334136963e-01,-4.089069366455078125e-01,-1.373092937469482422e+01,4.850164699554443359e+01
-3.478559553623199463e-01,-4.089946150779724121e-01,-1.373257637023925781e+01,4.850667595863342285e+01
-3.474444150924682617e-01,-4.086558818817138672e-01,-1.373199081420898438e+01,4.851163911819458008e+01
-3.475175797939300537e-01,-4.086571335792541504e-01,-1.373346233367919922e+01,4.851695394515991211e+01
-3.474307358264923096e-01,-4.085728526115417480e-01,-1.373459529876708984e+01,4.852179813385009766e+01
-3.473890423774719238e-01,-4.085396826267242432e-01,-1.373591232299804688e+01,4.852708911895751953e+01
-3.473308086395263672e-01,-4.084827303886413574e-01,-1.373722171783447266e+01,4.853192996978759766e+01
-3.474144935607910156e-01,-4.085084199905395508e-01,-1.373868846893310547e+01,4.853692507743835449e+01
-3.474328815937042236e-01,-4.084920287132263184e-01,-1.374008178710937500e+01,4.854174613952636719e+01
-3.459568023681640625e-01,-4.090399444103240967e-01,-1.374136829376220703e+01,4.854712200164794922e+01
-3.458888828754425049e-01,-4.091001749038696289e-01,-1.374286651611328125e+01,4.855180692672729492e+01
-3.458465933799743652e-01,-4.091221690177917480e-01,-1.374432659149169922e+01,4.855698108673095703e+01
-3.458049893379211426e-01,-4.091395139694213867e-01,-1.374579048156738281e+01,4.856175398826599121e+01
-3.455182611942291260e-01,-4.089936316013336182e-01,-1.374712848663330078e+01,4.856694412231445312e+01
-3.452740907669067383e-01,-4.088563621044158936e-01,-1.374850654602050781e+01,4.857180500030517578e+01
-3.464243412017822266e-01,-4.094881117343902588e-01,-1.375099754333496094e+01,4.857696104049682617e+01
-3.460387587547302246e-01,-4.092961251735687256e-01,-1.375237274169921875e+01,4.858164501190185547e+01
-3.462266921997070312e-01,-4.097431600093841553e-01,-1.375380992889404297e+01,4.858704710006713867e+01
-3.460753858089447021e-01,-4.097717404365539551e-01,-1.375519943237304688e+01,4.859193801879882812e+01
-3.459323644638061523e-01,-4.097838103771209717e-01,-1.375658130645751953e+01,4.859699797630310059e+01
-3.457449972629547119e-01,-4.096049368381500244e-01,-1.375808906555175781e+01,4.860191798210144043e+01
-3.456052541732788086e-01,-4.094561934471130371e-01,-1.375959110260009766e+01,4.860710406303405762e+01
-3.465557098388671875e-01,-4.098837673664093018e-01,-1.376002883911132812e+01,4.861182594299316406e+01
-3.466892838478088379e-01,-4.100644290447235107e-01,-1.376175022125244141e+01,4.861684608459472656e+01
-3.467573225498199463e-01,-4.102788865566253662e-01,-1.376336669921875000e+01,4.862180113792419434e+01
-3.468669354915618896e-01,-4.105037152767181396e-01,-1.376503181457519531e+01,4.862709712982177734e+01
-3.470079600811004639e-01,-4.106711745262145996e-01,-1.376644515991210938e+01,4.863201594352722168e+01
-3.472009897232055664e-01,-4.108188748359680176e-01,-1.376797771453857422e+01,4.863703203201293945e+01
-3.474358916282653809e-01,-4.109423756599426270e-01,-1.376948547363281250e+01,4.864203000068664551e+01
-3.476644754409790039e-01,-4.095439314842224121e-01,-1.377093410491943359e+01,4.864704799652099609e+01
-3.476797640323638916e-01,-4.095334112644195557e-01,-1.377228832244873047e+01,4.865195393562316895e+01
-3.476484417915344238e-01,-4.095384776592254639e-01,-1.377361392974853516e+01,4.865712094306945801e+01
-3.475801348686218262e-01,-4.096048772335052490e-01,-1.377489376068115234e+01,4.866220712661743164e+01
-3.478273451328277588e-01,-4.096044301986694336e-01,-1.377628612518310547e+01,4.866705608367919922e+01
-3.478969037532806396e-01,-4.095475971698760986e-01,-1.377759742736816406e+01,4.867479801177978516e+01
-3.479910194873809814e-01,-4.094830155372619629e-01,-1.377887821197509766e+01,4.867710709571838379e+01
-3.485893309116363525e-01,-4.113830626010894775e-01,-1.378124046325683594e+01,4.868207192420959473e+01
-3.485484719276428223e-01,-4.115363955497741699e-01,-1.378258705139160156e+01,4.868706393241882324e+01
-3.484521806240081787e-01,-4.116765856742858887e-01,-1.378392982482910156e+01,4.869218492507934570e+01
-3.486638963222503662e-01,-4.118399620056152344e-01,-1.378541183471679688e+01,4.869723415374755859e+01
-3.487811982631683350e-01,-4.120135307312011719e-01,-1.378686714172363281e+01,4.870206308364868164e+01
-3.489600419998168945e-01,-4.121865034103393555e-01,-1.378836727142333984e+01,4.870708203315734863e+01
-3.487113118171691895e-01,-4.093271493911743164e-01,-1.378924751281738281e+01,4.871202397346496582e+01
-3.487809300422668457e-01,-4.092425107955932617e-01,-1.379077339172363281e+01,4.871716094017028809e+01
-3.488439321517944336e-01,-4.091393053531646729e-01,-1.379232883453369141e+01,4.872203993797302246e+01
-3.487080335617065430e-01,-4.091781675815582275e-01,-1.379398536682128906e+01,4.872732210159301758e+01
-3.486297726631164551e-01,-4.091511368751525879e-01,-1.379562568664550781e+01,4.873228311538696289e+01
-3.485090136528015137e-01,-4.090619087219238281e-01,-1.379731273651123047e+01,4.873720002174377441e+01
-3.485659062862396240e-01,-4.087552726268768311e-01,-1.379877185821533203e+01,4.874238896369934082e+01
-3.487876355648040771e-01,-4.089438021183013916e-01,-1.379990673065185547e+01,4.874722695350646973e+01
-3.488571345806121826e-01,-4.089028239250183105e-01,-1.380140113830566406e+01,4.875214600563049316e+01
-3.489275872707366943e-01,-4.088377356529235840e-01,-1.380284214019775391e+01,4.875720715522766113e+01
-3.489942550659179688e-01,-4.088280200958251953e-01,-1.380402565002441406e+01,4.876239800453186035e+01
-3.491041064262390137e-01,-4.087949693202972412e-01,-1.380528640747070312e+01,4.876721811294555664e+01
-3.492380976676940918e-01,-4.087326526641845703e-01,-1.380648899078369141e+01,4.877215194702148438e+01
-3.493448197841644287e-01,-4.086145758628845215e-01,-1.380783557891845703e+01,4.877720999717712402e+01
-3.502913713455200195e-01,-4.113754034042358398e-01,-1.381061458587646484e+01,4.878214907646179199e+01
-3.504339158535003662e-01,-4.116564691066741943e-01,-1.381201934814453125e+01,4.878716611862182617e+01
-3.503149151802062988e-01,-4.118668735027313232e-01,-1.381356334686279297e+01,4.879227995872497559e+01
-3.502951264381408691e-01,-4.121473729610443115e-01,-1.381504821777343750e+01,4.879727602005004883e+01
-3.502381742000579834e-01,-4.124417304992675781e-01,-1.381656455993652344e+01,4.880228495597839355e+01
-3.501887321472167969e-01,-4.126551747322082520e-01,-1.381805038452148438e+01,4.880735301971435547e+01
-3.499734401702880859e-01,-4.095777273178100586e-01,-1.381861782073974609e+01,4.881226396560668945e+01
-3.498138189315795898e-01,-4.094477891921997070e-01,-1.382004261016845703e+01,4.881728005409240723e+01
-3.500290513038635254e-01,-4.096191823482513428e-01,-1.382164955139160156e+01,4.882227492332458496e+01
-3.500823378562927246e-01,-4.096401631832122803e-01,-1.382318401336669922e+01,4.882759809494018555e+01
-3.501819372177124023e-01,-4.097053110599517822e-01,-1.382473850250244141e+01,4.883241605758666992e+01
-3.503275811672210693e-01,-4.098345935344696045e-01,-1.382631015777587891e+01,4.883731603622436523e+01
-3.508954346179962158e-01,-4.097532927989959717e-01,-1.382780075073242188e+01,4.884213113784790039e+01
-3.510778546333312988e-01,-4.097720682621002197e-01,-1.382936573028564453e+01,4.884730601310729980e+01
-3.512776792049407959e-01,-4.097725152969360352e-01,-1.383091831207275391e+01,4.885239911079406738e+01
-3.511183261871337891e-01,-4.097783565521240234e-01,-1.383216571807861328e+01,4.885735607147216797e+01
-3.511411249637603760e-01,-4.097498357295989990e-01,-1.383354568481445312e+01,4.886229896545410156e+01
-3.511345386505126953e-01,-4.097255468368530273e-01,-1.383489513397216797e+01,4.886755800247192383e+01
-3.514359891414642334e-01,-4.098933339118957520e-01,-1.383637428283691406e+01,4.887237215042114258e+01
-3.527115881443023682e-01,-4.108304977416992188e-01,-1.383883094787597656e+01,4.887739109992980957e+01
-3.531176149845123291e-01,-4.109441339969635010e-01,-1.384029006958007812e+01,4.888240694999694824e+01
-3.529785871505737305e-01,-4.108994007110595703e-01,-1.384167098999023438e+01,4.888747096061706543e+01
-3.531200587749481201e-01,-4.109522998332977295e-01,-1.384307861328125000e+01,4.889253115653991699e+01
-3.532089889049530029e-01,-4.109918773174285889e-01,-1.384446525573730469e+01,4.889757204055786133e+01
-3.534699976444244385e-01,-4.110568463802337646e-01,-1.384585762023925781e+01,4.890240693092346191e+01
-3.536494076251983643e-01,-4.111087322235107422e-01,-1.384722423553466797e+01,4.890748715400695801e+01
-3.558408319950103760e-01,-4.106635451316833496e-01,-1.385007953643798828e+01,4.891239905357360840e+01
-3.564181029796600342e-01,-4.106357097625732422e-01,-1.385164451599121094e+01,4.891754698753356934e+01
-3.566899299621582031e-01,-4.107469618320465088e-01,-1.385321903228759766e+01,4.892252993583679199e+01
-3.570834696292877197e-01,-4.107694029808044434e-01,-1.385476684570312500e+01,4.892775702476501465e+01
-3.575019836425781250e-01,-4.108056426048278809e-01,-1.385637474060058594e+01,4.893253707885742188e+01
-3.581215739250183105e-01,-4.108483195304870605e-01,-1.385818862915039062e+01,4.893756198883056641e+01
-3.555672764778137207e-01,-4.111728966236114502e-01,-1.385775375366210938e+01,4.894252300262451172e+01
-3.560152649879455566e-01,-4.114833474159240723e-01,-1.385931491851806641e+01,4.894756913185119629e+01
-3.558815717697143555e-01,-4.115266799926757812e-01,-1.386075115203857422e+01,4.895255804061889648e+01
-3.560162484645843506e-01,-4.117036163806915283e-01,-1.386227321624755859e+01,4.895760393142700195e+01
-3.560855388641357422e-01,-4.118527173995971680e-01,-1.386379528045654297e+01,4.896278595924377441e+01
-3.563750982284545898e-01,-4.120908081531524658e-01,-1.386528873443603516e+01,4.896753501892089844e+01
-3.565436303615570068e-01,-4.122740626335144043e-01,-1.386677837371826172e+01,4.897250008583068848e+01
-3.558068275451660156e-01,-4.107778966426849365e-01,-1.386879444122314453e+01,4.897751402854919434e+01
-3.562621474266052246e-01,-4.106969833374023438e-01,-1.387034606933593750e+01,4.898251295089721680e+01
-3.566374480724334717e-01,-4.107463359832763672e-01,-1.387189865112304688e+01,4.898772215843200684e+01
-3.570873141288757324e-01,-4.108179807662963867e-01,-1.387347126007080078e+01,4.899275612831115723e+01
-3.570963442325592041e-01,-4.109518826007843018e-01,-1.387507057189941406e+01,4.899758005142211914e+01
-3.572664260864257812e-01,-4.110288918018341064e-01,-1.387668323516845703e+01,4.900264000892639160e+01
-3.573616147041320801e-01,-4.111047685146331787e-01,-1.387828159332275391e+01,4.900758814811706543e+01
-3.560328781604766846e-01,-4.103149473667144775e-01,-1.387945270538330078e+01,4.901262903213500977e+01
-3.567165136337280273e-01,-4.105864167213439941e-01,-1.388112449645996094e+01,4.901758694648742676e+01
-3.569310307502746582e-01,-4.106810092926025391e-01,-1.388276481628417969e+01,4.902263092994689941e+01
-3.572229146957397461e-01,-4.108039438724517822e-01,-1.388443660736083984e+01,4.902787899971008301e+01
-3.572924733161926270e-01,-4.107592999935150146e-01,-1.388597488403320312e+01,4.903263401985168457e+01
-3.574827611446380615e-01,-4.108013510704040527e-01,-1.388756370544433594e+01,4.903757596015930176e+01
-3.572521209716796875e-01,-4.096897244453430176e-01,-1.388784313201904297e+01,4.904262709617614746e+01
-3.576455712318420410e-01,-4.096688330173492432e-01,-1.388939571380615234e+01,4.904760003089904785e+01
-3.579092025756835938e-01,-4.095802009105682373e-01,-1.389088630676269531e+01,4.905275702476501465e+01
-3.582159578800201416e-01,-4.095036983489990234e-01,-1.389238452911376953e+01,4.905772209167480469e+01
-3.582682907581329346e-01,-4.095482230186462402e-01,-1.389389038085937500e+01,4.906288409233093262e+01
-3.583940863609313965e-01,-4.095615446567535400e-01,-1.389540767669677734e+01,4.906776905059814453e+01
-3.584704995155334473e-01,-4.095938205718994141e-01,-1.389693450927734375e+01,4.907376313209533691e+01
-3.598242700099945068e-01,-4.113336205482482910e-01,-1.389982986450195312e+01,4.907789993286132812e+01
-3.599200844764709473e-01,-4.113971889019012451e-01,-1.390146923065185547e+01,4.908275198936462402e+01
-3.599846065044403076e-01,-4.114415943622589111e-01,-1.390312671661376953e+01,4.908777904510498047e+01
-3.600441813468933105e-01,-4.115398526191711426e-01,-1.390478038787841797e+01,4.909324693679809570e+01
-3.603429198265075684e-01,-4.117905497550964355e-01,-1.390640068054199219e+01,4.909788799285888672e+01
-3.605135977268218994e-01,-4.119225740432739258e-01,-1.390805053710937500e+01,4.910274910926818848e+01
-3.607015907764434814e-01,-4.120193123817443848e-01,-1.390971183776855469e+01,4.910776615142822266e+01
-3.609549105167388916e-01,-4.113486707210540771e-01,-1.391020774841308594e+01,4.911275410652160645e+01
-3.611252903938293457e-01,-4.115198850631713867e-01,-1.391164398193359375e+01,4.911788010597229004e+01
-3.612861037254333496e-01,-4.117071926593780518e-01,-1.391305351257324219e+01,4.912288212776184082e+01
-3.614452183246612549e-01,-4.117818772792816162e-01,-1.391464424133300781e+01,4.912796497344970703e+01
-3.615975975990295410e-01,-4.119270741939544678e-01,-1.391612434387207031e+01,4.913287401199340820e+01
-3.617477416992187500e-01,-4.120818376541137695e-01,-1.391761112213134766e+01,4.913787698745727539e+01
-3.617071509361267090e-01,-4.107294082641601562e-01,-1.391931152343750000e+01,4.914288115501403809e+01
-3.618337512016296387e-01,-4.107484817504882812e-01,-1.392084026336669922e+01,4.914783501625061035e+01
-3.619537949562072754e-01,-4.107615649700164795e-01,-1.392236709594726562e+01,4.915288305282592773e+01
-3.620010614395141602e-01,-4.108087420463562012e-01,-1.392376327514648438e+01,4.915790104866027832e+01
-3.620750606060028076e-01,-4.108728468418121338e-01,-1.392521762847900391e+01,4.916304707527160645e+01
-3.621333539485931396e-01,-4.109536111354827881e-01,-1.392664813995361328e+01,4.916784310340881348e+01
-3.623633682727813721e-01,-4.110056757926940918e-01,-1.392812061309814453e+01,4.917301106452941895e+01
-3.635354638099670410e-01,-4.108556509017944336e-01,-1.392971706390380859e+01,4.917786192893981934e+01
-3.639121949672698975e-01,-4.108174443244934082e-01,-1.393122863769531250e+01,4.918296504020690918e+01
-3.643245995044708252e-01,-4.107698500156402588e-01,-1.393273544311523438e+01,4.918801903724670410e+01
-3.645431101322174072e-01,-4.107942581176757812e-01,-1.393441867828369141e+01,4.919310498237609863e+01
-3.648928701877593994e-01,-4.107730388641357422e-01,-1.393601894378662109e+01,4.919804310798645020e+01
-3.652490079402923584e-01,-4.107459485530853271e-01,-1.393764877319335938e+01,4.920304107666015625e+01
-3.655586242675781250e-01,-4.106993079185485840e-01,-1.393921566009521484e+01,4.920797705650329590e+01
-3.646245896816253662e-01,-4.111981689929962158e-01,-1.394019222259521484e+01,4.921303105354309082e+01
-3.648246526718139648e-01,-4.111973941326141357e-01,-1.394168663024902344e+01,4.921802806854248047e+01
-3.649667799472808838e-01,-4.112288951873779297e-01,-1.394313430786132812e+01,4.922304296493530273e+01
-3.651116192340850830e-01,-4.112339317798614502e-01,-1.394458580017089844e+01,4.922823214530944824e+01
-3.652372062206268311e-01,-4.112334549427032471e-01,-1.394602584838867188e+01,4.923301005363464355e+01
-3.654346764087677002e-01,-4.112671911716461182e-01,-1.394755363464355469e+01,4.923804497718811035e+01
-3.650715649127960205e-01,-4.115642011165618896e-01,-1.394929122924804688e+01,4.924309110641479492e+01
-3.652152717113494873e-01,-4.116335809230804443e-01,-1.395084095001220703e+01,4.924803900718688965e+01
-3.654184639453887939e-01,-4.117481112480163574e-01,-1.395239257812500000e+01,4.925296497344970703e+01
-3.656048774719238281e-01,-4.118821620941162109e-01,-1.395394134521484375e+01,4.925811600685119629e+01
-3.658015727996826172e-01,-4.120921790599822998e-01,-1.395547389984130859e+01,4.926313209533691406e+01
-3.660170137882232666e-01,-4.123307168483734131e-01,-1.395701789855957031e+01,4.926810908317565918e+01
-3.660795092582702637e-01,-4.122686386108398438e-01,-1.395851325988769531e+01,4.927314496040344238e+01
-3.659541308879852295e-01,-4.120948016643524170e-01,-1.396021080017089844e+01,4.927809715270996094e+01
-3.660228252410888672e-01,-4.120522141456604004e-01,-1.396178150177001953e+01,4.928318095207214355e+01
-3.662792742252349854e-01,-4.121608436107635498e-01,-1.396355342864990234e+01,4.928812313079833984e+01
-3.664330244064331055e-01,-4.121648669242858887e-01,-1.396521854400634766e+01,4.929325294494628906e+01
-3.666058778762817383e-01,-4.121542572975158691e-01,-1.396690940856933594e+01,4.929825711250305176e+01
-3.668334782123565674e-01,-4.120913743972778320e-01,-1.396870994567871094e+01,4.930318307876586914e+01
-3.670675456523895264e-01,-4.120330214500427246e-01,-1.397052192687988281e+01,4.930811214447021484e+01
-3.674820065498352051e-01,-4.123743176460266113e-01,-1.397223377227783203e+01,4.931313514709472656e+01
-3.674827516078948975e-01,-4.123660624027252197e-01,-1.397376632690429688e+01,4.931825900077819824e+01
-3.676155507564544678e-01,-4.123947620391845703e-01,-1.397546672821044922e+01,4.932327604293823242e+01
-3.677222430706024170e-01,-4.124143719673156738e-01,-1.397713470458984375e+01,4.932834315299987793e+01
-3.679033517837524414e-01,-4.125228226184844971e-01,-1.397863197326660156e+01,4.933326411247253418e+01
-3.680360317230224609e-01,-4.125821888446807861e-01,-1.398013687133789062e+01,4.933824396133422852e+01
-3.678924441337585449e-01,-4.135892391204833984e-01,-1.398126125335693359e+01,4.934334206581115723e+01
-3.682004809379577637e-01,-4.137514531612396240e-01,-1.398286342620849609e+01,4.934837007522583008e+01
-3.684313595294952393e-01,-4.138832092285156250e-01,-1.398431301116943359e+01,4.935328507423400879e+01
-3.687054514884948730e-01,-4.140492081642150879e-01,-1.398575019836425781e+01,4.935829305648803711e+01
-3.690152466297149658e-01,-4.141964316368103027e-01,-1.398719406127929688e+01,4.936341500282287598e+01
-3.689318299293518066e-01,-4.142523109912872314e-01,-1.398865127563476562e+01,4.936828708648681641e+01
-3.690259158611297607e-01,-4.144069850444793701e-01,-1.399006080627441406e+01,4.937332415580749512e+01
-3.685018718242645264e-01,-4.139769673347473145e-01,-1.399230194091796875e+01,4.937826895713806152e+01
-3.689713776111602783e-01,-4.142713546752929688e-01,-1.399381446838378906e+01,4.938345813751220703e+01
-3.691689670085906982e-01,-4.143980145454406738e-01,-1.399535942077636719e+01,4.938846302032470703e+01
-3.694211244583129883e-01,-4.145429432392120361e-01,-1.399690818786621094e+01,4.939351511001586914e+01
-3.695161640644073486e-01,-4.145783483982086182e-01,-1.399850082397460938e+01,4.939836406707763672e+01
-3.696906864643096924e-01,-4.146492183208465576e-01,-1.400010013580322266e+01,4.940348410606384277e+01
-3.698573410511016846e-01,-4.147206842899322510e-01,-1.400172233581542969e+01,4.940842914581298828e+01
-3.702524006366729736e-01,-4.134396314620971680e-01,-1.400307464599609375e+01,4.941345214843750000e+01
-3.702782094478607178e-01,-4.134643971920013428e-01,-1.400474834442138672e+01,4.941846013069152832e+01
-3.702771961688995361e-01,-4.134841859340667725e-01,-1.400645065307617188e+01,4.942345213890075684e+01
-3.702518939971923828e-01,-4.133531451225280762e-01,-1.400795173645019531e+01,4.942851114273071289e+01
-3.701731264591217041e-01,-4.133260548114776611e-01,-1.400949382781982422e+01,4.943345904350280762e+01
-3.700546026229858398e-01,-4.132775664329528809e-01,-1.401098728179931641e+01,4.943843412399291992e+01
-3.709422647953033447e-01,-4.147774279117584229e-01,-1.401249313354492188e+01,4.944347715377807617e+01
-3.711675107479095459e-01,-4.149046540260314941e-01,-1.401374244689941406e+01,4.944837903976440430e+01
-3.711970448493957520e-01,-4.149929285049438477e-01,-1.401498413085937500e+01,4.945336604118347168e+01
-3.712463676929473877e-01,-4.150981605052947998e-01,-1.401615715026855469e+01,4.945850610733032227e+01
-3.711267113685607910e-01,-4.151521921157836914e-01,-1.401744651794433594e+01,4.946367096900939941e+01
-3.710397183895111084e-01,-4.152361750602722168e-01,-1.401863861083984375e+01,4.947389912605285645e+01
-3.709143996238708496e-01,-4.153432250022888184e-01,-1.401981830596923828e+01,4.947462105751037598e+01
-3.709886968135833740e-01,-4.150771498680114746e-01,-1.402290821075439453e+01,4.947852301597595215e+01
-3.710092306137084961e-01,-4.149551689624786377e-01,-1.402457046508789062e+01,4.948350501060485840e+01
-3.710551261901855469e-01,-4.148069322109222412e-01,-1.402629756927490234e+01,4.948846411705017090e+01
-3.710807263851165771e-01,-4.147019386291503906e-01,-1.402797222137451172e+01,4.949391508102416992e+01
-3.711476922035217285e-01,-4.145736992359161377e-01,-1.402975082397460938e+01,4.949862694740295410e+01
-3.712311387062072754e-01,-4.144387841224670410e-01,-1.403157234191894531e+01,4.950348901748657227e+01
-3.711884617805480957e-01,-4.142649769783020020e-01,-1.403328418731689453e+01,4.950845813751220703e+01
-3.721857368946075439e-01,-4.145967364311218262e-01,-1.403361701965332031e+01,4.951351904869079590e+01
-3.721597492694854736e-01,-4.145343303680419922e-01,-1.403529644012451172e+01,4.951863002777099609e+01
-3.724885284900665283e-01,-4.146624207496643066e-01,-1.403685283660888672e+01,4.952390694618225098e+01
-3.726677894592285156e-01,-4.146618843078613281e-01,-1.403846168518066406e+01,4.952874207496643066e+01
-3.728863298892974854e-01,-4.147041440010070801e-01,-1.404003715515136719e+01,4.953363800048828125e+01
-3.731535077095031738e-01,-4.147541224956512451e-01,-1.404158973693847656e+01,4.953863215446472168e+01
-3.741920590400695801e-01,-4.163444638252258301e-01,-1.404296302795410156e+01,4.954365205764770508e+01
-3.743614554405212402e-01,-4.163970947265625000e-01,-1.404419136047363281e+01,4.954864311218261719e+01
-3.745149374008178711e-01,-4.164438247680664062e-01,-1.404533100128173828e+01,4.955365109443664551e+01
-3.742910325527191162e-01,-4.167346060276031494e-01,-1.404649162292480469e+01,4.955863499641418457e+01
-3.742019534111022949e-01,-4.168994426727294922e-01,-1.404752826690673828e+01,4.956376099586486816e+01
-3.740383684635162354e-01,-4.170619249343872070e-01,-1.404848957061767578e+01,4.956861114501953125e+01
-3.741428852081298828e-01,-4.172392785549163818e-01,-1.404985141754150391e+01,4.957363915443420410e+01
-3.742099702358245850e-01,-4.172601997852325439e-01,-1.405330944061279297e+01,4.957861495018005371e+01
-3.743304610252380371e-01,-4.173574745655059814e-01,-1.405496788024902344e+01,4.958376407623291016e+01
-3.742800056934356689e-01,-4.174594581127166748e-01,-1.405670070648193359e+01,4.958879494667053223e+01
-3.743223845958709717e-01,-4.175779521465301514e-01,-1.405849647521972656e+01,4.959389400482177734e+01
-3.743589818477630615e-01,-4.177211523056030273e-01,-1.406037521362304688e+01,4.959876704216003418e+01
-3.743701577186584473e-01,-4.177463054656982422e-01,-1.406213569641113281e+01,4.960376501083374023e+01
-3.743718862533569336e-01,-4.178011715412139893e-01,-1.406398868560791016e+01,4.960876798629760742e+01
-3.745374679565429688e-01,-4.154088497161865234e-01,-1.406230545043945312e+01,4.961376309394836426e+01
-3.745982944965362549e-01,-4.152764976024627686e-01,-1.406398582458496094e+01,4.961887907981872559e+01
-3.749236762523651123e-01,-4.156838953495025635e-01,-1.406561756134033203e+01,4.962376713752746582e+01
-3.750878572463989258e-01,-4.157021641731262207e-01,-1.406726551055908203e+01,4.962888908386230469e+01
-3.752905428409576416e-01,-4.157297909259796143e-01,-1.406891345977783203e+01,4.963376092910766602e+01
-3.754867017269134521e-01,-4.155731797218322754e-01,-1.407041358947753906e+01,4.963870692253112793e+01
-3.755863308906555176e-01,-4.172292947769165039e-01,-1.407147121429443359e+01,4.964377903938293457e+01
-3.757797777652740479e-01,-4.174236059188842773e-01,-1.407285213470458984e+01,4.964874005317687988e+01
-3.756776452064514160e-01,-4.175093770027160645e-01,-1.407393169403076172e+01,4.965389394760131836e+01
-3.757244050502777100e-01,-4.176819324493408203e-01,-1.407507419586181641e+01,4.965883994102478027e+01
-3.757456243038177490e-01,-4.178581535816192627e-01,-1.407613754272460938e+01,4.966390800476074219e+01
-3.757369220256805420e-01,-4.180205762386322021e-01,-1.407738208770751953e+01,4.966889810562133789e+01
-3.757093548774719238e-01,-4.182198047637939453e-01,-1.407850551605224609e+01,4.967386102676391602e+01
-3.757407665252685547e-01,-4.174368083477020264e-01,-1.408141422271728516e+01,4.967904210090637207e+01
-3.757334947586059570e-01,-4.174447059631347656e-01,-1.408299255371093750e+01,4.968390798568725586e+01
-3.756621479988098145e-01,-4.173991382122039795e-01,-1.408447074890136719e+01,4.968890309333801270e+01
-3.755899369716644287e-01,-4.173478484153747559e-01,-1.408599758148193359e+01,4.969398498535156250e+01
-3.755144774913787842e-01,-4.172732234001159668e-01,-1.408758163452148438e+01,4.969903206825256348e+01
-3.752018511295318604e-01,-4.171948730945587158e-01,-1.408902549743652344e+01,4.970393800735473633e+01
-3.749623596668243408e-01,-4.171402156352996826e-01,-1.409054946899414062e+01,4.970900201797485352e+01
-3.755743503570556641e-01,-4.172202050685882568e-01,-1.409107685089111328e+01,4.971394515037536621e+01
-3.756101429462432861e-01,-4.174184501171112061e-01,-1.409251499176025391e+01,4.971913504600524902e+01
-3.754405677318572998e-01,-4.174564480781555176e-01,-1.409401226043701172e+01,4.972406196594238281e+01
-3.752646148204803467e-01,-4.174881577491760254e-01,-1.409550857543945312e+01,4.972908997535705566e+01
-3.752128779888153076e-01,-4.174291789531707764e-01,-1.409697437286376953e+01,4.973408102989196777e+01
-3.751645684242248535e-01,-4.174456596374511719e-01,-1.409846115112304688e+01,4.973913407325744629e+01
-3.769381344318389893e-01,-4.187662005424499512e-01,-1.409965133666992188e+01,4.974408411979675293e+01
-3.771166503429412842e-01,-4.187906682491302490e-01,-1.410112762451171875e+01,4.974908399581909180e+01
-3.773468136787414551e-01,-4.188967943191528320e-01,-1.410255241394042969e+01,4.975397109985351562e+01
-3.776167035102844238e-01,-4.189746975898742676e-01,-1.410396862030029297e+01,4.975916695594787598e+01
-3.779059946537017822e-01,-4.190082252025604248e-01,-1.410542869567871094e+01,4.976419496536254883e+01
-3.782405257225036621e-01,-4.190744161605834961e-01,-1.410689163208007812e+01,4.976907300949096680e+01
-3.786108195781707764e-01,-4.191315174102783203e-01,-1.410837459564208984e+01,4.977408909797668457e+01
-3.784285783767700195e-01,-4.187479913234710693e-01,-1.411039352416992188e+01,4.977908015251159668e+01
-3.787001967430114746e-01,-4.186945259571075439e-01,-1.411194705963134766e+01,4.978418111801147461e+01
-3.789559304714202881e-01,-4.186781346797943115e-01,-1.411346340179443359e+01,4.978916096687316895e+01
-3.792048990726470947e-01,-4.186931252479553223e-01,-1.411498928070068359e+01,4.979441308975219727e+01
-3.789595663547515869e-01,-4.185422956943511963e-01,-1.411654281616210938e+01,4.979925704002380371e+01
-3.788733482360839844e-01,-4.184437394142150879e-01,-1.411807918548583984e+01,4.980418300628662109e+01
-3.783999383449554443e-01,-4.193472862243652344e-01,-1.411948108673095703e+01,4.980920815467834473e+01
-3.782003819942474365e-01,-4.196291565895080566e-01,-1.412093162536621094e+01,4.981418108940124512e+01
-3.778098523616790771e-01,-4.198171794414520264e-01,-1.412239933013916016e+01,4.981925606727600098e+01
-3.773622214794158936e-01,-4.200315475463867188e-01,-1.412385559082031250e+01,4.982418608665466309e+01
-3.772099316120147705e-01,-4.202021658420562744e-01,-1.412524127960205078e+01,4.982932114601135254e+01
-3.769314587116241455e-01,-4.204416275024414062e-01,-1.412662506103515625e+01,4.983419704437255859e+01
-3.766872286796569824e-01,-4.206986129283905029e-01,-1.412797832489013672e+01,4.983929014205932617e+01
-3.789423108100891113e-01,-4.205843508243560791e-01,-1.412954139709472656e+01,4.984411311149597168e+01
-3.790519535541534424e-01,-4.209172427654266357e-01,-1.413085269927978516e+01,4.984923696517944336e+01
-3.791876435279846191e-01,-4.212913513183593750e-01,-1.413212680816650391e+01,4.985423111915588379e+01
-3.789840936660766602e-01,-4.210732579231262207e-01,-1.413379573822021484e+01,4.985948014259338379e+01
-3.790496885776519775e-01,-4.214041531085968018e-01,-1.413520431518554688e+01,4.986435413360595703e+01
-3.791180551052093506e-01,-4.217462241649627686e-01,-1.413665008544921875e+01,4.987433099746704102e+01
-3.791872560977935791e-01,-4.220474958419799805e-01,-1.413815307617187500e+01,4.987515497207641602e+01
-3.781425356864929199e-01,-4.195882380008697510e-01,-1.414001464843750000e+01,4.987941098213195801e+01
-3.781159520149230957e-01,-4.194845259189605713e-01,-1.414155673980712891e+01,4.988428807258605957e+01
-3.780754506587982178e-01,-4.193531870841979980e-01,-1.414311122894287109e+01,4.988933706283569336e+01
-3.782264888286590576e-01,-4.191684722900390625e-01,-1.414453220367431641e+01,4.989449405670166016e+01
-3.783084750175476074e-01,-4.190027415752410889e-01,-1.414602088928222656e+01,4.989927911758422852e+01
-3.784268796443939209e-01,-4.188177585601806641e-01,-1.414751052856445312e+01,4.990426898002624512e+01
-3.784991204738616943e-01,-4.187715053558349609e-01,-1.414903354644775391e+01,4.990931892395019531e+01
-3.792036175727844238e-01,-4.205401241779327393e-01,-1.414844799041748047e+01,4.991417503356933594e+01
-3.793198168277740479e-01,-4.207342565059661865e-01,-1.414974498748779297e+01,4.991938996315002441e+01
-3.790122568607330322e-01,-4.206850826740264893e-01,-1.415102481842041016e+01,4.992436099052429199e+01
-3.788658678531646729e-01,-4.207732081413269043e-01,-1.415231800079345703e+01,4.992953300476074219e+01
-3.786539733409881592e-01,-4.208539426326751709e-01,-1.415361690521240234e+01,4.993439602851867676e+01
-3.785689175128936768e-01,-4.209735989570617676e-01,-1.415500354766845703e+01,4.993939995765686035e+01
-3.787529170513153076e-01,-4.203237891197204590e-01,-1.415750789642333984e+01,4.994439196586608887e+01
-3.785885572433471680e-01,-4.202460348606109619e-01,-1.415899753570556641e+01,4.994936394691467285e+01
-3.785470128059387207e-01,-4.202027320861816406e-01,-1.416039752960205078e+01,4.995447015762329102e+01
-3.784597516059875488e-01,-4.200995862483978271e-01,-1.416186809539794922e+01,4.995959806442260742e+01
-3.783809840679168701e-01,-4.200024306774139404e-01,-1.416333675384521484e+01,4.996453809738159180e+01
-3.783119916915893555e-01,-4.199270904064178467e-01,-1.416479492187500000e+01,4.996942996978759766e+01
-3.782854378223419189e-01,-4.198864102363586426e-01,-1.416607475280761719e+01,4.997441697120666504e+01
-3.804039955139160156e-01,-4.223888516426086426e-01,-1.416792106628417969e+01,4.997949314117431641e+01
-3.805771172046661377e-01,-4.226585626602172852e-01,-1.416920280456542969e+01,4.998454403877258301e+01
-3.805655241012573242e-01,-4.226644933223724365e-01,-1.417041683197021484e+01,4.998953509330749512e+01
-3.806545734405517578e-01,-4.228273928165435791e-01,-1.417160892486572266e+01,4.999472308158874512e+01
-3.807403147220611572e-01,-4.230108857154846191e-01,-1.417276763916015625e+01,4.999953794479370117e+01
-3.808304369449615479e-01,-4.232568442821502686e-01,-1.417410373687744141e+01,5.000451302528381348e+01
-3.793727159500122070e-01,-4.210088551044464111e-01,-1.417520046234130859e+01,5.000953602790832520e+01
-3.793047964572906494e-01,-4.209797084331512451e-01,-1.417650222778320312e+01,5.001448392868041992e+01
-3.792743980884552002e-01,-4.210245907306671143e-01,-1.417792701721191406e+01,5.001953411102294922e+01
-3.792328834533691406e-01,-4.210466444492340088e-01,-1.417934322357177734e+01,5.002447414398193359e+01
-3.791898488998413086e-01,-4.210665225982666016e-01,-1.418079471588134766e+01,5.002966308593750000e+01
-3.791657984256744385e-01,-4.209778904914855957e-01,-1.418223953247070312e+01,5.003451204299926758e+01
-3.791436254978179932e-01,-4.209214150905609131e-01,-1.418373394012451172e+01,5.003954410552978516e+01
-3.797051012516021729e-01,-4.208024740219116211e-01,-1.418521785736083984e+01,5.004452800750732422e+01
-3.797885477542877197e-01,-4.207545816898345947e-01,-1.418676185607910156e+01,5.004967403411865234e+01
-3.800273835659027100e-01,-4.209774136543273926e-01,-1.418824577331542969e+01,5.005460500717163086e+01
-3.802046775817871094e-01,-4.210228025913238525e-01,-1.418980503082275391e+01,5.005980706214904785e+01
-3.804089128971099854e-01,-4.210761785507202148e-01,-1.419137763977050781e+01,5.006460809707641602e+01
-3.805433511734008789e-01,-4.209518134593963623e-01,-1.419281959533691406e+01,5.006977605819702148e+01
-3.807222545146942139e-01,-4.209154248237609863e-01,-1.419430065155029297e+01,5.007464909553527832e+01
-3.804661929607391357e-01,-4.215891063213348389e-01,-1.419594764709472656e+01,5.007972311973571777e+01
-3.805029392242431641e-01,-4.219208359718322754e-01,-1.419718933105468750e+01,5.008465409278869629e+01
-3.805697560310363770e-01,-4.220828711986541748e-01,-1.419846820831298828e+01,5.008967208862304688e+01
-3.806328773498535156e-01,-4.222902357578277588e-01,-1.419971466064453125e+01,5.009488892555236816e+01
-3.807449638843536377e-01,-4.222972989082336426e-01,-1.420099639892578125e+01,5.009966301918029785e+01
-3.808363080024719238e-01,-4.223950207233428955e-01,-1.420221805572509766e+01,5.010455298423767090e+01
-3.813984692096710205e-01,-4.217484891414642334e-01,-1.420440196990966797e+01,5.010966014862060547e+01
-3.814913630485534668e-01,-4.217939078807830811e-01,-1.420594120025634766e+01,5.011458706855773926e+01
-3.816136121749877930e-01,-4.217985868453979492e-01,-1.420736026763916016e+01,5.011981296539306641e+01
-3.817441463470458984e-01,-4.217826724052429199e-01,-1.420884037017822266e+01,5.012464404106140137e+01
-3.818756639957427979e-01,-4.216896593570709229e-01,-1.421042346954345703e+01,5.012999415397644043e+01
-3.819948434829711914e-01,-4.215590655803680420e-01,-1.421201896667480469e+01,5.013460302352905273e+01
-3.821144998073577881e-01,-4.213719069957733154e-01,-1.421368217468261719e+01,5.013976812362670898e+01
-3.825448751449584961e-01,-4.217608869075775146e-01,-1.421536731719970703e+01,5.014474606513977051e+01
-3.827543556690216064e-01,-4.217607975006103516e-01,-1.421709537506103516e+01,5.014976501464843750e+01
-3.829375505447387695e-01,-4.217074513435363770e-01,-1.421886539459228516e+01,5.015474414825439453e+01
-3.831205666065216064e-01,-4.216414391994476318e-01,-1.422067737579345703e+01,5.015990710258483887e+01
-3.833175599575042725e-01,-4.215752184391021729e-01,-1.422244262695312500e+01,5.016477108001708984e+01
-3.835238516330718994e-01,-4.215081036090850830e-01,-1.422427845001220703e+01,5.016980814933776855e+01
-3.837323188781738281e-01,-4.214247763156890869e-01,-1.422613906860351562e+01,5.017474699020385742e+01
-3.833442032337188721e-01,-4.227255880832672119e-01,-1.422700786590576172e+01,5.017978000640869141e+01
-3.834943771362304688e-01,-4.228627979755401611e-01,-1.422868156433105469e+01,5.018486809730529785e+01
-3.836359381675720215e-01,-4.230135679244995117e-01,-1.423034095764160156e+01,5.018989396095275879e+01
-3.838945031166076660e-01,-4.232129454612731934e-01,-1.423196887969970703e+01,5.019512796401977539e+01
-3.841247558593750000e-01,-4.233957827091217041e-01,-1.423359203338623047e+01,5.019989109039306641e+01
-3.843821287155151367e-01,-4.235880374908447266e-01,-1.423520183563232422e+01,5.020486211776733398e+01
-3.842787444591522217e-01,-4.231529533863067627e-01,-1.423759555816650391e+01,5.020998311042785645e+01
-3.843957781791687012e-01,-4.231727421283721924e-01,-1.423916721343994141e+01,5.021489000320434570e+01
-3.844697475433349609e-01,-4.231566786766052246e-01,-1.424071216583251953e+01,5.021994209289550781e+01
-3.845020234584808350e-01,-4.231029450893402100e-01,-1.424223041534423828e+01,5.022492408752441406e+01
-3.848563432693481445e-01,-4.232949018478393555e-01,-1.424380683898925781e+01,5.022994899749755859e+01
-3.850570023059844971e-01,-4.233680665493011475e-01,-1.424528884887695312e+01,5.023483800888061523e+01
-3.852860927581787109e-01,-4.234309494495391846e-01,-1.424676322937011719e+01,5.023985409736633301e+01
-3.850079178810119629e-01,-4.232316911220550537e-01,-1.424759101867675781e+01,5.024492812156677246e+01
-3.853019773960113525e-01,-4.233399033546447754e-01,-1.424902439117431641e+01,5.024997615814208984e+01
-3.856388330459594727e-01,-4.234820604324340820e-01,-1.425045394897460938e+01,5.025503802299499512e+01
-3.859512805938720703e-01,-4.234390854835510254e-01,-1.425229454040527344e+01,5.026021814346313477e+01
-3.863120675086975098e-01,-4.234147071838378906e-01,-1.425385570526123047e+01,5.026488900184631348e+01
-3.867048323154449463e-01,-4.233817756175994873e-01,-1.425545692443847656e+01,5.027331995964050293e+01
-3.871249854564666748e-01,-4.233563244342803955e-01,-1.425712299346923828e+01,5.027480602264404297e+01
-3.864932358264923096e-01,-4.245472848415374756e-01,-1.425935554504394531e+01,5.027987003326416016e+01
-3.868260085582733154e-01,-4.247204661369323730e-01,-1.426101684570312500e+01,5.028497910499572754e+01
-3.870036303997039795e-01,-4.249199926853179932e-01,-1.426257705688476562e+01,5.029041814804077148e+01
-3.872686326503753662e-01,-4.251013100147247314e-01,-1.426420116424560547e+01,5.029519009590148926e+01
-3.875266611576080322e-01,-4.252930581569671631e-01,-1.426582241058349609e+01,5.030014395713806152e+01
-3.877771496772766113e-01,-4.254903197288513184e-01,-1.426745033264160156e+01,5.030498099327087402e+01
-3.866984844207763672e-01,-4.234901666641235352e-01,-1.426856136322021484e+01,5.030998301506042480e+01
-3.869619667530059814e-01,-4.235161542892456055e-01,-1.427023124694824219e+01,5.031502294540405273e+01
-3.872363269329071045e-01,-4.235452413558959961e-01,-1.427191257476806641e+01,5.032027101516723633e+01
-3.875656127929687500e-01,-4.236044883728027344e-01,-1.427356719970703125e+01,5.032510614395141602e+01
-3.878795504570007324e-01,-4.236501753330230713e-01,-1.427524852752685547e+01,5.033019804954528809e+01
-3.882086575031280518e-01,-4.237069785594940186e-01,-1.427693939208984375e+01,5.033511805534362793e+01
-3.883960545063018799e-01,-4.237553477287292480e-01,-1.427860069274902344e+01,5.034023594856262207e+01
-3.877597451210021973e-01,-4.238646328449249268e-01,-1.428024482727050781e+01,5.034519410133361816e+01
-3.878471851348876953e-01,-4.238857924938201904e-01,-1.428188419342041016e+01,5.035013198852539062e+01
-3.879101872444152832e-01,-4.239528477191925049e-01,-1.428341674804687500e+01,5.035520195960998535e+01
-3.879412412643432617e-01,-4.239772558212280273e-01,-1.428498268127441406e+01,5.036037492752075195e+01
-3.879360258579254150e-01,-4.240238070487976074e-01,-1.428651237487792969e+01,5.036528515815734863e+01
-3.879215717315673828e-01,-4.240409135818481445e-01,-1.428798007965087891e+01,5.037027502059936523e+01
-3.878767788410186768e-01,-4.240586459636688232e-01,-1.428943920135498047e+01,5.037524604797363281e+01
-3.886624872684478760e-01,-4.243695735931396484e-01,-1.429147624969482422e+01,5.038029408454895020e+01
-3.887496292591094971e-01,-4.244791865348815918e-01,-1.429302978515625000e+01,5.038517498970031738e+01
-3.887814283370971680e-01,-4.245533645153045654e-01,-1.429452323913574219e+01,5.039015698432922363e+01
-3.888218700885772705e-01,-4.246075153350830078e-01,-1.429604530334472656e+01,5.039532208442687988e+01
-3.888619542121887207e-01,-4.246418178081512451e-01,-1.429758548736572266e+01,5.040025305747985840e+01
-3.891465365886688232e-01,-4.247391819953918457e-01,-1.429926872253417969e+01,5.040521311759948730e+01
-3.890081048011779785e-01,-4.241771399974822998e-01,-1.430131340026855469e+01,5.041022396087646484e+01
-3.892941772937774658e-01,-4.241460561752319336e-01,-1.430304050445556641e+01,5.041527509689331055e+01
-3.897313177585601807e-01,-4.244130253791809082e-01,-1.430437946319580078e+01,5.042024111747741699e+01
-3.901738822460174561e-01,-4.245161414146423340e-01,-1.430595588684082031e+01,5.042529201507568359e+01
-3.906827270984649658e-01,-4.246356785297393799e-01,-1.430751037597656250e+01,5.043023014068603516e+01
-3.908213675022125244e-01,-4.242540299892425537e-01,-1.430888843536376953e+01,5.043530702590942383e+01
-3.911037743091583252e-01,-4.241783320903778076e-01,-1.431026363372802734e+01,5.044023609161376953e+01
-3.893100917339324951e-01,-4.242026507854461670e-01,-1.431083679199218750e+01,5.044526696205139160e+01
-3.898091018199920654e-01,-4.244886636734008789e-01,-1.431242942810058594e+01,5.045041799545288086e+01
-3.900609910488128662e-01,-4.246016144752502441e-01,-1.431379985809326172e+01,5.045531392097473145e+01
-3.903610110282897949e-01,-4.247653782367706299e-01,-1.431518459320068359e+01,5.046061611175537109e+01
-3.903045058250427246e-01,-4.248734414577484131e-01,-1.431657600402832031e+01,5.046528506278991699e+01
-3.903278410434722900e-01,-4.249148070812225342e-01,-1.431799125671386719e+01,5.047043395042419434e+01
-3.882108330726623535e-01,-4.246346354484558105e-01,-1.431926631927490234e+01,5.047543215751647949e+01
-3.877104520797729492e-01,-4.244469106197357178e-01,-1.432060241699218750e+01,5.048040103912353516e+01
-3.877391219139099121e-01,-4.245938658714294434e-01,-1.432198524475097656e+01,5.048539304733276367e+01
-3.874247372150421143e-01,-4.245996773242950439e-01,-1.432336330413818359e+01,5.049034500122070312e+01
-3.871202468872070312e-01,-4.246438741683959961e-01,-1.432476234436035156e+01,5.049559497833251953e+01
-3.868586122989654541e-01,-4.244927167892456055e-01,-1.432607555389404297e+01,5.050042009353637695e+01
-3.866153061389923096e-01,-4.244458675384521484e-01,-1.432742977142333984e+01,5.050538897514343262e+01
-3.912612199783325195e-01,-4.254016280174255371e-01,-1.433094501495361328e+01,5.051044392585754395e+01
-3.910734951496124268e-01,-4.255635738372802734e-01,-1.433249282836914062e+01,5.051538896560668945e+01
-3.910582065582275391e-01,-4.256284236907958984e-01,-1.433398151397705078e+01,5.052056407928466797e+01
-3.910064697265625000e-01,-4.257232248783111572e-01,-1.433548355102539062e+01,5.052552914619445801e+01
-3.910194635391235352e-01,-4.256485998630523682e-01,-1.433689117431640625e+01,5.053055906295776367e+01
-3.909697234630584717e-01,-4.256516993045806885e-01,-1.433831977844238281e+01,5.053552293777465820e+01
-3.908956944942474365e-01,-4.256402552127838135e-01,-1.433971500396728516e+01,5.054056000709533691e+01
-3.921788632869720459e-01,-4.257115125656127930e-01,-1.434234428405761719e+01,5.054552912712097168e+01
-3.923905789852142334e-01,-4.256918132305145264e-01,-1.434380340576171875e+01,5.055052208900451660e+01
-3.926450312137603760e-01,-4.256923198699951172e-01,-1.434525871276855469e+01,5.055539298057556152e+01
-3.928136527538299561e-01,-4.257180690765380859e-01,-1.434681129455566406e+01,5.056086015701293945e+01
-3.930408656597137451e-01,-4.257062673568725586e-01,-1.434833145141601562e+01,5.056559705734252930e+01
-3.932754993438720703e-01,-4.256861805915832520e-01,-1.434986400604248047e+01,5.057062101364135742e+01
-3.921216130256652832e-01,-4.259287714958190918e-01,-1.435054969787597656e+01,5.057552409172058105e+01
-3.922035098075866699e-01,-4.260221123695373535e-01,-1.435213470458984375e+01,5.058055710792541504e+01
-3.923218250274658203e-01,-4.261282086372375488e-01,-1.435368824005126953e+01,5.058567404747009277e+01
-3.924162089824676514e-01,-4.262296855449676514e-01,-1.435524940490722656e+01,5.059072208404541016e+01
-3.925366103649139404e-01,-4.262510240077972412e-01,-1.435682010650634766e+01,5.059580397605895996e+01
-3.926523029804229736e-01,-4.263146519660949707e-01,-1.435842418670654297e+01,5.060067510604858398e+01
-3.927812576293945312e-01,-4.263789355754852295e-01,-1.436006355285644531e+01,5.060565114021301270e+01
-3.928646743297576904e-01,-4.266124069690704346e-01,-1.436197853088378906e+01,5.061063599586486816e+01
-3.929788172245025635e-01,-4.268090426921844482e-01,-1.436356544494628906e+01,5.061548113822937012e+01
-3.930986523628234863e-01,-4.270331859588623047e-01,-1.436516571044921875e+01,5.062069606781005859e+01
-3.934325873851776123e-01,-4.268471598625183105e-01,-1.436650848388671875e+01,5.062579202651977539e+01
-3.936744630336761475e-01,-4.269483983516693115e-01,-1.436811065673828125e+01,5.063069915771484375e+01
-3.939303159713745117e-01,-4.270609617233276367e-01,-1.436969089508056641e+01,5.063567805290222168e+01
-3.941084146499633789e-01,-4.271778464317321777e-01,-1.437117576599121094e+01,5.064069414138793945e+01
-3.942102491855621338e-01,-4.274358749389648438e-01,-1.437390708923339844e+01,5.064567112922668457e+01
-3.943993151187896729e-01,-4.275512099266052246e-01,-1.437539672851562500e+01,5.065080499649047852e+01
-3.945727348327636719e-01,-4.276554584503173828e-01,-1.437683773040771484e+01,5.065565395355224609e+01
-3.946303427219390869e-01,-4.279198348522186279e-01,-1.437825679779052734e+01,5.066082906723022461e+01
-3.947289884090423584e-01,-4.281105101108551025e-01,-1.437964820861816406e+01,5.066668701171875000e+01
-3.948017060756683350e-01,-4.283056855201721191e-01,-1.438101291656494141e+01,5.067211294174194336e+01
-3.945908546447753906e-01,-4.274859130382537842e-01,-1.438338375091552734e+01,5.067576408386230469e+01
-3.946613371372222900e-01,-4.275595545768737793e-01,-1.438489913940429688e+01,5.068100500106811523e+01
-3.947210609912872314e-01,-4.276345372200012207e-01,-1.438641357421875000e+01,5.068600606918334961e+01
-3.948180079460144043e-01,-4.277752637863159180e-01,-1.438801860809326172e+01,5.069082903861999512e+01
-3.948854207992553711e-01,-4.278570115566253662e-01,-1.438959312438964844e+01,5.069641804695129395e+01
-3.949547111988067627e-01,-4.279419779777526855e-01,-1.439118385314941406e+01,5.070087599754333496e+01
-3.950083851814270020e-01,-4.279416501522064209e-01,-1.439270973205566406e+01,5.070628404617309570e+01
-3.943043947219848633e-01,-4.269975125789642334e-01,-1.439341259002685547e+01,5.071081805229187012e+01
-3.942573666572570801e-01,-4.269855916500091553e-01,-1.439486408233642578e+01,5.071633505821228027e+01
-3.942195475101470947e-01,-4.270804822444915771e-01,-1.439645481109619141e+01,5.072086310386657715e+01
-3.941798508167266846e-01,-4.271270036697387695e-01,-1.439800548553466797e+01,5.072664308547973633e+01
-3.941349685192108154e-01,-4.271697700023651123e-01,-1.439959335327148438e+01,5.073107314109802246e+01
-3.941085040569305420e-01,-4.272333085536956787e-01,-1.440128612518310547e+01,5.073647403717041016e+01
-3.940792381763458252e-01,-4.272974133491516113e-01,-1.440298843383789062e+01,5.074093508720397949e+01
-3.957061469554901123e-01,-4.276823699474334717e-01,-1.440588951110839844e+01,5.074579596519470215e+01
-3.957814276218414307e-01,-4.277317523956298828e-01,-1.440771484375000000e+01,5.075086212158203125e+01
-3.960177004337310791e-01,-4.277824163436889648e-01,-1.440930938720703125e+01,5.075655913352966309e+01
-3.962386846542358398e-01,-4.278493821620941162e-01,-1.441109657287597656e+01,5.076102399826049805e+01
-3.964600861072540283e-01,-4.278877377510070801e-01,-1.441286468505859375e+01,5.076653409004211426e+01
-3.966169059276580811e-01,-4.278723597526550293e-01,-1.441429424285888672e+01,5.077081799507141113e+01
-3.967615365982055664e-01,-4.287413954734802246e-01,-1.441526222229003906e+01,5.077652502059936523e+01
-3.969381153583526611e-01,-4.288420379161834717e-01,-1.441650009155273438e+01,5.078076314926147461e+01
-3.971381187438964844e-01,-4.291826784610748291e-01,-1.441796970367431641e+01,5.078663206100463867e+01
-3.973303735256195068e-01,-4.294151365756988525e-01,-1.441922473907470703e+01,5.079081892967224121e+01
-3.975299596786499023e-01,-4.296970665454864502e-01,-1.442044448852539062e+01,5.079661703109741211e+01
-3.976496756076812744e-01,-4.299445152282714844e-01,-1.442180633544921875e+01,5.080097293853759766e+01
-3.977872431278228760e-01,-4.301343858242034912e-01,-1.442311382293701172e+01,5.080637097358703613e+01
-3.971474170684814453e-01,-4.284753203392028809e-01,-1.442572975158691406e+01,5.081112504005432129e+01
-3.973626494407653809e-01,-4.284504950046539307e-01,-1.442735099792480469e+01,5.081636905670166016e+01
-3.974989652633666992e-01,-4.284385442733764648e-01,-1.442894840240478516e+01,5.082106304168701172e+01
-3.976520001888275146e-01,-4.284179806709289551e-01,-1.443060111999511719e+01,5.082640314102172852e+01
-3.978240191936492920e-01,-4.283957481384277344e-01,-1.443230819702148438e+01,5.083106613159179688e+01
-3.981468677520751953e-01,-4.284027218818664551e-01,-1.443433380126953125e+01,5.083594298362731934e+01
-3.984480202198028564e-01,-4.283274710178375244e-01,-1.443640995025634766e+01,5.084094905853271484e+01
-3.988504111766815186e-01,-4.280605018138885498e-01,-1.443757915496826172e+01,5.084595012664794922e+01
-3.984234631061553955e-01,-4.280643761157989502e-01,-1.443931961059570312e+01,5.085116696357727051e+01
-3.983477056026458740e-01,-4.280334711074829102e-01,-1.444130325317382812e+01,5.085620093345642090e+01
-3.981911838054656982e-01,-4.279730319976806641e-01,-1.444331264495849609e+01,5.086121106147766113e+01
-3.979910016059875488e-01,-4.276742339134216309e-01,-1.444491863250732422e+01,5.086656904220581055e+01
-3.976676166057586670e-01,-4.274459183216094971e-01,-1.444665050506591797e+01,5.087116408348083496e+01
-3.977634608745574951e-01,-4.286670386791229248e-01,-1.444606876373291016e+01,5.087650203704833984e+01
-3.978278636932373047e-01,-4.291303455829620361e-01,-1.444733333587646484e+01,5.088117313385009766e+01
-3.975742161273956299e-01,-4.292941689491271973e-01,-1.444845294952392578e+01,5.088666796684265137e+01
-3.973436951637268066e-01,-4.295681118965148926e-01,-1.444949531555175781e+01,5.089109802246093750e+01
-3.971606492996215820e-01,-4.298176467418670654e-01,-1.445046997070312500e+01,5.089652299880981445e+01
-3.969884216785430908e-01,-4.300539195537567139e-01,-1.445137500762939453e+01,5.090108394622802734e+01
-3.968383669853210449e-01,-4.302667379379272461e-01,-1.445221138000488281e+01,5.090646505355834961e+01
-3.983201682567596436e-01,-4.308160245418548584e-01,-1.445582008361816406e+01,5.091152215003967285e+01
-3.984437882900238037e-01,-4.310749769210815430e-01,-1.445712184906005859e+01,5.091652512550354004e+01
-3.986231088638305664e-01,-4.313277900218963623e-01,-1.445847225189208984e+01,5.092128515243530273e+01
-3.988519906997680664e-01,-4.316112995147705078e-01,-1.445986175537109375e+01,5.092649292945861816e+01
-3.989849090576171875e-01,-4.318422973155975342e-01,-1.446146392822265625e+01,5.093139505386352539e+01
-3.992156088352203369e-01,-4.320206046104431152e-01,-1.446306705474853516e+01,5.093682813644409180e+01
-3.994698226451873779e-01,-4.321841001510620117e-01,-1.446476078033447266e+01,5.094133710861206055e+01
-3.988766074180603027e-01,-4.286794364452362061e-01,-1.446599769592285156e+01,5.094698715209960938e+01
-3.989427983760833740e-01,-4.285856187343597412e-01,-1.446777153015136719e+01,5.095137000083923340e+01
-3.989804387092590332e-01,-4.284699559211730957e-01,-1.446959018707275391e+01,5.095683097839355469e+01
-3.990847468376159668e-01,-4.283516108989715576e-01,-1.447117996215820312e+01,5.096166396141052246e+01
-3.991513550281524658e-01,-4.282262325286865234e-01,-1.447288703918457031e+01,5.096710515022277832e+01
-3.992208838462829590e-01,-4.281028509140014648e-01,-1.447457981109619141e+01,5.097132611274719238e+01
-3.992961049079895020e-01,-4.286083579063415527e-01,-1.447554683685302734e+01,5.097695994377136230e+01
-3.993474245071411133e-01,-4.284580647945404053e-01,-1.447709560394287109e+01,5.098134613037109375e+01
-3.994106948375701904e-01,-4.282874166965484619e-01,-1.447864055633544922e+01,5.098705601692199707e+01
-3.996986746788024902e-01,-4.288085699081420898e-01,-1.447974014282226562e+01,5.099142408370971680e+01
-3.998545706272125244e-01,-4.288246035575866699e-01,-1.448111438751220703e+01,5.099668097496032715e+01
-4.000353217124938965e-01,-4.289090037345886230e-01,-1.448242950439453125e+01,5.100147914886474609e+01
-4.002387821674346924e-01,-4.290571510791778564e-01,-1.448369598388671875e+01,5.100668907165527344e+01
-3.997885584831237793e-01,-4.320294260978698730e-01,-1.448617839813232422e+01,5.101138401031494141e+01
-3.997421562671661377e-01,-4.321408867835998535e-01,-1.448752021789550781e+01,5.101670098304748535e+01
-3.996665477752685547e-01,-4.322520196437835693e-01,-1.448884963989257812e+01,5.102147197723388672e+01
-3.995670974254608154e-01,-4.324232935905456543e-01,-1.449019908905029297e+01,5.102669906616210938e+01
-3.994442224502563477e-01,-4.325749278068542480e-01,-1.449153709411621094e+01,5.103148198127746582e+01
-3.992955982685089111e-01,-4.327429831027984619e-01,-1.449288177490234375e+01,5.103664207458496094e+01
-3.992927968502044678e-01,-4.328949451446533203e-01,-1.449440097808837891e+01,5.104143810272216797e+01
-4.001350402832031250e-01,-4.300417602062225342e-01,-1.449497413635253906e+01,5.104672312736511230e+01
-4.002002775669097900e-01,-4.298800528049468994e-01,-1.449641990661621094e+01,5.105152511596679688e+01
-4.002293348312377930e-01,-4.298767149448394775e-01,-1.449803924560546875e+01,5.105673408508300781e+01
-4.003006219863891602e-01,-4.298177063465118408e-01,-1.449965763092041016e+01,5.106172513961791992e+01
-4.003838002681732178e-01,-4.297891259193420410e-01,-1.450134372711181641e+01,5.106728601455688477e+01
-4.003019332885742188e-01,-4.296056330204010010e-01,-1.450297546386718750e+01,5.107329797744750977e+01
-4.000590443611145020e-01,-4.302938282489776611e-01,-1.450447845458984375e+01,5.107675814628601074e+01
-3.999024033546447754e-01,-4.301718473434448242e-01,-1.450616741180419922e+01,5.108150196075439453e+01
-3.997055888175964355e-01,-4.300182461738586426e-01,-1.450789070129394531e+01,5.108666205406188965e+01
-3.996376097202301025e-01,-4.303964078426361084e-01,-1.450916194915771484e+01,5.109150314331054688e+01
-3.994541764259338379e-01,-4.304555356502532959e-01,-1.451066970825195312e+01,5.109665799140930176e+01
-3.992450237274169922e-01,-4.305244088172912598e-01,-1.451214218139648438e+01,5.110160708427429199e+01
-3.990801572799682617e-01,-4.304279088973999023e-01,-1.451354885101318359e+01,5.110675811767578125e+01
-3.998016119003295898e-01,-4.317623078823089600e-01,-1.451483535766601562e+01,5.111160111427307129e+01
-3.996827304363250732e-01,-4.318946301937103271e-01,-1.451597976684570312e+01,5.111672115325927734e+01
-3.995757102966308594e-01,-4.319742619991302490e-01,-1.451737880706787109e+01,5.112171792984008789e+01
-3.994627594947814941e-01,-4.321018755435943604e-01,-1.451861095428466797e+01,5.112700700759887695e+01
-3.993480503559112549e-01,-4.322293400764465332e-01,-1.451982784271240234e+01,5.113176298141479492e+01
-3.993355333805084229e-01,-4.322991371154785156e-01,-1.452116012573242188e+01,5.113669800758361816e+01
-3.993110358715057373e-01,-4.323781728744506836e-01,-1.452246570587158203e+01,5.114165306091308594e+01
-3.993832767009735107e-01,-4.314180612564086914e-01,-1.452505874633789062e+01,5.114667010307312012e+01
-3.995613753795623779e-01,-4.315127432346343994e-01,-1.452669620513916016e+01,5.115171003341674805e+01
-3.997193872928619385e-01,-4.315913021564483643e-01,-1.452831649780273438e+01,5.115684795379638672e+01
-3.999353349208831787e-01,-4.316879212856292725e-01,-1.452998256683349609e+01,5.116198396682739258e+01
-3.999472260475158691e-01,-4.317428767681121826e-01,-1.453160953521728516e+01,5.116697311401367188e+01
-4.000456631183624268e-01,-4.318118393421173096e-01,-1.453330326080322266e+01,5.117168807983398438e+01
-3.994946777820587158e-01,-4.308678507804870605e-01,-1.453415489196777344e+01,5.117682409286499023e+01
-3.993786573410034180e-01,-4.308440685272216797e-01,-1.453581047058105469e+01,5.118172192573547363e+01
-3.992235660552978516e-01,-4.308439791202545166e-01,-1.453719139099121094e+01,5.118687701225280762e+01
-3.990352451801300049e-01,-4.308153986930847168e-01,-1.453870105743408203e+01,5.119184303283691406e+01
-3.988384306430816650e-01,-4.308114647865295410e-01,-1.454019927978515625e+01,5.119686913490295410e+01
-3.985906839370727539e-01,-4.308305084705352783e-01,-1.454149055480957031e+01,5.120205092430114746e+01
-3.983323276042938232e-01,-4.308884143829345703e-01,-1.454280567169189453e+01,5.120688104629516602e+01
-4.005371630191802979e-01,-4.324014186859130859e-01,-1.454476642608642578e+01,5.121181702613830566e+01
-4.004852175712585449e-01,-4.325715005397796631e-01,-1.454595851898193359e+01,5.121671509742736816e+01
-4.003557860851287842e-01,-4.327590763568878174e-01,-1.454706668853759766e+01,5.122177910804748535e+01
-4.002137482166290283e-01,-4.329498410224914551e-01,-1.454810619354248047e+01,5.122686195373535156e+01
-4.000177979469299316e-01,-4.331489205360412598e-01,-1.454931163787841797e+01,5.123177814483642578e+01
-3.998131752014160156e-01,-4.333766102790832520e-01,-1.455042457580566406e+01,5.123701214790344238e+01
-3.995822668075561523e-01,-4.336177408695220947e-01,-1.455153465270996094e+01,5.124218893051147461e+01
-4.003567099571228027e-01,-4.326998293399810791e-01,-1.455495643615722656e+01,5.124694514274597168e+01
-4.001532495021820068e-01,-4.328260719776153564e-01,-1.455646324157714844e+01,5.125193500518798828e+01
-3.999418914318084717e-01,-4.329161942005157471e-01,-1.455805778503417969e+01,5.125691294670104980e+01
-3.997187018394470215e-01,-4.329538047313690186e-01,-1.455974578857421875e+01,5.126204705238342285e+01
-3.996245563030242920e-01,-4.330793917179107666e-01,-1.456150245666503906e+01,5.126687312126159668e+01
-3.994581699371337891e-01,-4.331771433353424072e-01,-1.456332302093505859e+01,5.127191305160522461e+01
-3.998297750949859619e-01,-4.305079579353332520e-01,-1.456427097320556641e+01,5.127689504623413086e+01
-4.000913500785827637e-01,-4.303932189941406250e-01,-1.456590557098388672e+01,5.128190398216247559e+01
-4.002303481101989746e-01,-4.302449226379394531e-01,-1.456776428222656250e+01,5.128685402870178223e+01
-4.004303216934204102e-01,-4.300996065139770508e-01,-1.456966114044189453e+01,5.129184699058532715e+01
-4.004339575767517090e-01,-4.299701154232025146e-01,-1.457127475738525391e+01,5.129707312583923340e+01
-4.005475938320159912e-01,-4.298292696475982666e-01,-1.457296466827392578e+01,5.130193209648132324e+01
-4.006493091583251953e-01,-4.296957850456237793e-01,-1.457459449768066406e+01,5.130684614181518555e+01
-3.999149799346923828e-01,-4.310359954833984375e-01,-1.457400703430175781e+01,5.131193995475769043e+01
-3.999192416667938232e-01,-4.311962425708770752e-01,-1.457524871826171875e+01,5.131702494621276855e+01
-3.999399840831756592e-01,-4.313916563987731934e-01,-1.457646179199218750e+01,5.132207107543945312e+01
-4.000022411346435547e-01,-4.314151704311370850e-01,-1.457777690887451172e+01,5.132720613479614258e+01
-4.000648856163024902e-01,-4.314697384834289551e-01,-1.457903766632080078e+01,5.133194112777709961e+01
-4.001223146915435791e-01,-4.315464794635772705e-01,-1.458024597167968750e+01,5.133713102340698242e+01
-4.000774621963500977e-01,-4.315539002418518066e-01,-1.458142852783203125e+01,5.134217905998229980e+01
-4.003428518772125244e-01,-4.312338232994079590e-01,-1.458536338806152344e+01,5.134711599349975586e+01
-4.002691507339477539e-01,-4.309542775154113770e-01,-1.458674621582031250e+01,5.135207414627075195e+01
-4.001781046390533447e-01,-4.306471347808837891e-01,-1.458812141418457031e+01,5.135703396797180176e+01
-4.003480970859527588e-01,-4.306781291961669922e-01,-1.458971214294433594e+01,5.136218214035034180e+01
-4.003865122795104980e-01,-4.305048584938049316e-01,-1.459120941162109375e+01,5.136713004112243652e+01
-4.004414081573486328e-01,-4.303351640701293945e-01,-1.459272670745849609e+01,5.137205815315246582e+01
-4.010540843009948730e-01,-4.322216510772705078e-01,-1.459438228607177734e+01,5.137714695930480957e+01
-4.009715616703033447e-01,-4.322469234466552734e-01,-1.459606170654296875e+01,5.138205599784851074e+01
-4.008469581604003906e-01,-4.322726726531982422e-01,-1.459779453277587891e+01,5.138718199729919434e+01
-4.008348882198333740e-01,-4.323047101497650146e-01,-1.459945774078369141e+01,5.139217400550842285e+01
-4.007274806499481201e-01,-4.323382377624511719e-01,-1.460123157501220703e+01,5.139728498458862305e+01
-4.006083011627197266e-01,-4.324010908603668213e-01,-1.460303115844726562e+01,5.140215706825256348e+01
-4.004147350788116455e-01,-4.324935674667358398e-01,-1.460454750061035156e+01,5.140730094909667969e+01
-4.004495739936828613e-01,-4.316950440406799316e-01,-1.460465812683105469e+01,5.141216897964477539e+01
-4.002086520195007324e-01,-4.315911531448364258e-01,-1.460599613189697266e+01,5.141720700263977051e+01
-4.002351760864257812e-01,-4.316145479679107666e-01,-1.460713672637939453e+01,5.142223310470581055e+01
-4.001290798187255859e-01,-4.315658509731292725e-01,-1.460827732086181641e+01,5.142746615409851074e+01
-4.000581502914428711e-01,-4.314526319503784180e-01,-1.460935401916503906e+01,5.143230009078979492e+01
-4.000160396099090576e-01,-4.313206076622009277e-01,-1.461037445068359375e+01,5.143717193603515625e+01
-4.018569588661193848e-01,-4.329805970191955566e-01,-1.461601257324218750e+01,5.144218111038208008e+01
-4.021293520927429199e-01,-4.330654740333557129e-01,-1.461756610870361328e+01,5.144719409942626953e+01
-4.024648964405059814e-01,-4.331828951835632324e-01,-1.461911392211914062e+01,5.145230698585510254e+01
-4.026759564876556396e-01,-4.332054257392883301e-01,-1.462075233459472656e+01,5.145734715461730957e+01
-4.029807448387145996e-01,-4.332659244537353516e-01,-1.462230777740478516e+01,5.146241807937622070e+01
-4.033210575580596924e-01,-4.333217740058898926e-01,-1.462387943267822266e+01,5.146733593940734863e+01
-4.036427438259124756e-01,-4.334157109260559082e-01,-1.462563991546630859e+01,5.147229504585266113e+01
-4.027145206928253174e-01,-4.322658777236938477e-01,-1.462512397766113281e+01,5.147744011878967285e+01
-4.029546678066253662e-01,-4.323555231094360352e-01,-1.462672233581542969e+01,5.148229193687438965e+01
-4.031431078910827637e-01,-4.321961700916290283e-01,-1.462825298309326172e+01,5.148730993270874023e+01
-4.033615589141845703e-01,-4.321460127830505371e-01,-1.462988758087158203e+01,5.149268603324890137e+01
-4.035780727863311768e-01,-4.320723414421081543e-01,-1.463155841827392578e+01,5.149755907058715820e+01
-4.036812782287597656e-01,-4.321429431438446045e-01,-1.463319969177246094e+01,5.150223112106323242e+01
-4.037998616695404053e-01,-4.321305751800537109e-01,-1.463486576080322266e+01,5.150731301307678223e+01
-4.034935832023620605e-01,-4.317863881587982178e-01,-1.463611412048339844e+01,5.151229000091552734e+01
-4.034984707832336426e-01,-4.318068921566009521e-01,-1.463777828216552734e+01,5.151771092414855957e+01
-4.035511612892150879e-01,-4.318251013755798340e-01,-1.463932323455810547e+01,5.152244901657104492e+01
-4.035234153270721436e-01,-4.318470656871795654e-01,-1.464090538024902344e+01,5.152771592140197754e+01
-4.034811258316040039e-01,-4.318836629390716553e-01,-1.464247512817382812e+01,5.153244709968566895e+01
-4.034927785396575928e-01,-4.318749308586120605e-01,-1.464397048950195312e+01,5.153755402565002441e+01
-4.050533175468444824e-01,-4.333899617195129395e-01,-1.464627456665039062e+01,5.154242396354675293e+01
-4.052196145057678223e-01,-4.335677623748779297e-01,-1.464778137207031250e+01,5.154750204086303711e+01
-4.054609835147857666e-01,-4.334699511528015137e-01,-1.464934158325195312e+01,5.155242204666137695e+01
-4.056554138660430908e-01,-4.335218369960784912e-01,-1.465082359313964844e+01,5.155745506286621094e+01
-4.058659076690673828e-01,-4.335469603538513184e-01,-1.465229892730712891e+01,5.156267094612121582e+01
-4.061548709869384766e-01,-4.336217939853668213e-01,-1.465383911132812500e+01,5.156752204895019531e+01
-4.064497649669647217e-01,-4.336885809898376465e-01,-1.465535640716552734e+01,5.157239913940429688e+01
-4.053015112876892090e-01,-4.329616725444793701e-01,-1.465535545349121094e+01,5.157753014564514160e+01
-4.054121077060699463e-01,-4.330999851226806641e-01,-1.465688037872314453e+01,5.158242106437683105e+01
-4.056140780448913574e-01,-4.332984089851379395e-01,-1.465837669372558594e+01,5.158759403228759766e+01
-4.058223664760589600e-01,-4.335444271564483643e-01,-1.465988826751708984e+01,5.159255099296569824e+01
-4.058750867843627930e-01,-4.338446259498596191e-01,-1.466139221191406250e+01,5.159774804115295410e+01
-4.059415161609649658e-01,-4.341166615486145020e-01,-1.466293048858642578e+01,5.160254502296447754e+01
-4.059661030769348145e-01,-4.344292581081390381e-01,-1.466449069976806641e+01,5.160757493972778320e+01
-4.049865007400512695e-01,-4.312598407268524170e-01,-1.466616153717041016e+01,5.161257505416870117e+01
-4.053490757942199707e-01,-4.311980605125427246e-01,-1.466739940643310547e+01,5.161758112907409668e+01
-4.054398536682128906e-01,-4.311326444149017334e-01,-1.466883659362792969e+01,5.162255215644836426e+01
-4.055635035037994385e-01,-4.310627281665802002e-01,-1.467025661468505859e+01,5.162781405448913574e+01
-4.054177701473236084e-01,-4.310912191867828369e-01,-1.467160320281982422e+01,5.163257312774658203e+01
-4.053576290607452393e-01,-4.310782551765441895e-01,-1.467292690277099609e+01,5.163761997222900391e+01
-4.059054553508758545e-01,-4.323593080043792725e-01,-1.467543125152587891e+01,5.164255595207214355e+01
-4.058392047882080078e-01,-4.323416352272033691e-01,-1.467698097229003906e+01,5.164759993553161621e+01
-4.056849181652069092e-01,-4.323813915252685547e-01,-1.467839622497558594e+01,5.165270805358886719e+01
-4.055042564868927002e-01,-4.324026703834533691e-01,-1.467983627319335938e+01,5.165770101547241211e+01
-4.057930409908294678e-01,-4.324373602867126465e-01,-1.468147373199462891e+01,5.166268706321716309e+01
-4.059908688068389893e-01,-4.325257837772369385e-01,-1.468307685852050781e+01,5.166765499114990234e+01
-4.063093066215515137e-01,-4.326410591602325439e-01,-1.468474388122558594e+01,5.167264008522033691e+01
-4.074667394161224365e-01,-4.318730235099792480e-01,-1.468597412109375000e+01,5.167763996124267578e+01
-4.075190722942352295e-01,-4.318794906139373779e-01,-1.468742752075195312e+01,5.168263912200927734e+01
-4.074874818325042725e-01,-4.318204224109649658e-01,-1.468886566162109375e+01,5.168765711784362793e+01
-4.073641896247863770e-01,-4.317121505737304688e-01,-1.469027042388916016e+01,5.169276309013366699e+01
-4.081042408943176270e-01,-4.321032166481018066e-01,-1.469177627563476562e+01,5.169778895378112793e+01
-4.084464609622955322e-01,-4.322155416011810303e-01,-1.469323348999023438e+01,5.170264101028442383e+01
-4.088795185089111328e-01,-4.324076771736145020e-01,-1.469467926025390625e+01,5.170768809318542480e+01
-4.113149642944335938e-01,-4.331469535827636719e-01,-1.469757175445556641e+01,5.171263504028320312e+01
-4.122071266174316406e-01,-4.334231317043304443e-01,-1.469905662536621094e+01,5.171786093711853027e+01
-4.131985008716583252e-01,-4.337317049503326416e-01,-1.470053482055664062e+01,5.172285413742065430e+01
-4.136778116226196289e-01,-4.342379570007324219e-01,-1.470262718200683594e+01,5.172811102867126465e+01
-4.146238565444946289e-01,-4.346900284290313721e-01,-1.470432472229003906e+01,5.173283910751342773e+01
-4.156219065189361572e-01,-4.352077543735504150e-01,-1.470607757568359375e+01,5.173788595199584961e+01
-4.094834923744201660e-01,-4.329974651336669922e-01,-1.470716857910156250e+01,5.174285006523132324e+01
-4.098539054393768311e-01,-4.332828819751739502e-01,-1.470885753631591797e+01,5.174783301353454590e+01
-4.102863669395446777e-01,-4.336198568344116211e-01,-1.471057891845703125e+01,5.175290608406066895e+01
-4.097218811511993408e-01,-4.334459900856018066e-01,-1.471136760711669922e+01,5.175784111022949219e+01
-4.098292291164398193e-01,-4.336919486522674561e-01,-1.471275043487548828e+01,5.176309895515441895e+01
-4.099041223526000977e-01,-4.339512288570404053e-01,-1.471406841278076172e+01,5.176786303520202637e+01
-4.100619852542877197e-01,-4.341409504413604736e-01,-1.471549606323242188e+01,5.177296710014343262e+01
-4.100924730300903320e-01,-4.325050115585327148e-01,-1.471740722656250000e+01,5.177785801887512207e+01
-4.102532267570495605e-01,-4.323791265487670898e-01,-1.471889495849609375e+01,5.178284907341003418e+01
-4.103904366493225098e-01,-4.322276413440704346e-01,-1.472033691406250000e+01,5.178786706924438477e+01
-4.103987812995910645e-01,-4.321286082267761230e-01,-1.472177982330322266e+01,5.179314804077148438e+01
-4.104717671871185303e-01,-4.320211708545684814e-01,-1.472326755523681641e+01,5.179797697067260742e+01
-4.105310440063476562e-01,-4.319494664669036865e-01,-1.472478294372558594e+01,5.180278801918029785e+01
-4.106440842151641846e-01,-4.320347309112548828e-01,-1.472632789611816406e+01,5.180808210372924805e+01
-4.104417264461517334e-01,-4.319082498550415039e-01,-1.472808361053466797e+01,5.181296801567077637e+01
-4.104953408241271973e-01,-4.318005144596099854e-01,-1.472955513000488281e+01,5.181798005104064941e+01
-4.105926752090454102e-01,-4.317086040973663330e-01,-1.473099899291992188e+01,5.182302999496459961e+01
-4.106735885143280029e-01,-4.316128194332122803e-01,-1.473242282867431641e+01,5.182816600799560547e+01
-4.107574522495269775e-01,-4.314827024936676025e-01,-1.473381900787353516e+01,5.183303403854370117e+01
-4.107991158962249756e-01,-4.313165545463562012e-01,-1.473532676696777344e+01,5.183797907829284668e+01
-4.124717116355895996e-01,-4.332767724990844727e-01,-1.473852252960205078e+01,5.184299206733703613e+01
-4.126798510551452637e-01,-4.334072470664978027e-01,-1.474028968811035156e+01,5.184819006919860840e+01
-4.129216372966766357e-01,-4.334445297718048096e-01,-1.474204349517822266e+01,5.185301303863525391e+01
-4.131354689598083496e-01,-4.334990382194519043e-01,-1.474382400512695312e+01,5.185816311836242676e+01
-4.133752286434173584e-01,-4.335790574550628662e-01,-1.474564933776855469e+01,5.186319112777709961e+01
-4.136335253715515137e-01,-4.336909949779510498e-01,-1.474748992919921875e+01,5.186815500259399414e+01
-4.140009284019470215e-01,-4.338108897209167480e-01,-1.474935340881347656e+01,5.187350511550903320e+01
-4.134335517883300781e-01,-4.334065318107604980e-01,-1.474872207641601562e+01,5.187815499305725098e+01
-4.136990308761596680e-01,-4.335236847400665283e-01,-1.475031566619873047e+01,5.188318395614624023e+01
-4.135442674160003662e-01,-4.334850609302520752e-01,-1.475187778472900391e+01,5.188815212249755859e+01
-4.136251211166381836e-01,-4.335534572601318359e-01,-1.475348567962646484e+01,5.189324903488159180e+01
-4.136458933353424072e-01,-4.335981905460357666e-01,-1.475508785247802734e+01,5.189828300476074219e+01
-4.137000441551208496e-01,-4.337311983108520508e-01,-1.475662040710449219e+01,5.190311908721923828e+01
-4.136939346790313721e-01,-4.337995946407318115e-01,-1.475816345214843750e+01,5.190834593772888184e+01
-4.140853583812713623e-01,-4.334760606288909912e-01,-1.476095676422119141e+01,5.191302299499511719e+01
-4.144032895565032959e-01,-4.336037933826446533e-01,-1.476257801055908203e+01,5.191801404953002930e+01
-4.145862758159637451e-01,-4.336856305599212646e-01,-1.476417064666748047e+01,5.192319107055664062e+01
-4.147993326187133789e-01,-4.337887763977050781e-01,-1.476574707031250000e+01,5.192829895019531250e+01
-4.149794876575469971e-01,-4.338071942329406738e-01,-1.476715373992919922e+01,5.193323397636413574e+01
-4.152157306671142578e-01,-4.338315427303314209e-01,-1.476858901977539062e+01,5.193824410438537598e+01
-4.142768681049346924e-01,-4.335954189300537109e-01,-1.476967620849609375e+01,5.194327092170715332e+01
-4.145224690437316895e-01,-4.338603913784027100e-01,-1.477119827270507812e+01,5.194841098785400391e+01
-4.147764444351196289e-01,-4.340003430843353271e-01,-1.477261447906494141e+01,5.195326709747314453e+01
-4.150509238243103027e-01,-4.341759085655212402e-01,-1.477400588989257812e+01,5.195820593833923340e+01
-4.153501391410827637e-01,-4.343652129173278809e-01,-1.477537918090820312e+01,5.196324110031127930e+01
-4.155799150466918945e-01,-4.344893097877502441e-01,-1.477705287933349609e+01,5.196814894676208496e+01
-4.158584177494049072e-01,-4.346020221710205078e-01,-1.477862644195556641e+01,5.197323894500732422e+01
-4.154426455497741699e-01,-4.333252906799316406e-01,-1.478104591369628906e+01,5.197827911376953125e+01
-4.154420793056488037e-01,-4.333955645561218262e-01,-1.478276157379150391e+01,5.198327994346618652e+01
-4.155240356922149658e-01,-4.333858489990234375e-01,-1.478451633453369141e+01,5.198823714256286621e+01
-4.155743122100830078e-01,-4.333884418010711670e-01,-1.478631114959716797e+01,5.199347805976867676e+01
-4.156899154186248779e-01,-4.332951605319976807e-01,-1.478791713714599609e+01,5.199830913543701172e+01
-4.157524704933166504e-01,-4.332727491855621338e-01,-1.478959369659423828e+01,5.200315809249877930e+01
-4.158087968826293945e-01,-4.332456290721893311e-01,-1.479124355316162109e+01,5.200843501091003418e+01
-4.159134626388549805e-01,-4.336194097995758057e-01,-1.479214096069335938e+01,5.201338410377502441e+01
-4.159327447414398193e-01,-4.335953295230865479e-01,-1.479353713989257812e+01,5.201833796501159668e+01
-4.159245491027832031e-01,-4.335260391235351562e-01,-1.479487705230712891e+01,5.202344799041748047e+01
-4.160130918025970459e-01,-4.334723949432373047e-01,-1.479651355743408203e+01,5.202874493598937988e+01
-4.160736203193664551e-01,-4.334244430065155029e-01,-1.479804992675781250e+01,5.203341293334960938e+01
-4.161474406719207764e-01,-4.333556592464447021e-01,-1.479963588714599609e+01,5.203843092918395996e+01
-4.166654050350189209e-01,-4.346371293067932129e-01,-1.480284690856933594e+01,5.204349899291992188e+01
-4.168332815170288086e-01,-4.347745180130004883e-01,-1.480446147918701172e+01,5.204843497276306152e+01
-4.170189797878265381e-01,-4.349415004253387451e-01,-1.480620479583740234e+01,5.205346202850341797e+01
-4.172311127185821533e-01,-4.351185560226440430e-01,-1.480797767639160156e+01,5.205855894088745117e+01
-4.173111319541931152e-01,-4.350133240222930908e-01,-1.480950355529785156e+01,5.206347012519836426e+01
-4.174301624298095703e-01,-4.350114166736602783e-01,-1.481107807159423828e+01,5.206851315498352051e+01
-4.175330102443695068e-01,-4.349646866321563721e-01,-1.481259632110595703e+01,5.207346510887145996e+01
-4.179407358169555664e-01,-4.351775348186492920e-01,-1.481342506408691406e+01,5.207850503921508789e+01
-4.181579351425170898e-01,-4.353476464748382568e-01,-1.481483459472656250e+01,5.208345293998718262e+01
-4.184100925922393799e-01,-4.355367422103881836e-01,-1.481624507904052734e+01,5.208852314949035645e+01
-4.185812771320343018e-01,-4.356597363948822021e-01,-1.481774330139160156e+01,5.209360814094543457e+01
-4.187873005867004395e-01,-4.357306361198425293e-01,-1.481921958923339844e+01,5.209862613677978516e+01
-4.189928770065307617e-01,-4.357611238956451416e-01,-1.482071876525878906e+01,5.210343813896179199e+01
-4.190881848335266113e-01,-4.359187483787536621e-01,-1.482219982147216797e+01,5.210849809646606445e+01
-4.188136756420135498e-01,-4.350695013999938965e-01,-1.482481098175048828e+01,5.211343407630920410e+01
-4.188304543495178223e-01,-4.351631402969360352e-01,-1.482642650604248047e+01,5.211861205101013184e+01
-4.188281595706939697e-01,-4.352936148643493652e-01,-1.482807254791259766e+01,5.212360906600952148e+01
-4.188395440578460693e-01,-4.351812303066253662e-01,-1.482959270477294922e+01,5.212882614135742188e+01
-4.187886118888854980e-01,-4.352132678031921387e-01,-1.483118438720703125e+01,5.213360905647277832e+01
-4.187086820602416992e-01,-4.352420866489410400e-01,-1.483276653289794922e+01,5.213864111900329590e+01
-4.189225137233734131e-01,-4.353087246417999268e-01,-1.483398628234863281e+01,5.214361000061035156e+01
-4.189560115337371826e-01,-4.354830086231231689e-01,-1.483553981781005859e+01,5.214853215217590332e+01
-4.189649522304534912e-01,-4.356482923030853271e-01,-1.483706474304199219e+01,5.215361213684082031e+01
-4.190121889114379883e-01,-4.355859458446502686e-01,-1.483838558197021484e+01,5.215845394134521484e+01
-4.190407395362854004e-01,-4.356643259525299072e-01,-1.483978271484375000e+01,5.216356992721557617e+01
-4.190673828125000000e-01,-4.357289373874664307e-01,-1.484114074707031250e+01,5.216864800453186035e+01
-4.190279841423034668e-01,-4.359035193920135498e-01,-1.484247398376464844e+01,5.217343115806579590e+01
-4.185426831245422363e-01,-4.356997311115264893e-01,-1.484377956390380859e+01,5.217863798141479492e+01
-4.184567332267761230e-01,-4.358381032943725586e-01,-1.484499645233154297e+01,5.218374395370483398e+01
-4.185777902603149414e-01,-4.359008669853210449e-01,-1.484645366668701172e+01,5.218851804733276367e+01
-4.186068475246429443e-01,-4.359995424747467041e-01,-1.484778690338134766e+01,5.219374608993530273e+01
-4.186592698097229004e-01,-4.360984861850738525e-01,-1.484914016723632812e+01,5.219854593276977539e+01
-4.187189638614654541e-01,-4.361913204193115234e-01,-1.485063362121582031e+01,5.220363402366638184e+01
-4.187603294849395752e-01,-4.347624778747558594e-01,-1.485161685943603516e+01,5.220850205421447754e+01
-4.188543260097503662e-01,-4.347729980945587158e-01,-1.485307884216308594e+01,5.221367096900939941e+01
-4.189635813236236572e-01,-4.347899854183197021e-01,-1.485458755493164062e+01,5.221874308586120605e+01
-4.189797341823577881e-01,-4.348786473274230957e-01,-1.485613250732421875e+01,5.222373604774475098e+01
-4.190691709518432617e-01,-4.349401891231536865e-01,-1.485772418975830078e+01,5.222882294654846191e+01
-4.191513657569885254e-01,-4.349914789199829102e-01,-1.485935020446777344e+01,5.223355102539062500e+01
-4.192997515201568604e-01,-4.349928200244903564e-01,-1.486093235015869141e+01,5.223864197731018066e+01
-4.195177257061004639e-01,-4.349500536918640137e-01,-1.486254692077636719e+01,5.224363613128662109e+01
-4.197120070457458496e-01,-4.350301325321197510e-01,-1.486416339874267578e+01,5.224864697456359863e+01
-4.197556972503662109e-01,-4.350349903106689453e-01,-1.486542129516601562e+01,5.225373601913452148e+01
-4.198865890502929688e-01,-4.350969791412353516e-01,-1.486683845520019531e+01,5.225875806808471680e+01
-4.200123250484466553e-01,-4.351804852485656738e-01,-1.486821651458740234e+01,5.226374197006225586e+01
-4.201093018054962158e-01,-4.353452622890472412e-01,-1.486947250366210938e+01,5.226870894432067871e+01
-4.201967418193817139e-01,-4.354745447635650635e-01,-1.487068748474121094e+01,5.227374100685119629e+01
-4.205718934535980225e-01,-4.354382753372192383e-01,-1.487270355224609375e+01,5.227861714363098145e+01
-4.207214117050170898e-01,-4.355095922946929932e-01,-1.487398624420166016e+01,5.228380894660949707e+01
-4.208460152149200439e-01,-4.355446100234985352e-01,-1.487515068054199219e+01,5.228878211975097656e+01
-4.209632277488708496e-01,-4.355743527412414551e-01,-1.487626552581787109e+01,5.229394412040710449e+01
-4.210609197616577148e-01,-4.355622828006744385e-01,-1.487733840942382812e+01,5.229899811744689941e+01
-4.208741188049316406e-01,-4.356323480606079102e-01,-1.487845420837402344e+01,5.230377602577209473e+01
-4.207824766635894775e-01,-4.357163310050964355e-01,-1.487951183319091797e+01,5.230877494812011719e+01
-4.194477498531341553e-01,-4.352877736091613770e-01,-1.488037776947021484e+01,5.231378006935119629e+01
-4.194881618022918701e-01,-4.353947043418884277e-01,-1.488168430328369141e+01,5.231877398490905762e+01
-4.193153381347656250e-01,-4.354463815689086914e-01,-1.488287544250488281e+01,5.232394695281982422e+01
-4.191422462463378906e-01,-4.355087280273437500e-01,-1.488408184051513672e+01,5.232913613319396973e+01
-4.188793003559112549e-01,-4.354938268661499023e-01,-1.488522243499755859e+01,5.233394694328308105e+01
-4.186320006847381592e-01,-4.354954063892364502e-01,-1.488640403747558594e+01,5.233899402618408203e+01
-4.189401566982269287e-01,-4.350611269474029541e-01,-1.488665485382080078e+01,5.234394097328186035e+01
-4.189977645874023438e-01,-4.351950585842132568e-01,-1.488773155212402344e+01,5.234895205497741699e+01
-4.189171791076660156e-01,-4.352667927742004395e-01,-1.488883876800537109e+01,5.235396003723144531e+01
-4.188710451126098633e-01,-4.353469908237457275e-01,-1.488994121551513672e+01,5.235912704467773438e+01
-4.188424646854400635e-01,-4.353208243846893311e-01,-1.489102077484130859e+01,5.236394309997558594e+01
-4.188518524169921875e-01,-4.353261291980743408e-01,-1.489210605621337891e+01,5.236896610260009766e+01
-4.188951253890991211e-01,-4.353063404560089111e-01,-1.489318847656250000e+01,5.237394404411315918e+01
-4.196082651615142822e-01,-4.356167912483215332e-01,-1.489471530914306641e+01,5.237910294532775879e+01
-4.197138547897338867e-01,-4.357163906097412109e-01,-1.489581871032714844e+01,5.238394713401794434e+01
-4.198248684406280518e-01,-4.358505308628082275e-01,-1.489690113067626953e+01,5.238895392417907715e+01
-4.199479818344116211e-01,-4.360158145427703857e-01,-1.489797019958496094e+01,5.239432406425476074e+01
-4.200938344001770020e-01,-4.360083937644958496e-01,-1.489915657043457031e+01,5.239912414550781250e+01
-4.202541410923004150e-01,-4.360352754592895508e-01,-1.490030193328857422e+01,5.240404200553894043e+01
-4.205152988433837891e-01,-4.355509877204895020e-01,-1.490151596069335938e+01,5.240906310081481934e+01
-4.206490516662597656e-01,-4.356518685817718506e-01,-1.490255451202392578e+01,5.241402196884155273e+01
-4.208136200904846191e-01,-4.357106387615203857e-01,-1.490364074707031250e+01,5.241911101341247559e+01
-4.209841191768646240e-01,-4.357844889163970947e-01,-1.490472698211669922e+01,5.242407298088073730e+01
-4.210269749164581299e-01,-4.357596039772033691e-01,-1.490571689605712891e+01,5.242920494079589844e+01
-4.210922420024871826e-01,-4.357724189758300781e-01,-1.490671253204345703e+01,5.243404102325439453e+01
-4.211233258247375488e-01,-4.357684850692749023e-01,-1.490767478942871094e+01,5.243913006782531738e+01
-4.207229912281036377e-01,-4.358989000320434570e-01,-1.490844058990478516e+01,5.244406199455261230e+01
-4.206780791282653809e-01,-4.359554946422576904e-01,-1.490931034088134766e+01,5.244905900955200195e+01
-4.206154942512512207e-01,-4.360334277153015137e-01,-1.491015052795410156e+01,5.245407295227050781e+01
-4.203973412513732910e-01,-4.360265731811523438e-01,-1.491095638275146484e+01,5.245925998687744141e+01
-4.201775491237640381e-01,-4.360527992248535156e-01,-1.491172695159912109e+01,5.246417498588562012e+01
-4.199016690254211426e-01,-4.360707700252532959e-01,-1.491246795654296875e+01,5.246903610229492188e+01
-4.202853441238403320e-01,-4.363154768943786621e-01,-1.491362857818603516e+01,5.247416114807128906e+01
-4.204594790935516357e-01,-4.364829063415527344e-01,-1.491473197937011719e+01,5.247922611236572266e+01
-4.203506708145141602e-01,-4.365792274475097656e-01,-1.491563034057617188e+01,5.248420500755310059e+01
-4.202579259872436523e-01,-4.366925656795501709e-01,-1.491655063629150391e+01,5.248920893669128418e+01
-4.200895726680755615e-01,-4.367471337318420410e-01,-1.491743755340576172e+01,5.249441504478454590e+01
-4.199494421482086182e-01,-4.367994070053100586e-01,-1.491835403442382812e+01,5.249928808212280273e+01
-4.197998344898223877e-01,-4.368366003036499023e-01,-1.491928100585937500e+01,5.250420093536376953e+01
-4.198036193847656250e-01,-4.356382489204406738e-01,-1.491930675506591797e+01,5.250911307334899902e+01
-4.196502566337585449e-01,-4.356036186218261719e-01,-1.492020893096923828e+01,5.251415514945983887e+01
-4.194837212562561035e-01,-4.355507194995880127e-01,-1.492111682891845703e+01,5.251928997039794922e+01
-4.193337559700012207e-01,-4.355441927909851074e-01,-1.492134666442871094e+01,5.252416992187500000e+01
-4.191609919071197510e-01,-4.354947209358215332e-01,-1.492199897766113281e+01,5.252939701080322266e+01
-4.189819395542144775e-01,-4.354490935802459717e-01,-1.492260646820068359e+01,5.253427314758300781e+01
-4.188582599163055420e-01,-4.354778230190277100e-01,-1.492322635650634766e+01,5.253929710388183594e+01
-4.211997985839843750e-01,-4.360463619232177734e-01,-1.492523002624511719e+01,5.254428410530090332e+01
-4.213949739933013916e-01,-4.361155927181243896e-01,-1.492599964141845703e+01,5.254919600486755371e+01
-4.216989278793334961e-01,-4.361928701400756836e-01,-1.492693901062011719e+01,5.255450201034545898e+01
-4.219827950000762939e-01,-4.362809658050537109e-01,-1.492778587341308594e+01,5.255962300300598145e+01
-4.222920835018157959e-01,-4.363688528537750244e-01,-1.492862892150878906e+01,5.256434512138366699e+01
-4.226144552230834961e-01,-4.364257156848907471e-01,-1.492947006225585938e+01,5.256935715675354004e+01
-4.225942194461822510e-01,-4.364845454692840576e-01,-1.493019485473632812e+01,5.257433009147644043e+01
-4.197975397109985352e-01,-4.353390038013458252e-01,-1.492923450469970703e+01,5.257923793792724609e+01
-4.195091426372528076e-01,-4.352408647537231445e-01,-1.492980861663818359e+01,5.258433413505554199e+01
-4.194986820220947266e-01,-4.352024495601654053e-01,-1.493055438995361328e+01,5.258921194076538086e+01
-4.193225204944610596e-01,-4.351307153701782227e-01,-1.493121528625488281e+01,5.259454607963562012e+01
-4.191594123840332031e-01,-4.350551962852478027e-01,-1.493190002441406250e+01,5.259944510459899902e+01
-4.189120829105377197e-01,-4.349747002124786377e-01,-1.493249607086181641e+01,5.260447096824645996e+01
-4.209553897380828857e-01,-4.359464347362518311e-01,-1.493355274200439453e+01,5.260934305191040039e+01
-4.208995997905731201e-01,-4.360299408435821533e-01,-1.493417167663574219e+01,5.261427402496337891e+01
-4.207364618778228760e-01,-4.360852837562561035e-01,-1.493457508087158203e+01,5.261969614028930664e+01
-4.205865561962127686e-01,-4.361591041088104248e-01,-1.493503475189208984e+01,5.262435913085937500e+01
-4.204025566577911377e-01,-4.362359046936035156e-01,-1.493544387817382812e+01,5.262964200973510742e+01
-4.203860461711883545e-01,-4.363259077072143555e-01,-1.493593406677246094e+01,5.263447809219360352e+01
-4.203035831451416016e-01,-4.364143908023834229e-01,-1.493635272979736328e+01,5.263937902450561523e+01
-4.214266538619995117e-01,-4.363071620464324951e-01,-1.493756008148193359e+01,5.264435195922851562e+01
-4.215056002140045166e-01,-4.363479912281036377e-01,-1.493800067901611328e+01,5.264948511123657227e+01
-4.213695228099822998e-01,-4.364156424999237061e-01,-1.493843650817871094e+01,5.265455698966979980e+01
-4.213610589504241943e-01,-4.364784061908721924e-01,-1.493885612487792969e+01,5.265974593162536621e+01
-4.213439822196960449e-01,-4.365525245666503906e-01,-1.493926525115966797e+01,5.266455006599426270e+01
-4.212794005870819092e-01,-4.366154968738555908e-01,-1.493968582153320312e+01,5.266961598396301270e+01
-4.212078750133514404e-01,-4.366858601570129395e-01,-1.494008350372314453e+01,5.267454314231872559e+01
-4.206214249134063721e-01,-4.360740780830383301e-01,-1.494036483764648438e+01,5.267962813377380371e+01
-4.208298027515411377e-01,-4.360309243202209473e-01,-1.494097614288330078e+01,5.268454408645629883e+01
-4.208740592002868652e-01,-4.359921216964721680e-01,-1.494149398803710938e+01,5.268969511985778809e+01
-4.209646582603454590e-01,-4.359539151191711426e-01,-1.494204616546630859e+01,5.269467997550964355e+01
-4.209379255771636963e-01,-4.358907341957092285e-01,-1.494255828857421875e+01,5.269947004318237305e+01
-4.209725558757781982e-01,-4.358078241348266602e-01,-1.494310569763183594e+01,5.270455312728881836e+01
-4.208458364009857178e-01,-4.354674220085144043e-01,-1.494332695007324219e+01,5.270959997177124023e+01
-4.208480715751647949e-01,-4.356337785720825195e-01,-1.494374370574951172e+01,5.271443510055541992e+01
-4.208427369594573975e-01,-4.356542527675628662e-01,-1.494420623779296875e+01,5.271950697898864746e+01
-4.208306670188903809e-01,-4.356687068939208984e-01,-1.494464778900146484e+01,5.272461199760437012e+01
-4.208206832408905029e-01,-4.357279539108276367e-01,-1.494507884979248047e+01,5.272963213920593262e+01
-4.208328723907470703e-01,-4.356514215469360352e-01,-1.494553565979003906e+01,5.273458409309387207e+01
-4.208334684371948242e-01,-4.356463253498077393e-01,-1.494596958160400391e+01,5.273950505256652832e+01
-4.218119382858276367e-01,-4.358801841735839844e-01,-1.494702720642089844e+01,5.274460792541503906e+01
-4.218496978282928467e-01,-4.358423650264739990e-01,-1.494746494293212891e+01,5.274963593482971191e+01
-4.219116270542144775e-01,-4.358302056789398193e-01,-1.494790649414062500e+01,5.275462007522583008e+01
-4.219751656055450439e-01,-4.358135163784027100e-01,-1.494833946228027344e+01,5.275977110862731934e+01
-4.220237135887145996e-01,-4.358320236206054688e-01,-1.494883346557617188e+01,5.276473498344421387e+01
-4.220639467239379883e-01,-4.358450770378112793e-01,-1.494929790496826172e+01,5.276949810981750488e+01
-4.216955304145812988e-01,-4.354097545146942139e-01,-1.494920921325683594e+01,5.277463603019714355e+01
-4.217548072338104248e-01,-4.354183375835418701e-01,-1.494971275329589844e+01,5.277965092658996582e+01
-4.217885732650756836e-01,-4.353904724121093750e-01,-1.495020866394042969e+01,5.278473210334777832e+01
-4.218314290046691895e-01,-4.353539645671844482e-01,-1.495072174072265625e+01,5.278966403007507324e+01
-4.218850731849670410e-01,-4.352937340736389160e-01,-1.495116519927978516e+01,5.279498505592346191e+01
-4.219437539577484131e-01,-4.352386891841888428e-01,-1.495163440704345703e+01,5.279975605010986328e+01
-4.220171570777893066e-01,-4.351679980754852295e-01,-1.495209789276123047e+01,5.280475401878356934e+01
-4.229285120964050293e-01,-4.361504316329956055e-01,-1.495195960998535156e+01,5.280976295471191406e+01
-4.230334162712097168e-01,-4.362692236900329590e-01,-1.495225811004638672e+01,5.281473398208618164e+01
-4.231389760971069336e-01,-4.363825917243957520e-01,-1.495252132415771484e+01,5.281979203224182129e+01
-4.232439398765563965e-01,-4.364805519580841064e-01,-1.495274734497070312e+01,5.282472395896911621e+01
-4.233649671077728271e-01,-4.366703629493713379e-01,-1.495288562774658203e+01,5.282991695404052734e+01
-4.234738945960998535e-01,-4.368376135826110840e-01,-1.495300006866455078e+01,5.283472609519958496e+01
-4.235838055610656738e-01,-4.370003342628479004e-01,-1.495306301116943359e+01,5.283976006507873535e+01
-4.231964945793151855e-01,-4.361926019191741943e-01,-1.495366191864013672e+01,5.284469509124755859e+01
-4.232710599899291992e-01,-4.361928105354309082e-01,-1.495374584197998047e+01,5.284977197647094727e+01
-4.233412444591522217e-01,-4.361933171749114990e-01,-1.495380592346191406e+01,5.285462212562561035e+01
-4.233780503273010254e-01,-4.362105131149291992e-01,-1.495393085479736328e+01,5.285999202728271484e+01
-4.234171807765960693e-01,-4.362280070781707764e-01,-1.495401763916015625e+01,5.286475205421447754e+01
-4.234427213668823242e-01,-4.362512230873107910e-01,-1.495410156250000000e+01,5.286968207359313965e+01
-4.229049384593963623e-01,-4.358724355697631836e-01,-1.495433139801025391e+01,5.287505006790161133e+01
-4.228552281856536865e-01,-4.358767867088317871e-01,-1.495441913604736328e+01,5.287996101379394531e+01
-4.227943122386932373e-01,-4.358851611614227295e-01,-1.495450019836425781e+01,5.288489508628845215e+01
-4.226988255977630615e-01,-4.359069764614105225e-01,-1.495445346832275391e+01,5.288994693756103516e+01
-4.225995242595672607e-01,-4.359256327152252197e-01,-1.495443820953369141e+01,5.289507508277893066e+01
-4.224826395511627197e-01,-4.359501302242279053e-01,-1.495439338684082031e+01,5.289994907379150391e+01
-4.223487675189971924e-01,-4.359802305698394775e-01,-1.495431804656982422e+01,5.290489101409912109e+01
-4.226928651332855225e-01,-4.361566901206970215e-01,-1.495435619354248047e+01,5.290995097160339355e+01
-4.226024746894836426e-01,-4.361858069896697998e-01,-1.495422077178955078e+01,5.291505503654479980e+01
-4.225042760372161865e-01,-4.362154006958007812e-01,-1.495405006408691406e+01,5.291992902755737305e+01
-4.224452078342437744e-01,-4.362561106681823730e-01,-1.495399665832519531e+01,5.292503309249877930e+01
-4.223598539829254150e-01,-4.362952113151550293e-01,-1.495384693145751953e+01,5.293003010749816895e+01
-4.222746491432189941e-01,-4.363384246826171875e-01,-1.495368957519531250e+01,5.293498015403747559e+01
-4.221742749214172363e-01,-4.363747537136077881e-01,-1.495361137390136719e+01,5.294010114669799805e+01
-4.223006963729858398e-01,-4.358119964599609375e-01,-1.495345401763916016e+01,5.294503903388977051e+01
-4.222085177898406982e-01,-4.358000755310058594e-01,-1.495339393615722656e+01,5.294999814033508301e+01
-4.221782982349395752e-01,-4.357827305793762207e-01,-1.495343685150146484e+01,5.295506811141967773e+01
-4.221205115318298340e-01,-4.357694685459136963e-01,-1.495346069335937500e+01,5.296020102500915527e+01
-4.220705926418304443e-01,-4.357534348964691162e-01,-1.495351219177246094e+01,5.296499109268188477e+01
-4.220533668994903564e-01,-4.357348680496215820e-01,-1.495359134674072266e+01,5.297009897232055664e+01
-4.220478534698486328e-01,-4.350812435150146484e-01,-1.495236015319824219e+01,5.297508096694946289e+01
-4.220598340034484863e-01,-4.350554049015045166e-01,-1.495238399505615234e+01,5.298012709617614746e+01
-4.220540225505828857e-01,-4.350393712520599365e-01,-1.495238113403320312e+01,5.298532509803771973e+01
-4.220700860023498535e-01,-4.350107610225677490e-01,-1.495242023468017578e+01,5.299006795883178711e+01
-4.221033453941345215e-01,-4.349936246871948242e-01,-1.495248413085937500e+01,5.299530196189880371e+01
-4.221479594707489014e-01,-4.349811971187591553e-01,-1.495256805419921875e+01,5.300023794174194336e+01
-4.221695959568023682e-01,-4.349383115768432617e-01,-1.495259189605712891e+01,5.300517392158508301e+01
-4.221685230731964111e-01,-4.351374506950378418e-01,-1.495264053344726562e+01,5.301022601127624512e+01
-4.222133755683898926e-01,-4.351370334625244141e-01,-1.495269107818603516e+01,5.301529908180236816e+01
-4.222946763038635254e-01,-4.351469576358795166e-01,-1.495271682739257812e+01,5.302022004127502441e+01
-4.223664402961730957e-01,-4.351501762866973877e-01,-1.495275783538818359e+01,5.302514600753784180e+01
-4.224473834037780762e-01,-4.351564049720764160e-01,-1.495279884338378906e+01,5.303038597106933594e+01
-4.224874079227447510e-01,-4.351636469364166260e-01,-1.495284461975097656e+01,5.303504896163940430e+01
-4.225441813468933105e-01,-4.351719617843627930e-01,-1.495288562774658203e+01,5.304013705253601074e+01
-4.223245084285736084e-01,-4.350506663322448730e-01,-1.495300865173339844e+01,5.304519295692443848e+01
-4.222967624664306641e-01,-4.350588917732238770e-01,-1.495303821563720703e+01,5.305021810531616211e+01
-4.222790002822875977e-01,-4.350603818893432617e-01,-1.495306777954101562e+01,5.305511212348937988e+01
-4.222469925880432129e-01,-4.350602924823760986e-01,-1.495309448242187500e+01,5.306048512458801270e+01
-4.222175478935241699e-01,-4.350686967372894287e-01,-1.495308494567871094e+01,5.306517004966735840e+01
-4.221717715263366699e-01,-4.350778460502624512e-01,-1.495307731628417969e+01,5.307040810585021973e+01
-4.221163690090179443e-01,-4.350877404212951660e-01,-1.495305728912353516e+01,5.307521605491638184e+01
-4.224266409873962402e-01,-4.354387521743774414e-01,-1.495334625244140625e+01,5.308036994934082031e+01
-4.223935008049011230e-01,-4.354510009288787842e-01,-1.495327568054199219e+01,5.308533501625061035e+01
-4.223452210426330566e-01,-4.354828000068664551e-01,-1.495320892333984375e+01,5.309054899215698242e+01
-4.222907423973083496e-01,-4.355157017707824707e-01,-1.495312404632568359e+01,5.309554696083068848e+01
-4.222342669963836670e-01,-4.355520904064178467e-01,-1.495305728912353516e+01,5.310037302970886230e+01
-4.221683740615844727e-01,-4.355880320072174072e-01,-1.495296669006347656e+01,5.310532307624816895e+01
-4.222493767738342285e-01,-4.353343248367309570e-01,-1.495303344726562500e+01,5.311042809486389160e+01
-4.222114682197570801e-01,-4.353570342063903809e-01,-1.495303344726562500e+01,5.311533999443054199e+01
-4.221580028533935547e-01,-4.353744685649871826e-01,-1.495299816131591797e+01,5.312039709091186523e+01
-4.221026301383972168e-01,-4.353946149349212646e-01,-1.495296955108642578e+01,5.312540507316589355e+01
-4.220673143863677979e-01,-4.354095160961151123e-01,-1.495296096801757812e+01,5.313033914566040039e+01
-4.220270216464996338e-01,-4.354273378849029541e-01,-1.495295429229736328e+01,5.313544702529907227e+01
-4.219912588596343994e-01,-4.354458451271057129e-01,-1.495295524597167969e+01,5.314034914970397949e+01
-4.220554530620574951e-01,-4.350392222404479980e-01,-1.495273494720458984e+01,5.314528012275695801e+01
-4.220490753650665283e-01,-4.350367784500122070e-01,-1.495274543762207031e+01,5.315051698684692383e+01
-4.220484793186187744e-01,-4.350340962409973145e-01,-1.495276165008544922e+01,5.315547394752502441e+01
-4.220437705516815186e-01,-4.350303113460540771e-01,-1.495279216766357422e+01,5.316110396385192871e+01
-4.220464229583740234e-01,-4.350266158580780029e-01,-1.495283126831054688e+01,5.316531014442443848e+01
-4.220522046089172363e-01,-4.350221157073974609e-01,-1.495287799835205078e+01,5.317030405998229980e+01
-4.219829440116882324e-01,-4.347766041755676270e-01,-1.495264244079589844e+01,5.317543005943298340e+01
-4.219874143600463867e-01,-4.347676038742065430e-01,-1.495267105102539062e+01,5.318043208122253418e+01
-4.219974875450134277e-01,-4.347603619098663330e-01,-1.495272254943847656e+01,5.318539905548095703e+01
-4.220095872879028320e-01,-4.347509443759918213e-01,-1.495278167724609375e+01,5.319040107727050781e+01
-4.220111668109893799e-01,-4.347454309463500977e-01,-1.495282745361328125e+01,5.319569802284240723e+01
-4.220171868801116943e-01,-4.347377121448516846e-01,-1.495288372039794922e+01,5.320058512687683105e+01
-4.220222830772399902e-01,-4.347307085990905762e-01,-1.495294284820556641e+01,5.320555615425109863e+01
-4.220009148120880127e-01,-4.346376359462738037e-01,-1.495277023315429688e+01,5.321063399314880371e+01
-4.219993352890014648e-01,-4.346399307250976562e-01,-1.495278549194335938e+01,5.321546912193298340e+01
-4.219955503940582275e-01,-4.346432387828826904e-01,-1.495279693603515625e+01,5.322060012817382812e+01
-4.219790995121002197e-01,-4.346413016319274902e-01,-1.495280361175537109e+01,5.322632813453674316e+01
-4.219615757465362549e-01,-4.346430897712707520e-01,-1.495280456542968750e+01,5.323080611228942871e+01
-4.219385385513305664e-01,-4.346445798873901367e-01,-1.495279884338378906e+01,5.323558306694030762e+01
-4.220331907272338867e-01,-4.346809089183807373e-01,-1.495291233062744141e+01,5.324045205116271973e+01
-4.220133721828460693e-01,-4.346903264522552490e-01,-1.495290279388427734e+01,5.324555492401123047e+01
-4.219879508018493652e-01,-4.347004890441894531e-01,-1.495288944244384766e+01,5.325064396858215332e+01
-4.219573736190795898e-01,-4.347141683101654053e-01,-1.495287132263183594e+01,5.325558614730834961e+01
-4.219310581684112549e-01,-4.347257614135742188e-01,-1.495284652709960938e+01,5.326092600822448730e+01
-4.218954741954803467e-01,-4.347396790981292725e-01,-1.495281314849853516e+01,5.326630902290344238e+01
-4.218557775020599365e-01,-4.347524344921112061e-01,-1.495277404785156250e+01,5.327057194709777832e+01
-4.219210743904113770e-01,-4.345085024833679199e-01,-1.495275211334228516e+01,5.327556109428405762e+01
-4.218927025794982910e-01,-4.345132708549499512e-01,-1.495272350311279297e+01,5.328080701828002930e+01
-4.218625426292419434e-01,-4.345192611217498779e-01,-1.495269584655761719e+01,5.328636503219604492e+01
-4.218404591083526611e-01,-4.345228970050811768e-01,-1.495270442962646484e+01,5.329081010818481445e+01
-4.218120276927947998e-01,-4.345286190509796143e-01,-1.495269584655761719e+01,5.329631209373474121e+01
-4.217825233936309814e-01,-4.345363378524780273e-01,-1.495269203186035156e+01,5.330078697204589844e+01
-4.217541813850402832e-01,-4.345518648624420166e-01,-1.495269584655761719e+01,5.330634903907775879e+01
-4.218232035636901855e-01,-4.343622922897338867e-01,-1.495265007019042969e+01,5.331079697608947754e+01
-4.218060374259948730e-01,-4.343651533126831055e-01,-1.495265388488769531e+01,5.331643509864807129e+01
-4.218008220195770264e-01,-4.343553483486175537e-01,-1.495265388488769531e+01,5.332097196578979492e+01
-4.217917025089263916e-01,-4.343558251857757568e-01,-1.495266246795654297e+01,5.332660508155822754e+01
-4.217848479747772217e-01,-4.343591332435607910e-01,-1.495267581939697266e+01,5.333100008964538574e+01
-4.217804968357086182e-01,-4.343636333942413330e-01,-1.495269298553466797e+01,5.333672714233398438e+01
-4.217957258224487305e-01,-4.342581331729888916e-01,-1.495256805419921875e+01,5.334080600738525391e+01
-4.217967689037322998e-01,-4.342643320560455322e-01,-1.495258331298828125e+01,5.334628295898437500e+01
-4.217990636825561523e-01,-4.342715144157409668e-01,-1.495260334014892578e+01,5.335119295120239258e+01
-4.217930734157562256e-01,-4.342700541019439697e-01,-1.495263195037841797e+01,5.335649394989013672e+01
-4.217918515205383301e-01,-4.342747032642364502e-01,-1.495265579223632812e+01,5.336112308502197266e+01
-4.217903614044189453e-01,-4.342812001705169678e-01,-1.495267963409423828e+01,5.336620807647705078e+01
-4.217802584171295166e-01,-4.342936873435974121e-01,-1.495269966125488281e+01,5.337098407745361328e+01
-4.217839241027832031e-01,-4.341115057468414307e-01,-1.495257282257080078e+01,5.337620997428894043e+01
-4.217744469642639160e-01,-4.341071844100952148e-01,-1.495259857177734375e+01,5.338095307350158691e+01
-4.217594861984252930e-01,-4.341108202934265137e-01,-1.495260715484619141e+01,5.338651204109191895e+01
-4.217435419559478760e-01,-4.341118037700653076e-01,-1.495262718200683594e+01,5.339101195335388184e+01
-4.217245578765869141e-01,-4.341156482696533203e-01,-1.495264434814453125e+01,5.339673304557800293e+01
-4.217070639133453369e-01,-4.341239631175994873e-01,-1.495264625549316406e+01,5.340104198455810547e+01
-4.216857552528381348e-01,-4.341313540935516357e-01,-1.495265102386474609e+01,5.340657901763916016e+01
-4.218105971813201904e-01,-4.340339303016662598e-01,-1.495255088806152344e+01,5.341111493110656738e+01
-4.218062162399291992e-01,-4.340344667434692383e-01,-1.495254516601562500e+01,5.341658306121826172e+01
-4.217999279499053955e-01,-4.340394139289855957e-01,-1.495253467559814453e+01,5.342090606689453125e+01
-4.217904806137084961e-01,-4.340410828590393066e-01,-1.495252132415771484e+01,5.342639112472534180e+01
-4.217787384986877441e-01,-4.340417385101318359e-01,-1.495250511169433594e+01,5.343111395835876465e+01
-4.217705428600311279e-01,-4.340503513813018799e-01,-1.495249938964843750e+01,5.343596005439758301e+01
-4.217578470706939697e-01,-4.340542852878570557e-01,-1.495248317718505859e+01,5.344097495079040527e+01
-4.216806888580322266e-01,-4.339302480220794678e-01,-1.495257568359375000e+01,5.344596314430236816e+01
-4.216620922088623047e-01,-4.339324533939361572e-01,-1.495258140563964844e+01,5.345101499557495117e+01
-4.216453433036804199e-01,-4.339354038238525391e-01,-1.495258426666259766e+01,5.345590901374816895e+01
-4.216263592243194580e-01,-4.339368641376495361e-01,-1.495258617401123047e+01,5.346125912666320801e+01
-4.216098189353942871e-01,-4.339383840560913086e-01,-1.495258712768554688e+01,5.346668910980224609e+01
-4.215902686119079590e-01,-4.339404106140136719e-01,-1.495258903503417969e+01,5.347115802764892578e+01
-4.216161370277404785e-01,-4.337703585624694824e-01,-1.495233345031738281e+01,5.347653007507324219e+01
-4.216041266918182373e-01,-4.337719678878784180e-01,-1.495231437683105469e+01,5.348109698295593262e+01
-4.215912520885467529e-01,-4.337782263755798340e-01,-1.495230197906494141e+01,5.348618602752685547e+01
-4.215776026248931885e-01,-4.337844550609588623e-01,-1.495228672027587891e+01,5.349115896224975586e+01
-4.215652942657470703e-01,-4.337913095951080322e-01,-1.495227336883544922e+01,5.349655604362487793e+01
-4.215522110462188721e-01,-4.337986111640930176e-01,-1.495226097106933594e+01,5.350111699104309082e+01
-4.215388000011444092e-01,-4.338077902793884277e-01,-1.495224761962890625e+01,5.350679302215576172e+01
-4.215438663959503174e-01,-4.337060451507568359e-01,-1.495228862762451172e+01,5.351111698150634766e+01
-4.215328097343444824e-01,-4.337084591388702393e-01,-1.495229911804199219e+01,5.351673603057861328e+01
-4.215222597122192383e-01,-4.337081015110015869e-01,-1.495230579376220703e+01,5.352108311653137207e+01
-4.215104281902313232e-01,-4.337073266506195068e-01,-1.495231246948242188e+01,5.352698802947998047e+01
-4.214938580989837646e-01,-4.337008893489837646e-01,-1.495231056213378906e+01,5.353126192092895508e+01
-4.214772582054138184e-01,-4.336967468261718750e-01,-1.495231342315673828e+01,5.353645706176757812e+01
-4.214588403701782227e-01,-4.336920976638793945e-01,-1.495231342315673828e+01,5.354122900962829590e+01
-4.214138984680175781e-01,-4.336927533149719238e-01,-1.495213603973388672e+01,5.354668712615966797e+01
-4.213964641094207764e-01,-4.337029755115509033e-01,-1.495212173461914062e+01,5.355129408836364746e+01
-4.213774800300598145e-01,-4.337138235569000244e-01,-1.495210552215576172e+01,5.355632710456848145e+01
-4.213561713695526123e-01,-4.337232410907745361e-01,-1.495210075378417969e+01,5.356147193908691406e+01
-4.213339388370513916e-01,-4.337342679500579834e-01,-1.495209026336669922e+01,5.356653404235839844e+01
-4.213099479675292969e-01,-4.337449669837951660e-01,-1.495207977294921875e+01,5.357129001617431641e+01
-4.214193820953369141e-01,-4.337280392646789551e-01,-1.495213031768798828e+01,5.357667112350463867e+01
-4.214028120040893555e-01,-4.337398707866668701e-01,-1.495214271545410156e+01,5.358125305175781250e+01
-4.213844537734985352e-01,-4.337549209594726562e-01,-1.495215988159179688e+01,5.358654999732971191e+01
-4.213687181472778320e-01,-4.337780177593231201e-01,-1.495217895507812500e+01,5.359147906303405762e+01
-4.213489890098571777e-01,-4.337991476058959961e-01,-1.495219612121582031e+01,5.359685707092285156e+01
-4.213277399539947510e-01,-4.338216781616210938e-01,-1.495221328735351562e+01,5.360125708580017090e+01
-4.213053286075592041e-01,-4.338461458683013916e-01,-1.495223045349121094e+01,5.360698199272155762e+01
-4.214233756065368652e-01,-4.336999654769897461e-01,-1.495209121704101562e+01,5.361144113540649414e+01
-4.214134514331817627e-01,-4.337051212787628174e-01,-1.495209121704101562e+01,5.361693215370178223e+01
-4.214028120040893555e-01,-4.337091445922851562e-01,-1.495209026336669922e+01,5.362129902839660645e+01
-4.213833808898925781e-01,-4.337161779403686523e-01,-1.495210266113281250e+01,5.362660503387451172e+01
-4.213669896125793457e-01,-4.337221086025238037e-01,-1.495210742950439453e+01,5.363156104087829590e+01
-4.213490486145019531e-01,-4.337292313575744629e-01,-1.495211505889892578e+01,5.363689112663269043e+01
-4.214320480823516846e-01,-4.336075484752655029e-01,-1.495195388793945312e+01,5.364122295379638672e+01
-4.214179217815399170e-01,-4.336044192314147949e-01,-1.495194721221923828e+01,5.364688706398010254e+01
-4.214032888412475586e-01,-4.336014688014984131e-01,-1.495194053649902344e+01,5.365125799179077148e+01
-4.213829040527343750e-01,-4.336001276969909668e-01,-1.495193576812744141e+01,5.365694403648376465e+01
-4.213635325431823730e-01,-4.335975050926208496e-01,-1.495193386077880859e+01,5.366166210174560547e+01
-4.213424921035766602e-01,-4.335938394069671631e-01,-1.495193576812744141e+01,5.366662502288818359e+01
-4.213201701641082764e-01,-4.335921704769134521e-01,-1.495194530487060547e+01,5.367133498191833496e+01
-4.214751124382019043e-01,-4.336395561695098877e-01,-1.495192623138427734e+01,5.367668604850769043e+01
-4.214594960212707520e-01,-4.336421489715576172e-01,-1.495194053649902344e+01,5.368151712417602539e+01
-4.214404523372650146e-01,-4.336426854133605957e-01,-1.495195388793945312e+01,5.368660402297973633e+01
-4.214228689670562744e-01,-4.336347579956054688e-01,-1.495195293426513672e+01,5.369154906272888184e+01
-4.214037060737609863e-01,-4.336358904838562012e-01,-1.495196056365966797e+01,5.369663405418395996e+01
-4.213835597038269043e-01,-4.336377382278442383e-01,-1.495196437835693359e+01,5.370151400566101074e+01
-4.213637709617614746e-01,-4.336434006690979004e-01,-1.495196151733398438e+01,5.370659303665161133e+01
-4.215484857559204102e-01,-4.335422813892364502e-01,-1.495189857482910156e+01,5.371154713630676270e+01
-4.215441942214965820e-01,-4.335409402847290039e-01,-1.495190906524658203e+01,5.371654200553894043e+01
-4.215333163738250732e-01,-4.335392117500305176e-01,-1.495192623138427734e+01,5.372163605690002441e+01
-4.215231537818908691e-01,-4.335389733314514160e-01,-1.495193767547607422e+01,5.372671508789062500e+01
-4.215112030506134033e-01,-4.335407912731170654e-01,-1.495194625854492188e+01,5.373161101341247559e+01
-4.214975237846374512e-01,-4.335483014583587646e-01,-1.495194911956787109e+01,5.373686003684997559e+01
-4.213258922100067139e-01,-4.333917796611785889e-01,-1.495191574096679688e+01,5.374159693717956543e+01
-4.213060140609741211e-01,-4.333876967430114746e-01,-1.495193958282470703e+01,5.374666905403137207e+01
-4.212870001792907715e-01,-4.333791732788085938e-01,-1.495195102691650391e+01,5.375160002708435059e+01
-4.212667346000671387e-01,-4.333720207214355469e-01,-1.495196819305419922e+01,5.375667405128479004e+01
-4.212458729743957520e-01,-4.333619475364685059e-01,-1.495198535919189453e+01,5.376171398162841797e+01
-4.212235808372497559e-01,-4.333509206771850586e-01,-1.495200252532958984e+01,5.376672506332397461e+01
-4.211975038051605225e-01,-4.333472251892089844e-01,-1.495202255249023438e+01,5.377160406112670898e+01
-4.212768375873565674e-01,-4.332946538925170898e-01,-1.495186233520507812e+01,5.377684998512268066e+01
-4.212637245655059814e-01,-4.332991242408752441e-01,-1.495186805725097656e+01,5.378158712387084961e+01
-4.212500452995300293e-01,-4.333108961582183838e-01,-1.495188808441162109e+01,5.378681111335754395e+01
-4.212338030338287354e-01,-4.333212673664093018e-01,-1.495190048217773438e+01,5.379164695739746094e+01
-4.212157130241394043e-01,-4.333328604698181152e-01,-1.495191192626953125e+01,5.379670095443725586e+01
-4.211987853050231934e-01,-4.333377480506896973e-01,-1.495190811157226562e+01,5.380173802375793457e+01
-4.211800098419189453e-01,-4.333451688289642334e-01,-1.495190906524658203e+01,5.380682992935180664e+01
-4.211210310459136963e-01,-4.332503676414489746e-01,-1.495175266265869141e+01,5.381153893470764160e+01
-4.211029708385467529e-01,-4.332607090473175049e-01,-1.495173740386962891e+01,5.381676506996154785e+01
-4.210866093635559082e-01,-4.332705736160278320e-01,-1.495172691345214844e+01,5.382171702384948730e+01
-4.210686385631561279e-01,-4.332829117774963379e-01,-1.495171546936035156e+01,5.382699012756347656e+01
-4.210510253906250000e-01,-4.332972764968872070e-01,-1.495171451568603516e+01,5.383158612251281738e+01
-4.210309982299804688e-01,-4.333116412162780762e-01,-1.495170783996582031e+01,5.383687710762023926e+01
-4.210791289806365967e-01,-4.331526756286621094e-01,-1.495153236389160156e+01,5.384174013137817383e+01
-4.210651814937591553e-01,-4.331544339656829834e-01,-1.495152854919433594e+01,5.384695196151733398e+01
-4.210507273674011230e-01,-4.331510066986083984e-01,-1.495152378082275391e+01,5.385180306434631348e+01
-4.210349321365356445e-01,-4.331478476524353027e-01,-1.495152091979980469e+01,5.385681915283203125e+01
-4.210176467895507812e-01,-4.331443905830383301e-01,-1.495152282714843750e+01,5.386204195022583008e+01
-4.209931492805480957e-01,-4.331446290016174316e-01,-1.495150661468505859e+01,5.386694502830505371e+01
-4.209692478179931641e-01,-4.331446588039398193e-01,-1.495149421691894531e+01,5.387178301811218262e+01
-4.209967851638793945e-01,-4.331276416778564453e-01,-1.495133876800537109e+01,5.387703609466552734e+01
-4.209951758384704590e-01,-4.331422448158264160e-01,-1.495131874084472656e+01,5.388172411918640137e+01
-4.209832251071929932e-01,-4.331516027450561523e-01,-1.495131206512451172e+01,5.388697004318237305e+01
-4.209719300270080566e-01,-4.331641495227813721e-01,-1.495131015777587891e+01,5.389185810089111328e+01
-4.209474027156829834e-01,-4.331635534763336182e-01,-1.495131587982177734e+01,5.389692211151123047e+01
-4.209254682064056396e-01,-4.331666231155395508e-01,-1.495131874084472656e+01,5.390185499191284180e+01
-4.209005236625671387e-01,-4.331665933132171631e-01,-1.495132255554199219e+01,5.390695810317993164e+01
-4.208272993564605713e-01,-4.329919815063476562e-01,-1.495125865936279297e+01,5.391191315650939941e+01
-4.208072721958160400e-01,-4.329912364482879639e-01,-1.495124912261962891e+01,5.391698503494262695e+01
-4.207866489887237549e-01,-4.329911172389984131e-01,-1.495124244689941406e+01,5.392191004753112793e+01
-4.207653999328613281e-01,-4.329989850521087646e-01,-1.495124435424804688e+01,5.392697715759277344e+01
-4.207426607608795166e-01,-4.330061376094818115e-01,-1.495124435424804688e+01,5.393195700645446777e+01
-4.207190573215484619e-01,-4.330153167247772217e-01,-1.495124721527099609e+01,5.393695092201232910e+01
-4.207336008548736572e-01,-4.328685700893402100e-01,-1.495114803314208984e+01,5.394178915023803711e+01
-4.207174479961395264e-01,-4.328505694866180420e-01,-1.495113086700439453e+01,5.394704008102416992e+01
-4.207013845443725586e-01,-4.328508377075195312e-01,-1.495111846923828125e+01,5.395199203491210938e+01
-4.206838309764862061e-01,-4.328496158123016357e-01,-1.495110511779785156e+01,5.395709109306335449e+01
-4.206690490245819092e-01,-4.328606426715850830e-01,-1.495107460021972656e+01,5.396204710006713867e+01
-4.206512570381164551e-01,-4.328667223453521729e-01,-1.495104503631591797e+01,5.396709513664245605e+01
-4.206327795982360840e-01,-4.328750073909759521e-01,-1.495100879669189453e+01,5.397191500663757324e+01
-4.206030964851379395e-01,-4.326893687248229980e-01,-1.495086193084716797e+01,5.397700810432434082e+01
-4.205963611602783203e-01,-4.326916933059692383e-01,-1.495080566406250000e+01,5.398193597793579102e+01
-4.205893576145172119e-01,-4.326944649219512939e-01,-1.495074462890625000e+01,5.398699593544006348e+01
-4.205581843852996826e-01,-4.326840639114379883e-01,-1.495074844360351562e+01,5.399215412139892578e+01
-4.205402731895446777e-01,-4.326873719692230225e-01,-1.495070648193359375e+01,5.399728798866271973e+01
-4.205206334590911865e-01,-4.326909780502319336e-01,-1.495066833496093750e+01,5.400213813781738281e+01
-4.204998910427093506e-01,-4.327090084552764893e-01,-1.495065307617187500e+01,5.400716900825500488e+01
-4.205017387866973877e-01,-4.325937330722808838e-01,-1.495051383972167969e+01,5.401208400726318359e+01
-4.204806983470916748e-01,-4.326034784317016602e-01,-1.495049190521240234e+01,5.401715493202209473e+01
-4.204636216163635254e-01,-4.325918853282928467e-01,-1.495047187805175781e+01,5.402214598655700684e+01
-4.204433858394622803e-01,-4.325922727584838867e-01,-1.495045852661132812e+01,5.402741003036499023e+01
-4.204216599464416504e-01,-4.325932562351226807e-01,-1.495044898986816406e+01,5.403215193748474121e+01
-4.203986525535583496e-01,-4.325948357582092285e-01,-1.495044136047363281e+01,5.403695011138916016e+01
-4.204258024692535400e-01,-4.324587881565093994e-01,-1.495033836364746094e+01,5.404207897186279297e+01
-4.204259216785430908e-01,-4.324713647365570068e-01,-1.495032978057861328e+01,5.404720997810363770e+01
-4.204272627830505371e-01,-4.324871301651000977e-01,-1.495032501220703125e+01,5.405208110809326172e+01
-4.204218685626983643e-01,-4.325003325939178467e-01,-1.495035457611083984e+01,5.405694913864135742e+01
-4.204206764698028564e-01,-4.325143396854400635e-01,-1.495037460327148438e+01,5.406224608421325684e+01
-4.204201102256774902e-01,-4.325311481952667236e-01,-1.495040321350097656e+01,5.406718492507934570e+01
-4.204155206680297852e-01,-4.325519800186157227e-01,-1.495041942596435547e+01,5.407215714454650879e+01
-4.201774597167968750e-01,-4.322415292263031006e-01,-1.495022010803222656e+01,5.407722115516662598e+01
-4.201639294624328613e-01,-4.322414398193359375e-01,-1.495022773742675781e+01,5.408216595649719238e+01
-4.201572239398956299e-01,-4.322357475757598877e-01,-1.495023727416992188e+01,5.408719301223754883e+01
-4.201466143131256104e-01,-4.322344362735748291e-01,-1.495024681091308594e+01,5.409216308593750000e+01
-4.201354980468750000e-01,-4.322302639484405518e-01,-1.495025825500488281e+01,5.409718799591064453e+01
-4.201203286647796631e-01,-4.322250187397003174e-01,-1.495026683807373047e+01,5.410221695899963379e+01
-4.201060831546783447e-01,-4.322203695774078369e-01,-1.495027732849121094e+01,5.410734009742736816e+01
-4.201146662235260010e-01,-4.322574138641357422e-01,-1.495038032531738281e+01,5.411222410202026367e+01
-4.201083183288574219e-01,-4.322574436664581299e-01,-1.495040893554687500e+01,5.411714506149291992e+01
-4.200887978076934814e-01,-4.322754144668579102e-01,-1.495042419433593750e+01,5.412220692634582520e+01
-4.200717806816101074e-01,-4.322824776172637939e-01,-1.495044231414794922e+01,5.412764501571655273e+01
-4.200536906719207764e-01,-4.322917461395263672e-01,-1.495046234130859375e+01,5.413239312171936035e+01
-4.200361371040344238e-01,-4.322977960109710693e-01,-1.495047664642333984e+01,5.413725900650024414e+01
-4.201280474662780762e-01,-4.323660731315612793e-01,-1.495023822784423828e+01,5.414240407943725586e+01
-4.201253950595855713e-01,-4.323766231536865234e-01,-1.495022583007812500e+01,5.414755702018737793e+01
-4.201132357120513916e-01,-4.323711991310119629e-01,-1.495022010803222656e+01,5.415247201919555664e+01
-4.201037883758544922e-01,-4.323779344558715820e-01,-1.495020961761474609e+01,5.415763807296752930e+01
-4.200915098190307617e-01,-4.323848187923431396e-01,-1.495020008087158203e+01,5.416236305236816406e+01
-4.200735688209533691e-01,-4.324001967906951904e-01,-1.495020389556884766e+01,5.416756892204284668e+01
-4.200532436370849609e-01,-4.324116110801696777e-01,-1.495020103454589844e+01,5.417238998413085938e+01
-4.199814796447753906e-01,-4.323199391365051270e-01,-1.495030498504638672e+01,5.417754411697387695e+01
-4.199710190296173096e-01,-4.323334395885467529e-01,-1.495033454895019531e+01,5.418238496780395508e+01
-4.199508130550384521e-01,-4.323445856571197510e-01,-1.495034694671630859e+01,5.418749713897705078e+01
-4.199294447898864746e-01,-4.323571920394897461e-01,-1.495036220550537109e+01,5.419255399703979492e+01
-4.199098050594329834e-01,-4.323647916316986084e-01,-1.495036792755126953e+01,5.419785904884338379e+01
-4.198886156082153320e-01,-4.323758780956268311e-01,-1.495038318634033203e+01,5.420253896713256836e+01
-4.198666810989379883e-01,-4.323866963386535645e-01,-1.495039939880371094e+01,5.420764398574829102e+01
-4.197888076305389404e-01,-4.320397973060607910e-01,-1.495017337799072266e+01,5.421253108978271484e+01
-4.197750985622406006e-01,-4.320465326309204102e-01,-1.495018196105957031e+01,5.421762299537658691e+01
-4.197603166103363037e-01,-4.320510923862457275e-01,-1.495019054412841797e+01,5.422267508506774902e+01
-4.197452664375305176e-01,-4.320568740367889404e-01,-1.495019912719726562e+01,5.422766613960266113e+01
-4.197293519973754883e-01,-4.320601224899291992e-01,-1.495020484924316406e+01,5.423245096206665039e+01
-4.197137951850891113e-01,-4.320663511753082275e-01,-1.495021533966064453e+01,5.423743295669555664e+01
-4.196923077106475830e-01,-4.319049417972564697e-01,-1.495016574859619141e+01,5.424246001243591309e+01
-4.196791946887969971e-01,-4.319182932376861572e-01,-1.495019340515136719e+01,5.424755096435546875e+01
-4.196673035621643066e-01,-4.319244623184204102e-01,-1.495021152496337891e+01,5.425245809555053711e+01
-4.196546971797943115e-01,-4.319297075271606445e-01,-1.495023155212402344e+01,5.425779294967651367e+01
-4.196354448795318604e-01,-4.319260716438293457e-01,-1.495023918151855469e+01,5.426270198822021484e+01
-4.196166396141052246e-01,-4.319271743297576904e-01,-1.495025444030761719e+01,5.426794314384460449e+01
-4.195955991744995117e-01,-4.319280683994293213e-01,-1.495026874542236328e+01,5.427283596992492676e+01
-4.196217656135559082e-01,-4.317959547042846680e-01,-1.495022106170654297e+01,5.427780199050903320e+01
-4.196048676967620850e-01,-4.318018257617950439e-01,-1.495023345947265625e+01,5.428269195556640625e+01
-4.195856451988220215e-01,-4.318086504936218262e-01,-1.495024871826171875e+01,5.428791594505310059e+01
-4.195641875267028809e-01,-4.318174123764038086e-01,-1.495026397705078125e+01,5.429279208183288574e+01
-4.195400178432464600e-01,-4.318234324455261230e-01,-1.495026683807373047e+01,5.429777312278747559e+01
-4.195137023925781250e-01,-4.318342506885528564e-01,-1.495026969909667969e+01,5.430265903472900391e+01
-4.194845557212829590e-01,-4.318441748619079590e-01,-1.495026969909667969e+01,5.430767011642456055e+01
-4.195713400840759277e-01,-4.316747486591339111e-01,-1.495023727416992188e+01,5.431267213821411133e+01
-4.195493161678314209e-01,-4.316788315773010254e-01,-1.495023059844970703e+01,5.431773304939270020e+01
-4.195251464843750000e-01,-4.316833615303039551e-01,-1.495022296905517578e+01,5.432274508476257324e+01
-4.195209145545959473e-01,-4.316975176334381104e-01,-1.495024967193603516e+01,5.432774996757507324e+01
-4.195001721382141113e-01,-4.316980838775634766e-01,-1.495025444030761719e+01,5.433268213272094727e+01
-4.194784760475158691e-01,-4.316954612731933594e-01,-1.495025825500488281e+01,5.433780813217163086e+01
-4.194900691509246826e-01,-4.316569268703460693e-01,-1.495020294189453125e+01,5.434274601936340332e+01
-4.194755554199218750e-01,-4.316607117652893066e-01,-1.495020771026611328e+01,5.434767007827758789e+01
-4.194604456424713135e-01,-4.316640496253967285e-01,-1.495021533966064453e+01,5.435270309448242188e+01
-4.194448590278625488e-01,-4.316743910312652588e-01,-1.495023345947265625e+01,5.435772895812988281e+01
-4.194282591342926025e-01,-4.316817522048950195e-01,-1.495024681091308594e+01,5.436283802986145020e+01
-4.194112420082092285e-01,-4.316895604133605957e-01,-1.495026206970214844e+01,5.436780810356140137e+01
-4.193937182426452637e-01,-4.316990971565246582e-01,-1.495027923583984375e+01,5.437270593643188477e+01
-4.193964600563049316e-01,-4.315920472145080566e-01,-1.495010852813720703e+01,5.437792110443115234e+01
-4.193801879882812500e-01,-4.316030740737915039e-01,-1.495010757446289062e+01,5.438274908065795898e+01
-4.193628132343292236e-01,-4.316141605377197266e-01,-1.495010662078857422e+01,5.438769602775573730e+01
-4.193404018878936768e-01,-4.316191971302032471e-01,-1.495009517669677734e+01,5.439297509193420410e+01
-4.193187355995178223e-01,-4.316288232803344727e-01,-1.495009517669677734e+01,5.439785909652709961e+01
-4.192955493927001953e-01,-4.316398799419403076e-01,-1.495009613037109375e+01,5.440271711349487305e+01
-4.192707836627960205e-01,-4.316556453704833984e-01,-1.495010089874267578e+01,5.440783095359802246e+01
-4.193249046802520752e-01,-4.315409064292907715e-01,-1.495006275177001953e+01,5.441284704208374023e+01
-4.193071722984313965e-01,-4.315395057201385498e-01,-1.495006942749023438e+01,5.441787195205688477e+01
-4.192901849746704102e-01,-4.315436780452728271e-01,-1.495007038116455078e+01,5.442284011840820312e+01
-4.192704856395721436e-01,-4.315461516380310059e-01,-1.495007514953613281e+01,5.442795300483703613e+01
-4.192494451999664307e-01,-4.315503239631652832e-01,-1.495008087158203125e+01,5.443272614479064941e+01
-4.192273020744323730e-01,-4.315580129623413086e-01,-1.495008945465087891e+01,5.443787312507629395e+01
-4.192890226840972900e-01,-4.315315783023834229e-01,-1.495009613037109375e+01,5.444294810295104980e+01
-4.192746579647064209e-01,-4.315384328365325928e-01,-1.495009994506835938e+01,5.444778704643249512e+01
-4.192568659782409668e-01,-4.315427541732788086e-01,-1.495011234283447266e+01,5.445283102989196777e+01
-4.192384183406829834e-01,-4.315486252307891846e-01,-1.495011711120605469e+01,5.445782208442687988e+01
-4.192182719707489014e-01,-4.315536618232727051e-01,-1.495012187957763672e+01,5.446309709548950195e+01
-4.191963672637939453e-01,-4.315587878227233887e-01,-1.495012855529785156e+01,5.446791601181030273e+01
-4.191727638244628906e-01,-4.315696656703948975e-01,-1.495013713836669922e+01,5.447297215461730957e+01
-4.191420674324035645e-01,-4.313924610614776611e-01,-1.495006275177001953e+01,5.447797513008117676e+01
-4.191205203533172607e-01,-4.314011037349700928e-01,-1.495006942749023438e+01,5.448302793502807617e+01
-4.191000163555145264e-01,-4.314100742340087891e-01,-1.495007228851318359e+01,5.448794507980346680e+01
-4.190767407417297363e-01,-4.314196109771728516e-01,-1.495007896423339844e+01,5.449302196502685547e+01
-4.190521836280822754e-01,-4.314291775226593018e-01,-1.495008754730224609e+01,5.449794697761535645e+01
-4.190265238285064697e-01,-4.314379096031188965e-01,-1.495010185241699219e+01,5.450303006172180176e+01
-4.189994037151336670e-01,-4.314478337764739990e-01,-1.495011425018310547e+01,5.450805592536926270e+01
-4.190820455551147461e-01,-4.312704205513000488e-01,-1.495003509521484375e+01,5.451304006576538086e+01
-4.190632700920104980e-01,-4.312816262245178223e-01,-1.495003986358642578e+01,5.451801395416259766e+01
-4.190435409545898438e-01,-4.312927126884460449e-01,-1.495004844665527344e+01,5.452302312850952148e+01
-4.190230965614318848e-01,-4.313056766986846924e-01,-1.495005893707275391e+01,5.452842402458190918e+01
-4.190036952495574951e-01,-4.313221573829650879e-01,-1.495007324218750000e+01,5.453305792808532715e+01
-4.189827144145965576e-01,-4.313380122184753418e-01,-1.495008659362792969e+01,5.453810095787048340e+01
-4.190793931484222412e-01,-4.312475621700286865e-01,-1.494999885559082031e+01,5.454314994812011719e+01
-4.190767109394073486e-01,-4.312619566917419434e-01,-1.495002269744873047e+01,5.454811811447143555e+01
-4.190724194049835205e-01,-4.312715828418731689e-01,-1.495003890991210938e+01,5.455309200286865234e+01
-4.190675318241119385e-01,-4.312843978404998779e-01,-1.495006179809570312e+01,5.455811309814453125e+01
-4.190617501735687256e-01,-4.312973916530609131e-01,-1.495008468627929688e+01,5.456331110000610352e+01
-4.190530478954315186e-01,-4.313099980354309082e-01,-1.495010280609130859e+01,5.456811809539794922e+01
-4.190437197685241699e-01,-4.313235282897949219e-01,-1.495012378692626953e+01,5.457308101654052734e+01
-4.189833104610443115e-01,-4.311855435371398926e-01,-1.494985198974609375e+01,5.457814311981201172e+01
-4.189695715904235840e-01,-4.311884343624114990e-01,-1.494986438751220703e+01,5.458315014839172363e+01
-4.189547896385192871e-01,-4.311935305595397949e-01,-1.494986724853515625e+01,5.458810496330261230e+01
-4.189379215240478516e-01,-4.311979711055755615e-01,-1.494987010955810547e+01,5.459344196319580078e+01
-4.189204275608062744e-01,-4.312002658843994141e-01,-1.494986534118652344e+01,5.459827208518981934e+01
-4.189010858535766602e-01,-4.312037229537963867e-01,-1.494986438751220703e+01,5.460313200950622559e+01
-4.188804328441619873e-01,-4.312072992324829102e-01,-1.494986152648925781e+01,5.460827898979187012e+01
-4.188794195652008057e-01,-4.310508072376251221e-01,-1.494985103607177734e+01,5.461328315734863281e+01
-4.188667833805084229e-01,-4.310558438301086426e-01,-1.494985008239746094e+01,5.461834597587585449e+01
-4.188528060913085938e-01,-4.310601353645324707e-01,-1.494984912872314453e+01,5.462332510948181152e+01
-4.188373684883117676e-01,-4.310635030269622803e-01,-1.494984722137451172e+01,5.462858796119689941e+01
-4.188206195831298828e-01,-4.310682117938995361e-01,-1.494984722137451172e+01,5.463327312469482422e+01
-4.188024103641510010e-01,-4.310738444328308105e-01,-1.494984817504882812e+01,5.463820505142211914e+01
-4.187999367713928223e-01,-4.310196340084075928e-01,-1.494978904724121094e+01,5.464330601692199707e+01
-4.187849164009094238e-01,-4.310224056243896484e-01,-1.494978809356689453e+01,5.464817714691162109e+01
-4.187688827514648438e-01,-4.310279488563537598e-01,-1.494978904724121094e+01,5.465328097343444824e+01
-4.187517464160919189e-01,-4.310349225997924805e-01,-1.494979095458984375e+01,5.465827298164367676e+01
-4.187335968017578125e-01,-4.310471713542938232e-01,-1.494979667663574219e+01,5.466346096992492676e+01
-4.187140464782714844e-01,-4.310581386089324951e-01,-1.494980239868164062e+01,5.466827201843261719e+01
-4.186932146549224854e-01,-4.310692250728607178e-01,-1.494981002807617188e+01,5.467342305183410645e+01
-4.186501502990722656e-01,-4.309669733047485352e-01,-1.494979095458984375e+01,5.467845892906188965e+01
-4.186280965805053711e-01,-4.309721887111663818e-01,-1.494979763031005859e+01,5.468346500396728516e+01
-4.186048209667205811e-01,-4.309772551059722900e-01,-1.494980716705322266e+01,5.468855905532836914e+01
-4.185822010040283203e-01,-4.309899508953094482e-01,-1.494982528686523438e+01,5.469355797767639160e+01
-4.185573160648345947e-01,-4.310000538825988770e-01,-1.494983959197998047e+01,5.469845795631408691e+01
-4.185312986373901367e-01,-4.310106337070465088e-01,-1.494985675811767578e+01,5.470346307754516602e+01
-4.185039997100830078e-01,-4.310171008110046387e-01,-1.494987392425537109e+01,5.470845603942871094e+01
-4.186382293701171875e-01,-4.309718012809753418e-01,-1.494965076446533203e+01,5.471328902244567871e+01
-4.186217784881591797e-01,-4.309786856174468994e-01,-1.494965267181396484e+01,5.471836805343627930e+01
-4.186039268970489502e-01,-4.309867918491363525e-01,-1.494965267181396484e+01,5.472350192070007324e+01
-4.185816943645477295e-01,-4.310004115104675293e-01,-1.494964885711669922e+01,5.472865295410156250e+01
-4.185603857040405273e-01,-4.310130774974822998e-01,-1.494965171813964844e+01,5.473344993591308594e+01
-4.185375273227691650e-01,-4.310277998447418213e-01,-1.494965648651123047e+01,5.473838305473327637e+01
-4.186135530471801758e-01,-4.309540688991546631e-01,-1.494964981079101562e+01,5.474346709251403809e+01
-4.185954928398132324e-01,-4.309587180614471436e-01,-1.494965553283691406e+01,5.474848413467407227e+01
-4.185755550861358643e-01,-4.309642314910888672e-01,-1.494966220855712891e+01,5.475345611572265625e+01
-4.185571968555450439e-01,-4.309797585010528564e-01,-1.494967555999755859e+01,5.475884699821472168e+01
-4.185353815555572510e-01,-4.309884011745452881e-01,-1.494968128204345703e+01,5.476359200477600098e+01
-4.185121357440948486e-01,-4.309965968132019043e-01,-1.494968414306640625e+01,5.476846909523010254e+01
-4.184871912002563477e-01,-4.309976398944854736e-01,-1.494968318939208984e+01,5.477345514297485352e+01
-4.184890389442443848e-01,-4.307675659656524658e-01,-1.494967174530029297e+01,5.477843499183654785e+01
-4.184722006320953369e-01,-4.307691156864166260e-01,-1.494968509674072266e+01,5.478348112106323242e+01
-4.184534549713134766e-01,-4.307791590690612793e-01,-1.494969367980957031e+01,5.478844594955444336e+01
-4.184331595897674561e-01,-4.307903945446014404e-01,-1.494971179962158203e+01,5.479371714591979980e+01
-4.184114933013916016e-01,-4.308082163333892822e-01,-1.494973468780517578e+01,5.479859399795532227e+01
-4.183888733386993408e-01,-4.308290779590606689e-01,-1.494976329803466797e+01,5.480368304252624512e+01
-4.185542762279510498e-01,-4.306109547615051270e-01,-1.494961452484130859e+01,5.480860710144042969e+01
-4.185576140880584717e-01,-4.306125342845916748e-01,-1.494961547851562500e+01,5.481355810165405273e+01
-4.185584485530853271e-01,-4.306141138076782227e-01,-1.494961833953857422e+01,5.481860995292663574e+01
-4.185569286346435547e-01,-4.306210279464721680e-01,-1.494962692260742188e+01,5.482355499267578125e+01
-4.185528457164764404e-01,-4.306265115737915039e-01,-1.494963359832763672e+01,5.482875013351440430e+01
-4.185476005077362061e-01,-4.306343793869018555e-01,-1.494964218139648438e+01,5.483355712890625000e+01
-4.185416400432586670e-01,-4.306440353393554688e-01,-1.494965362548828125e+01,5.483858609199523926e+01
-4.184069335460662842e-01,-4.306270480155944824e-01,-1.494964408874511719e+01,5.484355998039245605e+01
-4.183919131755828857e-01,-4.306290447711944580e-01,-1.494964408874511719e+01,5.484855604171752930e+01
-4.183721542358398438e-01,-4.306280016899108887e-01,-1.494963359832763672e+01,5.485355901718139648e+01
-4.183523952960968018e-01,-4.306306540966033936e-01,-1.494962882995605469e+01,5.485858297348022461e+01
-4.183306992053985596e-01,-4.306348860263824463e-01,-1.494962120056152344e+01,5.486368799209594727e+01
-4.183093011379241943e-01,-4.306451380252838135e-01,-1.494961833953857422e+01,5.486860704421997070e+01
-4.183719754219055176e-01,-4.306145012378692627e-01,-1.494962692260742188e+01,5.487356901168823242e+01
-4.183570444583892822e-01,-4.306199848651885986e-01,-1.494963264465332031e+01,5.487874102592468262e+01
-4.183409214019775391e-01,-4.306239485740661621e-01,-1.494964218139648438e+01,5.488369107246398926e+01
-4.183233976364135742e-01,-4.306294322013854980e-01,-1.494965076446533203e+01,5.488874006271362305e+01
-4.183047711849212646e-01,-4.306359291076660156e-01,-1.494966506958007812e+01,5.489385604858398438e+01
-4.182850420475006104e-01,-4.306443333625793457e-01,-1.494968128204345703e+01,5.489867997169494629e+01
-4.182609319686889648e-01,-4.306495487689971924e-01,-1.494969081878662109e+01,5.490364313125610352e+01
-4.182801246643066406e-01,-4.304464757442474365e-01,-1.494967937469482422e+01,5.490871405601501465e+01
-4.182636737823486328e-01,-4.304530620574951172e-01,-1.494968795776367188e+01,5.491372609138488770e+01
-4.182479083538055420e-01,-4.304510951042175293e-01,-1.494969367980957031e+01,5.491870999336242676e+01
-4.182296991348266602e-01,-4.304564893245697021e-01,-1.494970226287841797e+01,5.492372703552246094e+01
-4.182106852531433105e-01,-4.304643571376800537e-01,-1.494971179962158203e+01,5.492897796630859375e+01
-4.181922674179077148e-01,-4.304817616939544678e-01,-1.494972229003906250e+01,5.493371915817260742e+01
-4.181717932224273682e-01,-4.304959177970886230e-01,-1.494973373413085938e+01,5.493871402740478516e+01
-4.182158112525939941e-01,-4.302926659584045410e-01,-1.494969463348388672e+01,5.494369196891784668e+01
-4.181989133358001709e-01,-4.302923381328582764e-01,-1.494970130920410156e+01,5.494883203506469727e+01
-4.181829988956451416e-01,-4.302930235862731934e-01,-1.494970893859863281e+01,5.495385909080505371e+01
-4.181651175022125244e-01,-4.302939474582672119e-01,-1.494971847534179688e+01,5.495896196365356445e+01
-4.181470870971679688e-01,-4.302975833415985107e-01,-1.494972991943359375e+01,5.496387696266174316e+01
-4.181268513202667236e-01,-4.303008019924163818e-01,-1.494974136352539062e+01,5.496886801719665527e+01
-4.181053340435028076e-01,-4.303065836429595947e-01,-1.494975471496582031e+01,5.497394800186157227e+01
-4.181200861930847168e-01,-4.301576912403106689e-01,-1.494974231719970703e+01,5.497896504402160645e+01
-4.181046187877655029e-01,-4.301444292068481445e-01,-1.494975280761718750e+01,5.498374414443969727e+01
-4.180873632431030273e-01,-4.301363229751586914e-01,-1.494976425170898438e+01,5.498890113830566406e+01
-4.180684089660644531e-01,-4.301283359527587891e-01,-1.494977760314941406e+01,5.499411392211914062e+01
-4.180465936660766602e-01,-4.301261901855468750e-01,-1.494979858398437500e+01,5.499911904335021973e+01
-4.180232584476470947e-01,-4.301226437091827393e-01,-1.494981861114501953e+01,5.500390911102294922e+01
-4.180583655834197998e-01,-4.300081133842468262e-01,-1.494966220855712891e+01,5.500903797149658203e+01
-4.180485308170318604e-01,-4.300248622894287109e-01,-1.494966411590576172e+01,5.501396608352661133e+01
-4.180336594581604004e-01,-4.300372302532196045e-01,-1.494966411590576172e+01,5.501911807060241699e+01
-4.180175364017486572e-01,-4.300522804260253906e-01,-1.494966220855712891e+01,5.502397203445434570e+01
-4.179986417293548584e-01,-4.300641715526580811e-01,-1.494965648651123047e+01,5.502904605865478516e+01
-4.179792106151580811e-01,-4.300789833068847656e-01,-1.494965362548828125e+01,5.503392410278320312e+01
-4.179582893848419189e-01,-4.300934672355651855e-01,-1.494965076446533203e+01,5.503907799720764160e+01
-4.179621636867523193e-01,-4.298453032970428467e-01,-1.494968414306640625e+01,5.504394102096557617e+01
-4.179426431655883789e-01,-4.298493266105651855e-01,-1.494969177246093750e+01,5.504907894134521484e+01
-4.179215729236602783e-01,-4.298543930053710938e-01,-1.494969844818115234e+01,5.505394697189331055e+01
-4.179006814956665039e-01,-4.298675060272216797e-01,-1.494970035552978516e+01,5.505910611152648926e+01
-4.178780913352966309e-01,-4.298770129680633545e-01,-1.494970512390136719e+01,5.506411099433898926e+01
-4.178542792797088623e-01,-4.298881590366363525e-01,-1.494970989227294922e+01,5.506898307800292969e+01
-4.178292155265808105e-01,-4.299013912677764893e-01,-1.494971466064453125e+01,5.507404398918151855e+01
-4.179117679595947266e-01,-4.297611117362976074e-01,-1.494974327087402344e+01,5.507903313636779785e+01
-4.178936183452606201e-01,-4.297675490379333496e-01,-1.494974994659423828e+01,5.508405613899230957e+01
-4.178742468357086182e-01,-4.297745525836944580e-01,-1.494975566864013672e+01,5.508917903900146484e+01
-4.178551733493804932e-01,-4.297863245010375977e-01,-1.494979190826416016e+01,5.509432196617126465e+01
-4.178332984447479248e-01,-4.297931790351867676e-01,-1.494980430603027344e+01,5.509909605979919434e+01
-4.178100824356079102e-01,-4.297994673252105713e-01,-1.494981765747070312e+01,5.510403299331665039e+01
-4.179095625877380371e-01,-4.297306835651397705e-01,-1.494968891143798828e+01,5.510906100273132324e+01
-4.178964197635650635e-01,-4.297400712966918945e-01,-1.494969940185546875e+01,5.511410498619079590e+01
-4.178819656372070312e-01,-4.297505617141723633e-01,-1.494971084594726562e+01,5.511910200119018555e+01
-4.178662002086639404e-01,-4.297665059566497803e-01,-1.494972419738769531e+01,5.512405610084533691e+01
-4.178488850593566895e-01,-4.297821819782257080e-01,-1.494973754882812500e+01,5.512945914268493652e+01
-4.178301692008972168e-01,-4.298005998134613037e-01,-1.494975090026855469e+01,5.513416814804077148e+01
-4.178098142147064209e-01,-4.298184216022491455e-01,-1.494975852966308594e+01,5.513914012908935547e+01
-4.177806377410888672e-01,-4.296689033508300781e-01,-1.494956874847412109e+01,5.514420604705810547e+01
-4.177638590335845947e-01,-4.296770095825195312e-01,-1.494957447052001953e+01,5.514922904968261719e+01
-4.177461266517639160e-01,-4.296846091747283936e-01,-1.494958019256591797e+01,5.515424203872680664e+01
-4.177267849445343018e-01,-4.296874701976776123e-01,-1.494957923889160156e+01,5.515936899185180664e+01
-4.177062809467315674e-01,-4.296956062316894531e-01,-1.494958114624023438e+01,5.516437697410583496e+01
-4.176841676235198975e-01,-4.297044575214385986e-01,-1.494958019256591797e+01,5.516922593116760254e+01
-4.176590144634246826e-01,-4.297167360782623291e-01,-1.494957923889160156e+01,5.517421102523803711e+01
-4.177150428295135498e-01,-4.296267628669738770e-01,-1.494959449768066406e+01,5.517935609817504883e+01
-4.176990091800689697e-01,-4.296348094940185547e-01,-1.494961357116699219e+01,5.518420815467834473e+01
-4.176835417747497559e-01,-4.296409785747528076e-01,-1.494962978363037109e+01,5.518925213813781738e+01
-4.176650047302246094e-01,-4.296475648880004883e-01,-1.494964790344238281e+01,5.519448494911193848e+01
-4.176450669765472412e-01,-4.296534061431884766e-01,-1.494966506958007812e+01,5.519941210746765137e+01
-4.176220297813415527e-01,-4.296613037586212158e-01,-1.494967746734619141e+01,5.520423913002014160e+01
-4.176546931266784668e-01,-4.294081032276153564e-01,-1.494949913024902344e+01,5.520936512947082520e+01
-4.176407456398010254e-01,-4.294132888317108154e-01,-1.494950580596923828e+01,5.521437811851501465e+01
-4.176269173622131348e-01,-4.294184148311614990e-01,-1.494950103759765625e+01,5.521936106681823730e+01
-4.176108241081237793e-01,-4.294246733188629150e-01,-1.494950199127197266e+01,5.522433996200561523e+01
-4.175935685634613037e-01,-4.294321537017822266e-01,-1.494950199127197266e+01,5.522951602935791016e+01
-4.175748825073242188e-01,-4.294390082359313965e-01,-1.494950580596923828e+01,5.523443603515625000e+01
-4.175544381141662598e-01,-4.294466376304626465e-01,-1.494950771331787109e+01,5.523941993713378906e+01
-4.175807535648345947e-01,-4.292857050895690918e-01,-1.494953536987304688e+01,5.524433708190917969e+01
-4.175653159618377686e-01,-4.292816221714019775e-01,-1.494953536987304688e+01,5.524934911727905273e+01
-4.175445735454559326e-01,-4.292759001255035400e-01,-1.494952392578125000e+01,5.525436210632324219e+01
-4.175252020359039307e-01,-4.292731583118438721e-01,-1.494952201843261719e+01,5.525965094566345215e+01
-4.175050556659698486e-01,-4.292696714401245117e-01,-1.494952106475830078e+01,5.526449513435363770e+01
-4.174840450286865234e-01,-4.292635917663574219e-01,-1.494952774047851562e+01,5.526950192451477051e+01
-4.174612164497375488e-01,-4.292593598365783691e-01,-1.494953250885009766e+01,5.527448797225952148e+01
-4.174683392047882080e-01,-4.292348921298980713e-01,-1.494942855834960938e+01,5.527949905395507812e+01
-4.174523949623107910e-01,-4.292537569999694824e-01,-1.494942951202392578e+01,5.528448605537414551e+01
-4.174339175224304199e-01,-4.292681515216827393e-01,-1.494942569732666016e+01,5.528948998451232910e+01
-4.174134433269500732e-01,-4.292824566364288330e-01,-1.494941997528076172e+01,5.529471707344055176e+01
-4.173925220966339111e-01,-4.292854964733123779e-01,-1.494940948486328125e+01,5.529952907562255859e+01
-4.173698425292968750e-01,-4.292949736118316650e-01,-1.494940185546875000e+01,5.530446004867553711e+01
-4.174773693084716797e-01,-4.292272925376892090e-01,-1.494940471649169922e+01,5.530945992469787598e+01
-4.174687862396240234e-01,-4.292378127574920654e-01,-1.494940662384033203e+01,5.531442403793334961e+01
-4.174586236476898193e-01,-4.292398095130920410e-01,-1.494941139221191406e+01,5.531952810287475586e+01
-4.174468517303466797e-01,-4.292410910129547119e-01,-1.494941616058349609e+01,5.532435512542724609e+01
-4.174333810806274414e-01,-4.292431473731994629e-01,-1.494942188262939453e+01,5.532966399192810059e+01
-4.174183607101440430e-01,-4.292522966861724854e-01,-1.494943046569824219e+01,5.533431601524353027e+01
-4.174019992351531982e-01,-4.292612373828887939e-01,-1.494944286346435547e+01,5.533963894844055176e+01
-4.174051582813262939e-01,-4.292075335979461670e-01,-1.494935798645019531e+01,5.534458708763122559e+01
-4.173924624919891357e-01,-4.292140305042266846e-01,-1.494937801361083984e+01,5.534964609146118164e+01
-4.173777401447296143e-01,-4.292199313640594482e-01,-1.494939327239990234e+01,5.535456299781799316e+01
-4.173615872859954834e-01,-4.292244315147399902e-01,-1.494940948486328125e+01,5.535970306396484375e+01
-4.173421859741210938e-01,-4.292245507240295410e-01,-1.494942188262939453e+01,5.536463594436645508e+01
-4.173220098018646240e-01,-4.292270541191101074e-01,-1.494943714141845703e+01,5.536964607238769531e+01
-4.173050224781036377e-01,-4.291164278984069824e-01,-1.494935417175292969e+01,5.537463212013244629e+01
-4.172893464565277100e-01,-4.291295111179351807e-01,-1.494935512542724609e+01,5.537960696220397949e+01
-4.172716140747070312e-01,-4.291449785232543945e-01,-1.494935989379882812e+01,5.538459515571594238e+01
-4.172527492046356201e-01,-4.291634857654571533e-01,-1.494936466217041016e+01,5.538964009284973145e+01
-4.172323346138000488e-01,-4.291839301586151123e-01,-1.494936656951904297e+01,5.539485096931457520e+01
-4.172104895114898682e-01,-4.292050898075103760e-01,-1.494936943054199219e+01,5.539981412887573242e+01
-4.171871244907379150e-01,-4.292277395725250244e-01,-1.494937229156494141e+01,5.540459394454956055e+01
-4.172658622264862061e-01,-4.289019405841827393e-01,-1.494928169250488281e+01,5.540982103347778320e+01
-4.172491729259490967e-01,-4.289093017578125000e-01,-1.494927406311035156e+01,5.541465497016906738e+01
-4.172317385673522949e-01,-4.289202988147735596e-01,-1.494926643371582031e+01,5.541979193687438965e+01
-4.172129631042480469e-01,-4.289342164993286133e-01,-1.494926071166992188e+01,5.542472815513610840e+01
-4.171921610832214355e-01,-4.289387166500091553e-01,-1.494925594329833984e+01,5.542975401878356934e+01
-4.171695709228515625e-01,-4.289495050907135010e-01,-1.494925308227539062e+01,5.543466806411743164e+01
-4.171450138092041016e-01,-4.289593994617462158e-01,-1.494925212860107422e+01,5.543980503082275391e+01
-4.171949625015258789e-01,-4.288264811038970947e-01,-1.494933986663818359e+01,5.544470000267028809e+01
-4.171791374683380127e-01,-4.288331270217895508e-01,-1.494935035705566406e+01,5.544979095458984375e+01
-4.171624779701232910e-01,-4.288384020328521729e-01,-1.494936084747314453e+01,5.545464897155761719e+01
-4.171428978443145752e-01,-4.288379848003387451e-01,-1.494937038421630859e+01,5.545999813079833984e+01
-4.171220958232879639e-01,-4.288410246372222900e-01,-1.494938182830810547e+01,5.546487092971801758e+01
-4.170992374420166016e-01,-4.288443326950073242e-01,-1.494939231872558594e+01,5.546979808807373047e+01
-4.170762002468109131e-01,-4.288555681705474854e-01,-1.494939994812011719e+01,5.547472000122070312e+01
-4.171094000339508057e-01,-4.287818670272827148e-01,-1.494913864135742188e+01,5.547987294197082520e+01
-4.170929193496704102e-01,-4.287846982479095459e-01,-1.494914054870605469e+01,5.548485398292541504e+01
-4.170752167701721191e-01,-4.287912845611572266e-01,-1.494914245605468750e+01,5.548990797996520996e+01
-4.170567393302917480e-01,-4.287985265254974365e-01,-1.494914722442626953e+01,5.549507093429565430e+01
-4.170372486114501953e-01,-4.288088679313659668e-01,-1.494915390014648438e+01,5.549976801872253418e+01
-4.170162975788116455e-01,-4.288203418254852295e-01,-1.494916248321533203e+01,5.550465607643127441e+01
-4.170958995819091797e-01,-4.287685453891754150e-01,-1.494912052154541016e+01,5.550981092453002930e+01
-4.170844554901123047e-01,-4.287696778774261475e-01,-1.494911670684814453e+01,5.551466608047485352e+01
-4.170717895030975342e-01,-4.287717640399932861e-01,-1.494911289215087891e+01,5.551975798606872559e+01
-4.170607924461364746e-01,-4.287732839584350586e-01,-1.494910717010498047e+01,5.552479004859924316e+01
-4.170469343662261963e-01,-4.287763833999633789e-01,-1.494910526275634766e+01,5.553002309799194336e+01
-4.170319437980651855e-01,-4.287797510623931885e-01,-1.494910526275634766e+01,5.553484892845153809e+01
-4.170159697532653809e-01,-4.287835061550140381e-01,-1.494911098480224609e+01,5.553987503051757812e+01
-4.169597327709197998e-01,-4.286520183086395264e-01,-1.494910049438476562e+01,5.554482007026672363e+01
-4.169453978538513184e-01,-4.286533296108245850e-01,-1.494909572601318359e+01,5.555003404617309570e+01
-4.169264435768127441e-01,-4.286541938781738281e-01,-1.494907855987548828e+01,5.555496597290039062e+01
-4.169076085090637207e-01,-4.286560416221618652e-01,-1.494906997680664062e+01,5.556015896797180176e+01
-4.168868660926818848e-01,-4.286579489707946777e-01,-1.494905948638916016e+01,5.556505012512207031e+01
-4.168648421764373779e-01,-4.286606013774871826e-01,-1.494905948638916016e+01,5.557004499435424805e+01
-4.168907403945922852e-01,-4.285727441310882568e-01,-1.494918155670166016e+01,5.557496404647827148e+01
-4.168746769428253174e-01,-4.285770356655120850e-01,-1.494919013977050781e+01,5.558003997802734375e+01
-4.168568849563598633e-01,-4.285809397697448730e-01,-1.494920063018798828e+01,5.558493208885192871e+01
-4.168369770050048828e-01,-4.285821020603179932e-01,-1.494921112060546875e+01,5.559003615379333496e+01
-4.168150126934051514e-01,-4.285864531993865967e-01,-1.494922256469726562e+01,5.559523510932922363e+01
-4.167910516262054443e-01,-4.285913109779357910e-01,-1.494923591613769531e+01,5.559995603561401367e+01
-4.167670309543609619e-01,-4.286005198955535889e-01,-1.494925022125244141e+01,5.560491108894348145e+01
-4.168568849563598633e-01,-4.284687340259552002e-01,-1.494917964935302734e+01,5.561009311676025391e+01
-4.168413877487182617e-01,-4.284754991531372070e-01,-1.494917869567871094e+01,5.561512708663940430e+01
-4.168248772621154785e-01,-4.284818768501281738e-01,-1.494918918609619141e+01,5.562008905410766602e+01
-4.168066978454589844e-01,-4.284885823726654053e-01,-1.494919395446777344e+01,5.562505102157592773e+01
-4.167872667312622070e-01,-4.284950792789459229e-01,-1.494920063018798828e+01,5.563010311126708984e+01
-4.167661070823669434e-01,-4.284983873367309570e-01,-1.494920253753662109e+01,5.563505911827087402e+01
-4.167438745498657227e-01,-4.285035133361816406e-01,-1.494920730590820312e+01,5.564008998870849609e+01
-4.167777597904205322e-01,-4.283877313137054443e-01,-1.494918632507324219e+01,5.564507603645324707e+01
-4.167571067810058594e-01,-4.283961057662963867e-01,-1.494918251037597656e+01,5.565009212493896484e+01
-4.167357981204986572e-01,-4.284025132656097412e-01,-1.494917774200439453e+01,5.565509700775146484e+01
-4.167126715183258057e-01,-4.284092187881469727e-01,-1.494917201995849609e+01,5.566033506393432617e+01
-4.166896939277648926e-01,-4.284142851829528809e-01,-1.494917011260986328e+01,5.566516900062561035e+01
-4.166645705699920654e-01,-4.284206926822662354e-01,-1.494916534423828125e+01,5.567007112503051758e+01
-4.168239533901214600e-01,-4.284203648567199707e-01,-1.494921398162841797e+01,5.567508411407470703e+01
-4.168131947517395020e-01,-4.284234046936035156e-01,-1.494922542572021484e+01,5.568017005920410156e+01
-4.167979657649993896e-01,-4.284252524375915527e-01,-1.494923114776611328e+01,5.568520498275756836e+01
-4.167834520339965820e-01,-4.284293353557586670e-01,-1.494924163818359375e+01,5.569023203849792480e+01
-4.167673885822296143e-01,-4.284340739250183105e-01,-1.494925308227539062e+01,5.569545197486877441e+01
-4.167515933513641357e-01,-4.284407794475555420e-01,-1.494926738739013672e+01,5.570009803771972656e+01
-4.167335629463195801e-01,-4.284473955631256104e-01,-1.494928073883056641e+01,5.570519113540649414e+01
-4.167739748954772949e-01,-4.284508824348449707e-01,-1.494912052154541016e+01,5.571024298667907715e+01
-4.167611300945281982e-01,-4.284531176090240479e-01,-1.494911575317382812e+01,5.571524596214294434e+01
-4.167471230030059814e-01,-4.284597039222717285e-01,-1.494911575317382812e+01,5.572033715248107910e+01
-4.167320430278778076e-01,-4.284679889678955078e-01,-1.494911670684814453e+01,5.572525215148925781e+01
-4.167145788669586182e-01,-4.284805953502655029e-01,-1.494912624359130859e+01,5.573029303550720215e+01
-4.166958928108215332e-01,-4.284923672676086426e-01,-1.494913291931152344e+01,5.573556113243103027e+01
-4.166754484176635742e-01,-4.285048544406890869e-01,-1.494914054870605469e+01,5.574030303955078125e+01
-4.167173504829406738e-01,-4.283679127693176270e-01,-1.494919204711914062e+01,5.574537396430969238e+01
-4.167014956474304199e-01,-4.283737242221832275e-01,-1.494919586181640625e+01,5.575043296813964844e+01
-4.166843593120574951e-01,-4.283787906169891357e-01,-1.494920063018798828e+01,5.575535297393798828e+01
-4.166659414768218994e-01,-4.283834993839263916e-01,-1.494920825958251953e+01,5.576069402694702148e+01
-4.166461229324340820e-01,-4.283916652202606201e-01,-1.494921207427978516e+01,5.576542401313781738e+01
-4.166249930858612061e-01,-4.283978343009948730e-01,-1.494921875000000000e+01,5.577041602134704590e+01
-4.166563749313354492e-01,-4.282608926296234131e-01,-1.494922733306884766e+01,5.577543306350708008e+01
-4.166408479213714600e-01,-4.282683134078979492e-01,-1.494924736022949219e+01,5.578021693229675293e+01
-4.166236221790313721e-01,-4.282736480236053467e-01,-1.494926261901855469e+01,5.578522515296936035e+01
-4.166052937507629395e-01,-4.282790720462799072e-01,-1.494927883148193359e+01,5.579035115242004395e+01
-4.165839850902557373e-01,-4.282853603363037109e-01,-1.494928836822509766e+01,5.579554295539855957e+01
-4.165620505809783936e-01,-4.282914698123931885e-01,-1.494930267333984375e+01,5.580047607421875000e+01
-4.165383875370025635e-01,-4.282965064048767090e-01,-1.494931697845458984e+01,5.580544400215148926e+01
-4.166308045387268066e-01,-4.281293749809265137e-01,-1.494923973083496094e+01,5.581049609184265137e+01
-4.166180193424224854e-01,-4.281336367130279541e-01,-1.494924640655517578e+01,5.581538915634155273e+01
-4.166025817394256592e-01,-4.281354844570159912e-01,-1.494925117492675781e+01,5.582045292854309082e+01
-4.165850877761840820e-01,-4.281387031078338623e-01,-1.494924545288085938e+01,5.582553911209106445e+01
-4.165664315223693848e-01,-4.281413853168487549e-01,-1.494924449920654297e+01,5.583051109313964844e+01
-4.165463447570800781e-01,-4.281449615955352783e-01,-1.494924545288085938e+01,5.583541512489318848e+01
-4.165234565734863281e-01,-4.281525611877441406e-01,-1.494925594329833984e+01,5.584067893028259277e+01
-4.165658950805664062e-01,-4.280669093132019043e-01,-1.494918060302734375e+01,5.584548902511596680e+01
-4.165435731410980225e-01,-4.280776083469390869e-01,-1.494917678833007812e+01,5.585050606727600098e+01
-4.165199398994445801e-01,-4.280904531478881836e-01,-1.494917201995849609e+01,5.585552000999450684e+01
-4.164997041225433350e-01,-4.281113445758819580e-01,-1.494918346405029297e+01,5.586083507537841797e+01
-4.164762198925018311e-01,-4.281269311904907227e-01,-1.494917964935302734e+01,5.586553192138671875e+01
-4.164518713951110840e-01,-4.281442761421203613e-01,-1.494917678833007812e+01,5.587055110931396484e+01
-4.165157973766326904e-01,-4.280655086040496826e-01,-1.494916152954101562e+01,5.587566113471984863e+01
-4.164979159832000732e-01,-4.280689656734466553e-01,-1.494916439056396484e+01,5.588051104545593262e+01
-4.164783060550689697e-01,-4.280727803707122803e-01,-1.494916725158691406e+01,5.588558506965637207e+01
-4.164596199989318848e-01,-4.280768930912017822e-01,-1.494916725158691406e+01,5.589061594009399414e+01
-4.164384603500366211e-01,-4.280843436717987061e-01,-1.494917201995849609e+01,5.589571714401245117e+01
-4.164161682128906250e-01,-4.280949234962463379e-01,-1.494917869567871094e+01,5.590082907676696777e+01
-4.163930416107177734e-01,-4.281100928783416748e-01,-1.494919395446777344e+01,5.590551114082336426e+01
-4.164927303791046143e-01,-4.280685484409332275e-01,-1.494910907745361328e+01,5.591062808036804199e+01
-4.164741039276123047e-01,-4.280713200569152832e-01,-1.494911670684814453e+01,5.591548204421997070e+01
-4.164534807205200195e-01,-4.280708730220794678e-01,-1.494911289215087891e+01,5.592047309875488281e+01
-4.164324104785919189e-01,-4.280717372894287109e-01,-1.494911479949951172e+01,5.592575502395629883e+01
-4.164097607135772705e-01,-4.280723035335540771e-01,-1.494911289215087891e+01,5.593076300621032715e+01
-4.163865447044372559e-01,-4.280687272548675537e-01,-1.494911479949951172e+01,5.593564295768737793e+01
-4.164352118968963623e-01,-4.280285835266113281e-01,-1.494916629791259766e+01,5.594076108932495117e+01
-4.167528152465820312e-01,-4.278999269008636475e-01,-1.494929790496826172e+01,5.594561100006103516e+01
-4.168428480625152588e-01,-4.278607666492462158e-01,-1.494937801361083984e+01,5.595077013969421387e+01
-4.168315827846527100e-01,-4.279093146324157715e-01,-1.494935226440429688e+01,5.595565700531005859e+01
-4.168759584426879883e-01,-4.279135167598724365e-01,-1.494938468933105469e+01,5.596098899841308594e+01
-4.169278144836425781e-01,-4.279243648052215576e-01,-1.494941997528076172e+01,5.596562409400939941e+01
-4.169469177722930908e-01,-4.278895854949951172e-01,-1.494939517974853516e+01,5.597058606147766113e+01
-4.162751734256744385e-01,-4.281501471996307373e-01,-1.494912910461425781e+01,5.597563004493713379e+01
-4.162124693393707275e-01,-4.282183051109313965e-01,-1.494905090332031250e+01,5.598060011863708496e+01
-4.161419868469238281e-01,-4.282164573669433594e-01,-1.494895648956298828e+01,5.598561406135559082e+01
-4.160595238208770752e-01,-4.282628595829010010e-01,-1.494884300231933594e+01,5.599063014984130859e+01
-4.159678816795349121e-01,-4.283141493797302246e-01,-1.494871425628662109e+01,5.599577808380126953e+01
-4.158810377120971680e-01,-4.283831119537353516e-01,-1.494862365722656250e+01,5.600081300735473633e+01
-4.157826304435729980e-01,-4.284517467021942139e-01,-1.494850635528564453e+01,5.600573205947875977e+01
-4.162431061267852783e-01,-4.277878403663635254e-01,-1.494851779937744141e+01,5.601062011718750000e+01
-4.161725044250488281e-01,-4.277603328227996826e-01,-1.494848918914794922e+01,5.601657509803771973e+01
-4.160952866077423096e-01,-4.277232587337493896e-01,-1.494843673706054688e+01,5.602078914642333984e+01
-4.160104990005493164e-01,-4.276906847953796387e-01,-1.494839572906494141e+01,5.602589106559753418e+01
-4.159216582775115967e-01,-4.276583790779113770e-01,-1.494836425781250000e+01,5.603079009056091309e+01
-4.158312678337097168e-01,-4.276196062564849854e-01,-1.494834709167480469e+01,5.603575897216796875e+01
-4.157377183437347412e-01,-4.275713264942169189e-01,-1.494834041595458984e+01,5.604078292846679688e+01
-4.161208570003509521e-01,-4.277399778366088867e-01,-1.494808959960937500e+01,5.604589009284973145e+01
-4.160926640033721924e-01,-4.277420341968536377e-01,-1.494798851013183594e+01,5.605076813697814941e+01
-4.160487353801727295e-01,-4.277461469173431396e-01,-1.494794750213623047e+01,5.605583000183105469e+01
-4.160075783729553223e-01,-4.277537465095520020e-01,-1.494790363311767578e+01,5.606121397018432617e+01
-4.159706234931945801e-01,-4.277706742286682129e-01,-1.494782829284667969e+01,5.606583213806152344e+01
-4.159349501132965088e-01,-4.277845025062561035e-01,-1.494775390625000000e+01,5.607079195976257324e+01
-4.161820411682128906e-01,-4.278413057327270508e-01,-1.494747066497802734e+01,5.607588505744934082e+01
-4.161626100540161133e-01,-4.278411865234375000e-01,-1.494740104675292969e+01,5.608094501495361328e+01
-4.161513745784759521e-01,-4.278391003608703613e-01,-1.494731044769287109e+01,5.608655309677124023e+01
-4.161401689052581787e-01,-4.278372824192047119e-01,-1.494721698760986328e+01,5.609103202819824219e+01
-4.161475598812103271e-01,-4.278327226638793945e-01,-1.494717121124267578e+01,5.609604406356811523e+01
-4.161526858806610107e-01,-4.278304874897003174e-01,-1.494711589813232422e+01,5.610099315643310547e+01
-4.161637127399444580e-01,-4.278301596641540527e-01,-1.494707012176513672e+01,5.610605001449584961e+01
-4.163798391819000244e-01,-4.277908802032470703e-01,-1.494693756103515625e+01,5.611103010177612305e+01
-4.163659512996673584e-01,-4.278000295162200928e-01,-1.494699192047119141e+01,5.611604404449462891e+01
-4.163777530193328857e-01,-4.278021752834320068e-01,-1.494703388214111328e+01,5.612099313735961914e+01
-4.163867831230163574e-01,-4.278032481670379639e-01,-1.494709396362304688e+01,5.612665295600891113e+01
-4.163832366466522217e-01,-4.277880787849426270e-01,-1.494715404510498047e+01,5.613116502761840820e+01
-4.163810014724731445e-01,-4.277789890766143799e-01,-1.494724178314208984e+01,5.613673210144042969e+01
-4.163747727870941162e-01,-4.277674555778503418e-01,-1.494734859466552734e+01,5.614101815223693848e+01
-4.162899851799011230e-01,-4.276354312896728516e-01,-1.494676399230957031e+01,5.614604496955871582e+01
-4.162771105766296387e-01,-4.276503324508666992e-01,-1.494681930541992188e+01,5.615113210678100586e+01
-4.162621498107910156e-01,-4.276679456233978271e-01,-1.494687366485595703e+01,5.615647912025451660e+01
-4.162467718124389648e-01,-4.276853501796722412e-01,-1.494688510894775391e+01,5.616137194633483887e+01
-4.162310063838958740e-01,-4.277034401893615723e-01,-1.494691276550292969e+01,5.616674709320068359e+01
-4.162150621414184570e-01,-4.277225136756896973e-01,-1.494693660736083984e+01,5.617115402221679688e+01
-4.164101779460906982e-01,-4.277109503746032715e-01,-1.494682502746582031e+01,5.617661499977111816e+01
-4.164085686206817627e-01,-4.277181029319763184e-01,-1.494681835174560547e+01,5.618104696273803711e+01
-4.164083003997802734e-01,-4.277249872684478760e-01,-1.494680976867675781e+01,5.618626213073730469e+01
-4.164085984230041504e-01,-4.277322888374328613e-01,-1.494679546356201172e+01,5.619116902351379395e+01
-4.164015352725982666e-01,-4.277456998825073242e-01,-1.494677066802978516e+01,5.619686913490295410e+01
-4.163973629474639893e-01,-4.277594983577728271e-01,-1.494674110412597656e+01,5.620122194290161133e+01
-4.163921177387237549e-01,-4.277762770652770996e-01,-1.494670391082763672e+01,5.620649099349975586e+01
-4.165884554386138916e-01,-4.280326068401336670e-01,-1.494701385498046875e+01,5.621127700805664062e+01
-4.165892004966735840e-01,-4.280572235584259033e-01,-1.494699287414550781e+01,5.621640205383300781e+01
-4.165884554386138916e-01,-4.280837178230285645e-01,-1.494696521759033203e+01,5.622125196456909180e+01
-4.165143370628356934e-01,-4.280876219272613525e-01,-1.494697093963623047e+01,5.622676610946655273e+01
-4.164841473102569580e-01,-4.281112551689147949e-01,-1.494694423675537109e+01,5.623123598098754883e+01
-4.164476990699768066e-01,-4.281331896781921387e-01,-1.494691658020019531e+01,5.623637104034423828e+01
-4.164128899574279785e-01,-4.281534254550933838e-01,-1.494691467285156250e+01,5.624124503135681152e+01
-4.164491295814514160e-01,-4.278399050235748291e-01,-1.494678306579589844e+01,5.624643707275390625e+01
-4.164109230041503906e-01,-4.278463125228881836e-01,-1.494677162170410156e+01,5.625130200386047363e+01
-4.163832366466522217e-01,-4.278566837310791016e-01,-1.494679737091064453e+01,5.625676894187927246e+01
-4.163464605808258057e-01,-4.278659522533416748e-01,-1.494681549072265625e+01,5.626143813133239746e+01
-4.163085818290710449e-01,-4.278758764266967773e-01,-1.494684696197509766e+01,5.626676797866821289e+01
-4.162806570529937744e-01,-4.278781116008758545e-01,-1.494688034057617188e+01,5.627141904830932617e+01
-4.164390861988067627e-01,-4.275515675544738770e-01,-1.494666099548339844e+01,5.627671504020690918e+01
-4.164216518402099609e-01,-4.275469779968261719e-01,-1.494668006896972656e+01,5.628133010864257812e+01
-4.164058268070220947e-01,-4.275418221950531006e-01,-1.494670581817626953e+01,5.628687214851379395e+01
-4.164000749588012695e-01,-4.275463521480560303e-01,-1.494670104980468750e+01,5.629129195213317871e+01
-4.163925945758819580e-01,-4.275452196598052979e-01,-1.494671726226806641e+01,5.629666304588317871e+01
-4.163882136344909668e-01,-4.275448918342590332e-01,-1.494673252105712891e+01,5.630136108398437500e+01
-4.163848459720611572e-01,-4.275444447994232178e-01,-1.494674015045166016e+01,5.630668592453002930e+01
-4.165107607841491699e-01,-4.274401962757110596e-01,-1.494660758972167969e+01,5.631137800216674805e+01
-4.165219068527221680e-01,-4.274426400661468506e-01,-1.494661712646484375e+01,5.631673002243041992e+01
-4.165193140506744385e-01,-4.274558126926422119e-01,-1.494663143157958984e+01,5.632140302658081055e+01
-4.165252149105072021e-01,-4.274635314941406250e-01,-1.494664669036865234e+01,5.632695508003234863e+01
-4.165307879447937012e-01,-4.274734258651733398e-01,-1.494666290283203125e+01,5.633148193359375000e+01
-4.165189862251281738e-01,-4.274831712245941162e-01,-1.494667530059814453e+01,5.633672904968261719e+01
-4.165094792842864990e-01,-4.274951815605163574e-01,-1.494669151306152344e+01,5.634152007102966309e+01
-4.165055751800537109e-01,-4.273918271064758301e-01,-1.494659900665283203e+01,5.634675598144531250e+01
-4.164803922176361084e-01,-4.274002611637115479e-01,-1.494661331176757812e+01,5.635151910781860352e+01
-4.164486229419708252e-01,-4.274014830589294434e-01,-1.494662189483642578e+01,5.635659909248352051e+01
-4.164118468761444092e-01,-4.274012148380279541e-01,-1.494663047790527344e+01,5.636161494255065918e+01
-4.163708090782165527e-01,-4.274012148380279541e-01,-1.494664096832275391e+01,5.636655712127685547e+01
-4.163324534893035889e-01,-4.274107813835144043e-01,-1.494664287567138672e+01,5.637154912948608398e+01
-4.165023267269134521e-01,-4.274660944938659668e-01,-1.494646358489990234e+01,5.637660598754882812e+01
-4.164744317531585693e-01,-4.274715185165405273e-01,-1.494646167755126953e+01,5.638147401809692383e+01
-4.164559245109558105e-01,-4.274756014347076416e-01,-1.494646835327148438e+01,5.638660597801208496e+01
-4.164282083511352539e-01,-4.274831712245941162e-01,-1.494646453857421875e+01,5.639153814315795898e+01
-4.163987338542938232e-01,-4.274919927120208740e-01,-1.494645690917968750e+01,5.639676403999328613e+01
-4.163743555545806885e-01,-4.275030195713043213e-01,-1.494644832611083984e+01,5.640156698226928711e+01
-4.163472354412078857e-01,-4.275140762329101562e-01,-1.494643783569335938e+01,5.640672707557678223e+01
-4.165258109569549561e-01,-4.275658428668975830e-01,-1.494632911682128906e+01,5.641168594360351562e+01
-4.165230393409729004e-01,-4.275673627853393555e-01,-1.494632720947265625e+01,5.641686701774597168e+01
-4.165179729461669922e-01,-4.275755584239959717e-01,-1.494632625579833984e+01,5.642166399955749512e+01
-4.165144562721252441e-01,-4.275849461555480957e-01,-1.494632530212402344e+01,5.642697906494140625e+01
-4.165061712265014648e-01,-4.275990128517150879e-01,-1.494633483886718750e+01,5.643155312538146973e+01
-4.165003597736358643e-01,-4.276111423969268799e-01,-1.494634437561035156e+01,5.643683910369873047e+01
-4.164931476116180420e-01,-4.273917973041534424e-01,-1.494622516632080078e+01,5.644165611267089844e+01
-4.164777696132659912e-01,-4.273927211761474609e-01,-1.494624614715576172e+01,5.644696903228759766e+01
-4.164640605449676514e-01,-4.273934066295623779e-01,-1.494626331329345703e+01,5.645162105560302734e+01
-4.164492785930633545e-01,-4.273953139781951904e-01,-1.494628810882568359e+01,5.645675015449523926e+01
-4.164337813854217529e-01,-4.273974597454071045e-01,-1.494632053375244141e+01,5.646185898780822754e+01
-4.164113998413085938e-01,-4.273984134197235107e-01,-1.494633483886718750e+01,5.646675395965576172e+01
-4.163900017738342285e-01,-4.274029135704040527e-01,-1.494636726379394531e+01,5.647173309326171875e+01
-4.164626598358154297e-01,-4.273600578308105469e-01,-1.494621658325195312e+01,5.647680997848510742e+01
-4.164458215236663818e-01,-4.273718893527984619e-01,-1.494622325897216797e+01,5.648166704177856445e+01
-4.164259135723114014e-01,-4.273817539215087891e-01,-1.494623661041259766e+01,5.648703694343566895e+01
-4.164040982723236084e-01,-4.273918867111206055e-01,-1.494624805450439453e+01,5.649172210693359375e+01
-4.163821339607238770e-01,-4.274009168148040771e-01,-1.494625854492187500e+01,5.649673604965209961e+01
-4.163580834865570068e-01,-4.274123907089233398e-01,-1.494626808166503906e+01,5.650172209739685059e+01
-4.163327515125274658e-01,-4.274253547191619873e-01,-1.494627571105957031e+01,5.650675702095031738e+01
-4.164616167545318604e-01,-4.273827672004699707e-01,-1.494613742828369141e+01,5.651172614097595215e+01
-4.164448082447052002e-01,-4.273986816406250000e-01,-1.494615650177001953e+01,5.651685905456542969e+01
-4.164261221885681152e-01,-4.274186789989471436e-01,-1.494617748260498047e+01,5.652178907394409180e+01
-4.164063036441802979e-01,-4.274437427520751953e-01,-1.494620227813720703e+01,5.652697205543518066e+01
-4.163851439952850342e-01,-4.274671673774719238e-01,-1.494622421264648438e+01,5.653186893463134766e+01
-4.163626134395599365e-01,-4.274927079677581787e-01,-1.494624805450439453e+01,5.653691792488098145e+01
-4.165160655975341797e-01,-4.272554814815521240e-01,-1.494608306884765625e+01,5.654186797142028809e+01
-4.165021181106567383e-01,-4.272517263889312744e-01,-1.494608402252197266e+01,5.654708409309387207e+01
-4.164849519729614258e-01,-4.272558689117431641e-01,-1.494608497619628906e+01,5.655198597908020020e+01
-4.164665639400482178e-01,-4.272609055042266846e-01,-1.494608306884765625e+01,5.655693507194519043e+01
-4.164472818374633789e-01,-4.272721111774444580e-01,-1.494607639312744141e+01,5.656200194358825684e+01
-4.164269566535949707e-01,-4.272813498973846436e-01,-1.494606971740722656e+01,5.656708002090454102e+01
-4.164052307605743408e-01,-4.272920489311218262e-01,-1.494606304168701172e+01,5.657192611694335938e+01
-4.165641367435455322e-01,-4.273912906646728516e-01,-1.494604587554931641e+01,5.657699394226074219e+01
-4.165496826171875000e-01,-4.274004697799682617e-01,-1.494605731964111328e+01,5.658189511299133301e+01
-4.165338575839996338e-01,-4.274106025695800781e-01,-1.494606876373291016e+01,5.658702301979064941e+01
-4.165169298648834229e-01,-4.274237155914306641e-01,-1.494608592987060547e+01,5.659188008308410645e+01
-4.164986908435821533e-01,-4.274330437183380127e-01,-1.494610214233398438e+01,5.659711694717407227e+01
-4.164793193340301514e-01,-4.274447858333587646e-01,-1.494611644744873047e+01,5.660187005996704102e+01
-4.164602458477020264e-01,-4.274553656578063965e-01,-1.494612503051757812e+01,5.660705304145812988e+01
-4.165871143341064453e-01,-4.272944927215576172e-01,-1.494581317901611328e+01,5.661201214790344238e+01
-4.165713787078857422e-01,-4.273067116737365723e-01,-1.494580554962158203e+01,5.661699199676513672e+01
-4.165555536746978760e-01,-4.273118972778320312e-01,-1.494580936431884766e+01,5.662235403060913086e+01
-4.165392816066741943e-01,-4.273202717304229736e-01,-1.494580841064453125e+01,5.662722110748291016e+01
-4.165222644805908203e-01,-4.273260533809661865e-01,-1.494580459594726562e+01,5.663197612762451172e+01
-4.165043234825134277e-01,-4.273296892642974854e-01,-1.494579601287841797e+01,5.663694906234741211e+01
-4.165852069854736328e-01,-4.273354411125183105e-01,-1.494569015502929688e+01,5.664201807975769043e+01
-4.165700972080230713e-01,-4.273338615894317627e-01,-1.494569492340087891e+01,5.664701199531555176e+01
-4.165528118610382080e-01,-4.273323714733123779e-01,-1.494569969177246094e+01,5.665204596519470215e+01
-4.165359735488891602e-01,-4.273431003093719482e-01,-1.494570541381835938e+01,5.665699696540832520e+01
-4.165154993534088135e-01,-4.273481667041778564e-01,-1.494571495056152344e+01,5.666229009628295898e+01
-4.164937734603881836e-01,-4.273545145988464355e-01,-1.494572639465332031e+01,5.666732311248779297e+01
-4.164738059043884277e-01,-4.273527860641479492e-01,-1.494573402404785156e+01,5.667207694053649902e+01
-4.166014790534973145e-01,-4.272456169128417969e-01,-1.494562244415283203e+01,5.667734098434448242e+01
-4.165911972522735596e-01,-4.272466897964477539e-01,-1.494562530517578125e+01,5.668215298652648926e+01
-4.165774881839752197e-01,-4.272553920745849609e-01,-1.494562530517578125e+01,5.668740892410278320e+01
-4.165638983249664307e-01,-4.272601306438446045e-01,-1.494562625885009766e+01,5.669219303131103516e+01
-4.165489971637725830e-01,-4.272639155387878418e-01,-1.494562435150146484e+01,5.669720697402954102e+01
-4.165313243865966797e-01,-4.272663891315460205e-01,-1.494562816619873047e+01,5.670218992233276367e+01
-4.165125489234924316e-01,-4.272710382938385010e-01,-1.494562911987304688e+01,5.670714592933654785e+01
-4.165813326835632324e-01,-4.272610843181610107e-01,-1.494569110870361328e+01,5.671216297149658203e+01
-4.165634214878082275e-01,-4.272692501544952393e-01,-1.494569396972656250e+01,5.671733999252319336e+01
-4.165481328964233398e-01,-4.272740185260772705e-01,-1.494570922851562500e+01,5.672219300270080566e+01
-4.165295660495758057e-01,-4.272814095020294189e-01,-1.494571971893310547e+01,5.672736501693725586e+01
-4.165095686912536621e-01,-4.272880554199218750e-01,-1.494573211669921875e+01,5.673228096961975098e+01
-4.164882302284240723e-01,-4.272976517677307129e-01,-1.494573974609375000e+01,5.673706293106079102e+01
-4.166305065155029297e-01,-4.271020591259002686e-01,-1.494570636749267578e+01,5.674232602119445801e+01
-4.166123569011688232e-01,-4.271128177642822266e-01,-1.494570732116699219e+01,5.674725198745727539e+01
-4.165958166122436523e-01,-4.271306693553924561e-01,-1.494570541381835938e+01,5.675230407714843750e+01
-4.165771603584289551e-01,-4.271439313888549805e-01,-1.494570732116699219e+01,5.675728392601013184e+01
-4.165578186511993408e-01,-4.271572828292846680e-01,-1.494570827484130859e+01,5.676242709159851074e+01
-4.165332019329071045e-01,-4.271638989448547363e-01,-1.494572257995605469e+01,5.676733994483947754e+01
-4.165086746215820312e-01,-4.271744787693023682e-01,-1.494573402404785156e+01,5.677227997779846191e+01
-4.166307449340820312e-01,-4.269358217716217041e-01,-1.494554805755615234e+01,5.677728199958801270e+01
-4.166162908077239990e-01,-4.269410967826843262e-01,-1.494556427001953125e+01,5.678220200538635254e+01
-4.165967106819152832e-01,-4.269413053989410400e-01,-1.494557476043701172e+01,5.678731107711791992e+01
-4.165756702423095703e-01,-4.269390404224395752e-01,-1.494558906555175781e+01,5.679244303703308105e+01
-4.165536165237426758e-01,-4.269353747367858887e-01,-1.494560718536376953e+01,5.679742193222045898e+01
-4.165297746658325195e-01,-4.269426465034484863e-01,-1.494560623168945312e+01,5.680243301391601562e+01
-4.165047705173492432e-01,-4.269414544105529785e-01,-1.494561004638671875e+01,5.680734014511108398e+01
-4.167722761631011963e-01,-4.268656671047210693e-01,-1.494560146331787109e+01,5.681243300437927246e+01
-4.167620241641998291e-01,-4.268563091754913330e-01,-1.494556903839111328e+01,5.681746792793273926e+01
-4.167501032352447510e-01,-4.268505871295928955e-01,-1.494555282592773438e+01,5.682242703437805176e+01
-4.167376458644866943e-01,-4.268453717231750488e-01,-1.494553565979003906e+01,5.682760405540466309e+01
-4.167221784591674805e-01,-4.268503487110137939e-01,-1.494553661346435547e+01,5.683231115341186523e+01
-4.167056679725646973e-01,-4.268516302108764648e-01,-1.494552993774414062e+01,5.683752703666687012e+01
-4.167643189430236816e-01,-4.267356395721435547e-01,-1.494556236267089844e+01,5.684255099296569824e+01
-4.167470932006835938e-01,-4.267377853393554688e-01,-1.494556617736816406e+01,5.684748792648315430e+01
-4.167289733886718750e-01,-4.267411828041076660e-01,-1.494557189941406250e+01,5.685242414474487305e+01
-4.167087078094482422e-01,-4.267466962337493896e-01,-1.494557857513427734e+01,5.685735797882080078e+01
-4.166898131370544434e-01,-4.267522096633911133e-01,-1.494558429718017578e+01,5.686268496513366699e+01
-4.166684448719024658e-01,-4.267579615116119385e-01,-1.494559192657470703e+01,5.686754608154296875e+01
-4.166459441184997559e-01,-4.267643690109252930e-01,-1.494560146331787109e+01,5.687255597114562988e+01
-4.167652130126953125e-01,-4.266532659530639648e-01,-1.494567203521728516e+01,5.687755298614501953e+01
-4.167514145374298096e-01,-4.266510605812072754e-01,-1.494567298889160156e+01,5.688244295120239258e+01
-4.167367815971374512e-01,-4.266476929187774658e-01,-1.494567203521728516e+01,5.688752913475036621e+01
-4.167211055755615234e-01,-4.266443550586700439e-01,-1.494566917419433594e+01,5.689263010025024414e+01
-4.167028367519378662e-01,-4.266490638256072998e-01,-1.494568252563476562e+01,5.689762401580810547e+01
-4.166841208934783936e-01,-4.266520440578460693e-01,-1.494568824768066406e+01,5.690255093574523926e+01
-4.166642725467681885e-01,-4.266577064990997314e-01,-1.494569683074951172e+01,5.690752696990966797e+01
-4.167792499065399170e-01,-4.265835881233215332e-01,-1.494564437866210938e+01,5.691255903244018555e+01
-4.167644083499908447e-01,-4.265883266925811768e-01,-1.494565582275390625e+01,5.691756415367126465e+01
-4.167483448982238770e-01,-4.265939295291900635e-01,-1.494567012786865234e+01,5.692254996299743652e+01
-4.167307913303375244e-01,-4.266032278537750244e-01,-1.494568729400634766e+01,5.692784309387207031e+01
-4.167115092277526855e-01,-4.266132414340972900e-01,-1.494570636749267578e+01,5.693254399299621582e+01
-4.166904985904693604e-01,-4.266254007816314697e-01,-1.494572734832763672e+01,5.693752598762512207e+01
-4.167980551719665527e-01,-4.263542890548706055e-01,-1.494561672210693359e+01,5.694268393516540527e+01
-4.167825579643249512e-01,-4.263547062873840332e-01,-1.494562053680419922e+01,5.694760608673095703e+01
-4.167670309543609619e-01,-4.263561367988586426e-01,-1.494562530517578125e+01,5.695266795158386230e+01
-4.167483448982238770e-01,-4.263617694377899170e-01,-1.494563770294189453e+01,5.695761609077453613e+01
-4.167290031909942627e-01,-4.263677895069122314e-01,-1.494564819335937500e+01,5.696298694610595703e+01
-4.167076647281646729e-01,-4.263747930526733398e-01,-1.494565773010253906e+01,5.696767497062683105e+01
-4.166846573352813721e-01,-4.263831377029418945e-01,-1.494566535949707031e+01,5.697267413139343262e+01
-4.168792665004730225e-01,-4.263432919979095459e-01,-1.494578552246093750e+01,5.697761106491088867e+01
-4.168662428855895996e-01,-4.263528585433959961e-01,-1.494580459594726562e+01,5.698264408111572266e+01
-4.168523848056793213e-01,-4.263624548912048340e-01,-1.494582748413085938e+01,5.698764514923095703e+01
-4.168341159820556641e-01,-4.263706505298614502e-01,-1.494584751129150391e+01,5.699293112754821777e+01
-4.168159961700439453e-01,-4.263819456100463867e-01,-1.494587135314941406e+01,5.699784111976623535e+01
-4.167961776256561279e-01,-4.263944923877716064e-01,-1.494589805603027344e+01,5.700267696380615234e+01
-4.167776107788085938e-01,-4.264057874679565430e-01,-1.494591808319091797e+01,5.700760197639465332e+01
-4.168207645416259766e-01,-4.261476695537567139e-01,-1.494568729400634766e+01,5.701264095306396484e+01
-4.168074131011962891e-01,-4.261544048786163330e-01,-1.494567966461181641e+01,5.701780796051025391e+01
-4.167881011962890625e-01,-4.261603057384490967e-01,-1.494567394256591797e+01,5.702279210090637207e+01
-4.167703688144683838e-01,-4.261687099933624268e-01,-1.494567298889160156e+01,5.702792501449584961e+01
-4.167510271072387695e-01,-4.261781275272369385e-01,-1.494567489624023438e+01,5.703268909454345703e+01
-4.167307615280151367e-01,-4.261924028396606445e-01,-1.494569396972656250e+01,5.703782796859741211e+01
-4.167245328426361084e-01,-4.260818362236022949e-01,-1.494573211669921875e+01,5.704279398918151855e+01
-4.167141020298004150e-01,-4.260812401771545410e-01,-1.494573783874511719e+01,5.704778099060058594e+01
-4.167015552520751953e-01,-4.260808527469635010e-01,-1.494573688507080078e+01,5.705318093299865723e+01
-4.166855514049530029e-01,-4.260754287242889404e-01,-1.494574165344238281e+01,5.705788898468017578e+01
-4.166692793369293213e-01,-4.260696470737457275e-01,-1.494574832916259766e+01,5.706298804283142090e+01
-4.166525900363922119e-01,-4.260636568069458008e-01,-1.494575977325439453e+01,5.706801009178161621e+01
-4.166364967823028564e-01,-4.260650277137756348e-01,-1.494575023651123047e+01,5.707307910919189453e+01
-4.165072441101074219e-01,-4.259914159774780273e-01,-1.494580554962158203e+01,5.707783102989196777e+01
-4.164922833442687988e-01,-4.259931147098541260e-01,-1.494581317901611328e+01,5.708280801773071289e+01
-4.164765775203704834e-01,-4.259977042675018311e-01,-1.494581699371337891e+01,5.708812499046325684e+01
-4.164602160453796387e-01,-4.260030686855316162e-01,-1.494582080841064453e+01,5.709308099746704102e+01
-4.164432287216186523e-01,-4.260100722312927246e-01,-1.494582557678222656e+01,5.709809613227844238e+01
-4.164209067821502686e-01,-4.260174334049224854e-01,-1.494583988189697266e+01,5.710296797752380371e+01
-4.163985848426818848e-01,-4.260250627994537354e-01,-1.494585227966308594e+01,5.710790300369262695e+01
-4.163970649242401123e-01,-4.259171485900878906e-01,-1.494594097137451172e+01,5.711292910575866699e+01
-4.163756668567657471e-01,-4.259265065193176270e-01,-1.494595527648925781e+01,5.711819815635681152e+01
-4.163525700569152832e-01,-4.259322285652160645e-01,-1.494596576690673828e+01,5.712299203872680664e+01
-4.163271188735961914e-01,-4.259383678436279297e-01,-1.494597911834716797e+01,5.712821197509765625e+01
-4.163019359111785889e-01,-4.259418547153472900e-01,-1.494598960876464844e+01,5.713283896446228027e+01
-4.162733256816864014e-01,-4.259477257728576660e-01,-1.494600296020507812e+01,5.713798499107360840e+01
-4.163396954536437988e-01,-4.258402287960052490e-01,-1.494585037231445312e+01,5.714288210868835449e+01
-4.163177013397216797e-01,-4.258517324924468994e-01,-1.494583797454833984e+01,5.714808011054992676e+01
-4.163066148757934570e-01,-4.258583784103393555e-01,-1.494580268859863281e+01,5.715312099456787109e+01
-4.162888526916503906e-01,-4.258669018745422363e-01,-1.494578075408935547e+01,5.715810012817382812e+01
-4.162713885307312012e-01,-4.258747398853302002e-01,-1.494575691223144531e+01,5.716312193870544434e+01
-4.162535369396209717e-01,-4.258820414543151855e-01,-1.494575119018554688e+01,5.716816997528076172e+01
-4.162360429763793945e-01,-4.258901476860046387e-01,-1.494573783874511719e+01,5.717299604415893555e+01
-4.163211584091186523e-01,-4.257510304450988770e-01,-1.494606399536132812e+01,5.717802500724792480e+01
-4.163013696670532227e-01,-4.257538914680480957e-01,-1.494609737396240234e+01,5.718304610252380371e+01
-4.162860810756683350e-01,-4.257579445838928223e-01,-1.494611930847167969e+01,5.718804407119750977e+01
-4.162684082984924316e-01,-4.257621765136718750e-01,-1.494614410400390625e+01,5.719324302673339844e+01
-4.162491559982299805e-01,-4.257716834545135498e-01,-1.494615364074707031e+01,5.719815611839294434e+01
-4.162272512912750244e-01,-4.257805943489074707e-01,-1.494617271423339844e+01,5.720303893089294434e+01
-4.161970317363739014e-01,-4.256576001644134521e-01,-1.494614982604980469e+01,5.720802903175354004e+01
-4.161880314350128174e-01,-4.256577193737030029e-01,-1.494615364074707031e+01,5.721314096450805664e+01
-4.161724746227264404e-01,-4.256598949432373047e-01,-1.494616889953613281e+01,5.721813702583312988e+01
-4.161585569381713867e-01,-4.256637692451477051e-01,-1.494618320465087891e+01,5.722325110435485840e+01
-4.161455333232879639e-01,-4.256685078144073486e-01,-1.494619941711425781e+01,5.722828602790832520e+01
-4.161200821399688721e-01,-4.256735146045684814e-01,-1.494620227813720703e+01,5.723317694664001465e+01
-4.160996377468109131e-01,-4.256810545921325684e-01,-1.494620609283447266e+01,5.723819613456726074e+01
-4.161975681781768799e-01,-4.256350696086883545e-01,-1.494630718231201172e+01,5.724312710762023926e+01
-4.161980152130126953e-01,-4.256546199321746826e-01,-1.494632148742675781e+01,5.724823999404907227e+01
-4.161916673183441162e-01,-4.256694018840789795e-01,-1.494633579254150391e+01,5.725320410728454590e+01
-4.161862730979919434e-01,-4.256850481033325195e-01,-1.494635295867919922e+01,5.725821709632873535e+01
-4.161747395992279053e-01,-4.256859719753265381e-01,-1.494639205932617188e+01,5.726327800750732422e+01
-4.161637723445892334e-01,-4.256923794746398926e-01,-1.494642734527587891e+01,5.726825809478759766e+01
-4.161512255668640137e-01,-4.256970286369323730e-01,-1.494646549224853516e+01,5.727320098876953125e+01
-4.162310957908630371e-01,-4.257319867610931396e-01,-1.494648456573486328e+01,5.727830100059509277e+01
-4.162097275257110596e-01,-4.257392883300781250e-01,-1.494653224945068359e+01,5.728328204154968262e+01
-4.161844253540039062e-01,-4.257459640502929688e-01,-1.494658565521240234e+01,5.728825998306274414e+01
-4.161600768566131592e-01,-4.257607758045196533e-01,-1.494663810729980469e+01,5.729336905479431152e+01
-4.161304831504821777e-01,-4.257742166519165039e-01,-1.494669151306152344e+01,5.729849910736083984e+01
-4.160983562469482422e-01,-4.257889389991760254e-01,-1.494674682617187500e+01,5.730328297615051270e+01
-4.162502586841583252e-01,-4.257541298866271973e-01,-1.494650268554687500e+01,5.730828213691711426e+01
-4.162319004535675049e-01,-4.257599115371704102e-01,-1.494652080535888672e+01,5.731319093704223633e+01
-4.162137210369110107e-01,-4.257641136646270752e-01,-1.494653224945068359e+01,5.731827998161315918e+01
-4.161954820156097412e-01,-4.257670640945434570e-01,-1.494653701782226562e+01,5.732329010963439941e+01
-4.161842167377471924e-01,-4.257829487323760986e-01,-1.494652843475341797e+01,5.732857108116149902e+01
-4.161703586578369141e-01,-4.257954955101013184e-01,-1.494651031494140625e+01,5.733323597908020020e+01
-4.161582887172698975e-01,-4.258098602294921875e-01,-1.494648742675781250e+01,5.733826112747192383e+01
-4.163959622383117676e-01,-4.257882237434387207e-01,-1.494638061523437500e+01,5.734340906143188477e+01
-4.163695275783538818e-01,-4.257882237434387207e-01,-1.494635868072509766e+01,5.734843397140502930e+01
-4.163410067558288574e-01,-4.257903397083282471e-01,-1.494633293151855469e+01,5.735341310501098633e+01
-4.163030385971069336e-01,-4.257913827896118164e-01,-1.494634819030761719e+01,5.735843205451965332e+01
-4.162636399269104004e-01,-4.257929325103759766e-01,-1.494634437561035156e+01,5.736347198486328125e+01
-4.162198305130004883e-01,-4.257950186729431152e-01,-1.494634819030761719e+01,5.736842203140258789e+01
-4.161777198314666748e-01,-4.257998764514923096e-01,-1.494636917114257812e+01,5.737343192100524902e+01
-4.164281487464904785e-01,-4.256395101547241211e-01,-1.494632911682128906e+01,5.737843012809753418e+01
-4.163971245288848877e-01,-4.256348609924316406e-01,-1.494635009765625000e+01,5.738347005844116211e+01
-4.163753688335418701e-01,-4.256326854228973389e-01,-1.494636249542236328e+01,5.738835215568542480e+01
-4.163469076156616211e-01,-4.256277084350585938e-01,-1.494638347625732422e+01,5.739358711242675781e+01
-4.163176417350769043e-01,-4.256213903427124023e-01,-1.494640254974365234e+01,5.739851999282836914e+01
-4.162875115871429443e-01,-4.256158471107482910e-01,-1.494642448425292969e+01,5.740346002578735352e+01
-4.165354967117309570e-01,-4.255031049251556396e-01,-1.494639301300048828e+01,5.740840601921081543e+01
-4.165327250957489014e-01,-4.255087673664093018e-01,-1.494641304016113281e+01,5.741331195831298828e+01
-4.165318906307220459e-01,-4.255148172378540039e-01,-1.494643592834472656e+01,5.741839003562927246e+01
-4.165318906307220459e-01,-4.255180954933166504e-01,-1.494646072387695312e+01,5.742345404624938965e+01
-4.165327548980712891e-01,-4.255237281322479248e-01,-1.494648647308349609e+01,5.742870903015136719e+01
-4.165350496768951416e-01,-4.255298078060150146e-01,-1.494651412963867188e+01,5.743345808982849121e+01
-4.165318906307220459e-01,-4.255388379096984863e-01,-1.494654083251953125e+01,5.743840312957763672e+01
-4.166484475135803223e-01,-4.254254400730133057e-01,-1.494638538360595703e+01,5.744346714019775391e+01
-4.166443049907684326e-01,-4.254317283630371094e-01,-1.494638633728027344e+01,5.744841694831848145e+01
-4.166289865970611572e-01,-4.254427850246429443e-01,-1.494638538360595703e+01,5.745339202880859375e+01
-4.166171848773956299e-01,-4.254536032676696777e-01,-1.494638442993164062e+01,5.745847892761230469e+01
-4.166028499603271484e-01,-4.254672229290008545e-01,-1.494638442993164062e+01,5.746357893943786621e+01
-4.165894687175750732e-01,-4.254789352416992188e-01,-1.494639396667480469e+01,5.746841096878051758e+01
-4.165728390216827393e-01,-4.254918098449707031e-01,-1.494639873504638672e+01,5.747357010841369629e+01
-4.168136119842529297e-01,-4.254017472267150879e-01,-1.494622325897216797e+01,5.747859001159667969e+01
-4.168035387992858887e-01,-4.254012405872344971e-01,-1.494624614715576172e+01,5.748375892639160156e+01
-4.167937338352203369e-01,-4.253961443901062012e-01,-1.494625473022460938e+01,5.748869705200195312e+01
-4.167789220809936523e-01,-4.253878891468048096e-01,-1.494626903533935547e+01,5.749375295639038086e+01
-4.167604744434356689e-01,-4.253790080547332764e-01,-1.494628810882568359e+01,5.749883294105529785e+01
-4.167536795139312744e-01,-4.253843128681182861e-01,-1.494630241394042969e+01,5.750358510017395020e+01
-4.167172908782958984e-01,-4.255035817623138428e-01,-1.494606971740722656e+01,5.750866508483886719e+01
-4.167046248912811279e-01,-4.255121052265167236e-01,-1.494607734680175781e+01,5.751354408264160156e+01
-4.166963398456573486e-01,-4.255076348781585693e-01,-1.494607353210449219e+01,5.751860594749450684e+01
-4.166853725910186768e-01,-4.255111217498779297e-01,-1.494607639312744141e+01,5.752364110946655273e+01
-4.166740179061889648e-01,-4.255134463310241699e-01,-1.494607734680175781e+01,5.752893614768981934e+01
-4.166617691516876221e-01,-4.255225062370300293e-01,-1.494606304168701172e+01,5.753364109992980957e+01
-4.166495800018310547e-01,-4.255293309688568115e-01,-1.494605255126953125e+01,5.753864693641662598e+01
-4.167507588863372803e-01,-4.257316291332244873e-01,-1.494608402252197266e+01,5.754364705085754395e+01
-4.167476892471313477e-01,-4.257377088069915771e-01,-1.494609069824218750e+01,5.754864406585693359e+01
-4.167439043521881104e-01,-4.257484078407287598e-01,-1.494609165191650391e+01,5.755377101898193359e+01
-4.167397916316986084e-01,-4.257604479789733887e-01,-1.494608974456787109e+01,5.755878806114196777e+01
-4.167311489582061768e-01,-4.257755577564239502e-01,-1.494609832763671875e+01,5.756377315521240234e+01
-4.167231321334838867e-01,-4.257897734642028809e-01,-1.494610309600830078e+01,5.756871604919433594e+01
-4.167134463787078857e-01,-4.258050322532653809e-01,-1.494610977172851562e+01,5.757377099990844727e+01
-4.166889488697052002e-01,-4.258497357368469238e-01,-1.494602489471435547e+01,5.757872796058654785e+01
-4.166760146617889404e-01,-4.258609414100646973e-01,-1.494604110717773438e+01,5.758377313613891602e+01
-4.166614711284637451e-01,-4.258695542812347412e-01,-1.494605445861816406e+01,5.758867502212524414e+01
-4.166451096534729004e-01,-4.258793592453002930e-01,-1.494606876373291016e+01,5.759403109550476074e+01
-4.166261255741119385e-01,-4.258850812911987305e-01,-1.494607257843017578e+01,5.759882402420043945e+01
-4.166054725646972656e-01,-4.258942604064941406e-01,-1.494608306884765625e+01,5.760377407073974609e+01
-4.166223704814910889e-01,-4.259171485900878906e-01,-1.494600677490234375e+01,5.760879397392272949e+01
-4.166113436222076416e-01,-4.259340763092041016e-01,-1.494602298736572266e+01,5.761369705200195312e+01
-4.165962934494018555e-01,-4.259462356567382812e-01,-1.494603729248046875e+01,5.761899495124816895e+01
-4.165804684162139893e-01,-4.259577989578247070e-01,-1.494605159759521484e+01,5.762390804290771484e+01
-4.165635704994201660e-01,-4.259600341320037842e-01,-1.494606208801269531e+01,5.762903094291687012e+01
-4.165463447570800781e-01,-4.259671866893768311e-01,-1.494607448577880859e+01,5.763389110565185547e+01
-4.165285229682922363e-01,-4.259746968746185303e-01,-1.494608879089355469e+01,5.763923406600952148e+01
-4.166217744350433350e-01,-4.259046018123626709e-01,-1.494626712799072266e+01,5.764391803741455078e+01
-4.166089892387390137e-01,-4.259147644042968750e-01,-1.494628524780273438e+01,5.764891195297241211e+01
-4.165963232517242432e-01,-4.259275496006011963e-01,-1.494630813598632812e+01,5.765390515327453613e+01
-4.165796637535095215e-01,-4.259362220764160156e-01,-1.494633293151855469e+01,5.765949606895446777e+01
-4.165630638599395752e-01,-4.259479641914367676e-01,-1.494635677337646484e+01,5.766398906707763672e+01
-4.165444672107696533e-01,-4.259590208530426025e-01,-1.494638061523437500e+01,5.766892099380493164e+01
-4.165239036083221436e-01,-4.259699285030364990e-01,-1.494640159606933594e+01,5.767389607429504395e+01
-4.165923893451690674e-01,-4.258431792259216309e-01,-1.494640350341796875e+01,5.767893910408020020e+01
-4.165758490562438965e-01,-4.258484244346618652e-01,-1.494642639160156250e+01,5.768396711349487305e+01
-4.165575206279754639e-01,-4.258539974689483643e-01,-1.494645309448242188e+01,5.768903708457946777e+01
-4.165352880954742432e-01,-4.258660674095153809e-01,-1.494642353057861328e+01,5.769428396224975586e+01
-4.165134429931640625e-01,-4.258752465248107910e-01,-1.494644260406494141e+01,5.769911503791809082e+01
-4.164900481700897217e-01,-4.258846044540405273e-01,-1.494646739959716797e+01,5.770401811599731445e+01
-4.165203571319580078e-01,-4.257886111736297607e-01,-1.494637107849121094e+01,5.770906710624694824e+01
-4.165002703666687012e-01,-4.257932305335998535e-01,-1.494637966156005859e+01,5.771399807929992676e+01
-4.164787828922271729e-01,-4.257984459400177002e-01,-1.494638919830322266e+01,5.771911096572875977e+01
-4.164596796035766602e-01,-4.258027374744415283e-01,-1.494634723663330078e+01,5.772399210929870605e+01
-4.164374172687530518e-01,-4.258123934268951416e-01,-1.494635009765625000e+01,5.772925496101379395e+01
-4.164137244224548340e-01,-4.258228540420532227e-01,-1.494634914398193359e+01,5.773398208618164062e+01
-4.163906574249267578e-01,-4.258323907852172852e-01,-1.494635200500488281e+01,5.773908495903015137e+01
-4.165873825550079346e-01,-4.257298409938812256e-01,-1.494631481170654297e+01,5.774402213096618652e+01
-4.165855646133422852e-01,-4.257268011569976807e-01,-1.494629383087158203e+01,5.774892807006835938e+01
-4.165815711021423340e-01,-4.257220625877380371e-01,-1.494627571105957031e+01,5.775411701202392578e+01
-4.165743887424468994e-01,-4.257236719131469727e-01,-1.494628715515136719e+01,5.775928902626037598e+01
-4.165680110454559326e-01,-4.257232248783111572e-01,-1.494628334045410156e+01,5.776417708396911621e+01
-4.165615141391754150e-01,-4.257234036922454834e-01,-1.494628334045410156e+01,5.776907610893249512e+01
-4.165523350238800049e-01,-4.257218539714813232e-01,-1.494628524780273438e+01,5.777416300773620605e+01
-4.164860844612121582e-01,-4.257353246212005615e-01,-1.494664764404296875e+01,5.777918910980224609e+01
-4.164670109748840332e-01,-4.257401227951049805e-01,-1.494668102264404297e+01,5.778401708602905273e+01
-4.164419472217559814e-01,-4.257429242134094238e-01,-1.494669151306152344e+01,5.778929615020751953e+01
-4.164163172245025635e-01,-4.257489144802093506e-01,-1.494671630859375000e+01,5.779458093643188477e+01
-4.163886308670043945e-01,-4.257564544677734375e-01,-1.494673919677734375e+01,5.779929399490356445e+01
-4.163607358932495117e-01,-4.257666468620300293e-01,-1.494676017761230469e+01,5.780414605140686035e+01
-4.165078699588775635e-01,-4.256536960601806641e-01,-1.494668960571289062e+01,5.780921006202697754e+01
-4.164908528327941895e-01,-4.256539344787597656e-01,-1.494669246673583984e+01,5.781421208381652832e+01
-4.164770841598510742e-01,-4.256507754325866699e-01,-1.494669437408447266e+01,5.781934213638305664e+01
-4.164599478244781494e-01,-4.256505668163299561e-01,-1.494668769836425781e+01,5.782430601119995117e+01
-4.164420962333679199e-01,-4.256502687931060791e-01,-1.494667816162109375e+01,5.782937002182006836e+01
-4.164234697818756104e-01,-4.256511628627777100e-01,-1.494666767120361328e+01,5.783432197570800781e+01
-4.163993597030639648e-01,-4.256518483161926270e-01,-1.494666290283203125e+01,5.783930492401123047e+01
-4.165007174015045166e-01,-4.256315827369689941e-01,-1.494678306579589844e+01,5.784425306320190430e+01
-4.164843857288360596e-01,-4.256449937820434570e-01,-1.494677162170410156e+01,5.784929394721984863e+01
-4.164668023586273193e-01,-4.256592690944671631e-01,-1.494677257537841797e+01,5.785429406166076660e+01
-4.164472818374633789e-01,-4.256740808486938477e-01,-1.494677066802978516e+01,5.785957598686218262e+01
-4.164259433746337891e-01,-4.256907403469085693e-01,-1.494677257537841797e+01,5.786438512802124023e+01
-4.164015352725982666e-01,-4.257081151008605957e-01,-1.494678592681884766e+01,5.786935400962829590e+01
-4.163757264614105225e-01,-4.257256388664245605e-01,-1.494679737091064453e+01,5.787442398071289062e+01
-4.164281487464904785e-01,-4.255203008651733398e-01,-1.494687175750732422e+01,5.787948298454284668e+01
-4.164101779460906982e-01,-4.255250990390777588e-01,-1.494686126708984375e+01,5.788441610336303711e+01
-4.163889884948730469e-01,-4.255276024341583252e-01,-1.494686222076416016e+01,5.788956093788146973e+01
-4.163665473461151123e-01,-4.255307018756866455e-01,-1.494686222076416016e+01,5.789461803436279297e+01
-4.163444638252258301e-01,-4.255308806896209717e-01,-1.494686985015869141e+01,5.789932799339294434e+01
-4.163206517696380615e-01,-4.255327880382537842e-01,-1.494687366485595703e+01,5.790431904792785645e+01
-4.164566397666931152e-01,-4.253861010074615479e-01,-1.494702529907226562e+01,5.790928602218627930e+01
-4.164429008960723877e-01,-4.253911972045898438e-01,-1.494703006744384766e+01,5.791444301605224609e+01
-4.164284169673919678e-01,-4.253857433795928955e-01,-1.494704055786132812e+01,5.791931509971618652e+01
-4.164132475852966309e-01,-4.253799915313720703e-01,-1.494704818725585938e+01,5.792431902885437012e+01
-4.163978099822998047e-01,-4.253762960433959961e-01,-1.494705486297607422e+01,5.792939305305480957e+01
-4.163797795772552490e-01,-4.253770112991333008e-01,-1.494706249237060547e+01,5.793433213233947754e+01
-4.163620173931121826e-01,-4.253830015659332275e-01,-1.494706630706787109e+01,5.793922400474548340e+01
-4.164514243602752686e-01,-4.254011809825897217e-01,-1.494701480865478516e+01,5.794443607330322266e+01
-4.164374768733978271e-01,-4.254120588302612305e-01,-1.494701004028320312e+01,5.794950199127197266e+01
-4.164233505725860596e-01,-4.254224896430969238e-01,-1.494700050354003906e+01,5.795445203781127930e+01
-4.164077341556549072e-01,-4.254331588745117188e-01,-1.494699096679687500e+01,5.795944213867187500e+01
-4.163910150527954102e-01,-4.254443049430847168e-01,-1.494698905944824219e+01,5.796443796157836914e+01
-4.163724780082702637e-01,-4.254567027091979980e-01,-1.494698429107666016e+01,5.796946811676025391e+01
-4.163521826267242432e-01,-4.254704117774963379e-01,-1.494697952270507812e+01,5.797444796562194824e+01
-4.163841009140014648e-01,-4.253668785095214844e-01,-1.494712162017822266e+01,5.797937703132629395e+01
-4.163698852062225342e-01,-4.253750443458557129e-01,-1.494711875915527344e+01,5.798427915573120117e+01
-4.163538217544555664e-01,-4.253837764263153076e-01,-1.494711494445800781e+01,5.798945999145507812e+01
-4.163377583026885986e-01,-4.253878593444824219e-01,-1.494711494445800781e+01,5.799470210075378418e+01
-4.163198173046112061e-01,-4.253948926925659180e-01,-1.494711589813232422e+01,5.799942898750305176e+01
-4.163006544113159180e-01,-4.254023432731628418e-01,-1.494711494445800781e+01,5.800444698333740234e+01
-4.163880050182342529e-01,-4.252507984638214111e-01,-1.494723320007324219e+01,5.800956106185913086e+01
-4.163787961006164551e-01,-4.252513647079467773e-01,-1.494725227355957031e+01,5.801465296745300293e+01
-4.163666665554046631e-01,-4.252516627311706543e-01,-1.494726943969726562e+01,5.801966810226440430e+01
-4.163538515567779541e-01,-4.252513349056243896e-01,-1.494728755950927734e+01,5.802459502220153809e+01
-4.163397550582885742e-01,-4.252497255802154541e-01,-1.494729804992675781e+01,5.802975893020629883e+01
-4.163250923156738281e-01,-4.252490699291229248e-01,-1.494731235504150391e+01,5.803464698791503906e+01
-4.163099527359008789e-01,-4.252490997314453125e-01,-1.494732666015625000e+01,5.803966403007507324e+01
-4.163383841514587402e-01,-4.251637458801269531e-01,-1.494727325439453125e+01,5.804460215568542480e+01
-4.163257777690887451e-01,-4.251686334609985352e-01,-1.494727706909179688e+01,5.804973292350769043e+01
-4.163120090961456299e-01,-4.251756668090820312e-01,-1.494728088378906250e+01,5.805458903312683105e+01
-4.162952601909637451e-01,-4.251852333545684814e-01,-1.494727802276611328e+01,5.805991196632385254e+01
-4.162780046463012695e-01,-4.251947999000549316e-01,-1.494727802276611328e+01,5.806475996971130371e+01
-4.162590801715850830e-01,-4.252054989337921143e-01,-1.494727706909179688e+01,5.806965303421020508e+01
-4.163624644279479980e-01,-4.251212477684020996e-01,-1.494745445251464844e+01,5.807460498809814453e+01
-4.163508713245391846e-01,-4.251311123371124268e-01,-1.494746112823486328e+01,5.807967615127563477e+01
-4.163371324539184570e-01,-4.251412749290466309e-01,-1.494746780395507812e+01,5.808477210998535156e+01
-4.163275361061096191e-01,-4.251522421836853027e-01,-1.494747257232666016e+01,5.808999109268188477e+01
-4.163128733634948730e-01,-4.251633882522583008e-01,-1.494748210906982422e+01,5.809482002258300781e+01
-4.162968397140502930e-01,-4.251758754253387451e-01,-1.494749355316162109e+01,5.809977006912231445e+01
-4.162796437740325928e-01,-4.251888990402221680e-01,-1.494750595092773438e+01,5.810472512245178223e+01
-4.163155257701873779e-01,-4.250099658966064453e-01,-1.494756603240966797e+01,5.810959410667419434e+01
-4.163011312484741211e-01,-4.250159561634063721e-01,-1.494757366180419922e+01,5.811467409133911133e+01
-4.162857234477996826e-01,-4.250225126743316650e-01,-1.494758224487304688e+01,5.811974501609802246e+01
-4.162693619728088379e-01,-4.250310063362121582e-01,-1.494759273529052734e+01,5.812457513809204102e+01
-4.162518978118896484e-01,-4.250399768352508545e-01,-1.494760322570800781e+01,5.812982606887817383e+01
-4.162333011627197266e-01,-4.250505864620208740e-01,-1.494761562347412109e+01,5.813472008705139160e+01
-4.162135720252990723e-01,-4.250634908676147461e-01,-1.494762802124023438e+01,5.813975715637207031e+01
-4.162616431713104248e-01,-4.249783754348754883e-01,-1.494766616821289062e+01,5.814461803436279297e+01
-4.162455499172210693e-01,-4.249826073646545410e-01,-1.494766998291015625e+01,5.814988493919372559e+01
-4.162257909774780273e-01,-4.249879121780395508e-01,-1.494767284393310547e+01,5.815494394302368164e+01
-4.162057638168334961e-01,-4.249917864799499512e-01,-1.494767665863037109e+01,5.815992712974548340e+01
-4.161840677261352539e-01,-4.249959290027618408e-01,-1.494768238067626953e+01,5.816480612754821777e+01
-4.161625802516937256e-01,-4.250013828277587891e-01,-1.494769573211669922e+01,5.816989207267761230e+01
-4.162991344928741455e-01,-4.249494075775146484e-01,-1.494776344299316406e+01,5.817483806610107422e+01
-4.162959754467010498e-01,-4.249633252620697021e-01,-1.494778633117675781e+01,5.817988204956054688e+01
-4.162919223308563232e-01,-4.249802529811859131e-01,-1.494781303405761719e+01,5.818497204780578613e+01
-4.162869155406951904e-01,-4.250013828277587891e-01,-1.494784927368164062e+01,5.818987703323364258e+01
-4.162793159484863281e-01,-4.250184595584869385e-01,-1.494787502288818359e+01,5.819509196281433105e+01
-4.162694811820983887e-01,-4.250357151031494141e-01,-1.494789886474609375e+01,5.819993710517883301e+01
-4.162563681602478027e-01,-4.250465631484985352e-01,-1.494790935516357422e+01,5.820487308502197266e+01
-4.163265824317932129e-01,-4.249015152454376221e-01,-1.494787406921386719e+01,5.820993614196777344e+01
-4.163188934326171875e-01,-4.249017536640167236e-01,-1.494787979125976562e+01,5.821486401557922363e+01
-4.163103401660919189e-01,-4.249031245708465576e-01,-1.494788455963134766e+01,5.822000312805175781e+01
-4.163009226322174072e-01,-4.249045848846435547e-01,-1.494789314270019531e+01,5.822495913505554199e+01
-4.162904024124145508e-01,-4.249056577682495117e-01,-1.494790363311767578e+01,5.823022103309631348e+01
-4.162769615650177002e-01,-4.249067902565002441e-01,-1.494791603088378906e+01,5.823509407043457031e+01
-4.162625074386596680e-01,-4.249080121517181396e-01,-1.494792842864990234e+01,5.824010992050170898e+01
-4.162406623363494873e-01,-4.248672425746917725e-01,-1.494792556762695312e+01,5.824489808082580566e+01
-4.162242412567138672e-01,-4.248729944229125977e-01,-1.494792842864990234e+01,5.825010204315185547e+01
-4.162065386772155762e-01,-4.248817265033721924e-01,-1.494793224334716797e+01,5.825486993789672852e+01
-4.161873757839202881e-01,-4.248936176300048828e-01,-1.494793701171875000e+01,5.826024508476257324e+01
-4.161663651466369629e-01,-4.249058365821838379e-01,-1.494794273376464844e+01,5.826511096954345703e+01
-4.161458611488342285e-01,-4.249120652675628662e-01,-1.494794559478759766e+01,5.827006793022155762e+01
-4.161231219768524170e-01,-4.249224364757537842e-01,-1.494795227050781250e+01,5.827509713172912598e+01
-4.162261486053466797e-01,-4.247648119926452637e-01,-1.494799900054931641e+01,5.827996206283569336e+01
-4.162107408046722412e-01,-4.247730076313018799e-01,-1.494800281524658203e+01,5.828513193130493164e+01
-4.161943197250366211e-01,-4.247777462005615234e-01,-1.494800758361816406e+01,5.829016208648681641e+01
-4.161769449710845947e-01,-4.247837960720062256e-01,-1.494801425933837891e+01,5.829532003402709961e+01
-4.161585867404937744e-01,-4.247914552688598633e-01,-1.494802284240722656e+01,5.830022692680358887e+01
-4.161388278007507324e-01,-4.247994124889373779e-01,-1.494803142547607422e+01,5.830514502525329590e+01
-4.163016080856323242e-01,-4.247410893440246582e-01,-1.494808292388916016e+01,5.831025600433349609e+01
-4.162899553775787354e-01,-4.247469902038574219e-01,-1.494808864593505859e+01,5.831518507003784180e+01
-4.162773191928863525e-01,-4.247543513774871826e-01,-1.494809532165527344e+01,5.832024502754211426e+01
-4.162635207176208496e-01,-4.247637689113616943e-01,-1.494810104370117188e+01,5.832510614395141602e+01
-4.162483513355255127e-01,-4.247762858867645264e-01,-1.494810295104980469e+01,5.833021712303161621e+01
-4.162320792675018311e-01,-4.247886240482330322e-01,-1.494810676574707031e+01,5.833515095710754395e+01
-4.162145555019378662e-01,-4.248014986515045166e-01,-1.494810867309570312e+01,5.834026503562927246e+01
-4.161911606788635254e-01,-4.246348738670349121e-01,-1.494812488555908203e+01,5.834510111808776855e+01
-4.161754250526428223e-01,-4.246375560760498047e-01,-1.494811916351318359e+01,5.835023808479309082e+01
-4.161584079265594482e-01,-4.246400594711303711e-01,-1.494810962677001953e+01,5.835524797439575195e+01
-4.161400794982910156e-01,-4.246425330638885498e-01,-1.494809722900390625e+01,5.836056613922119141e+01
-4.161188602447509766e-01,-4.246526360511779785e-01,-1.494810104370117188e+01,5.836512804031372070e+01
-4.160967171192169189e-01,-4.246623814105987549e-01,-1.494809722900390625e+01,5.837023496627807617e+01
-4.161198437213897705e-01,-4.245740473270416260e-01,-1.494812583923339844e+01,5.837528610229492188e+01
-4.161089360713958740e-01,-4.245859384536743164e-01,-1.494812679290771484e+01,5.838017201423645020e+01
-4.160949587821960449e-01,-4.245962202548980713e-01,-1.494812774658203125e+01,5.838523006439208984e+01
-4.160796403884887695e-01,-4.246072471141815186e-01,-1.494812965393066406e+01,5.839023494720458984e+01
-4.160629212856292725e-01,-4.246151149272918701e-01,-1.494813156127929688e+01,5.839552307128906250e+01
-4.160450696945190430e-01,-4.246248900890350342e-01,-1.494813442230224609e+01,5.840039801597595215e+01
-4.160262644290924072e-01,-4.246352612972259521e-01,-1.494813919067382812e+01,5.840520000457763672e+01
-4.160975217819213867e-01,-4.245050549507141113e-01,-1.494816875457763672e+01,5.841029596328735352e+01
-4.160836338996887207e-01,-4.245109260082244873e-01,-1.494816970825195312e+01,5.841537213325500488e+01
-4.160686731338500977e-01,-4.245182871818542480e-01,-1.494817638397216797e+01,5.842030000686645508e+01
-4.160526394844055176e-01,-4.245252907276153564e-01,-1.494818687438964844e+01,5.842533802986145020e+01
-4.160354733467102051e-01,-4.245333671569824219e-01,-1.494819641113281250e+01,5.843037414550781250e+01
-4.160171747207641602e-01,-4.245422780513763428e-01,-1.494820499420166016e+01,5.843541407585144043e+01
-4.159977436065673828e-01,-4.245526492595672607e-01,-1.494821357727050781e+01,5.844043493270874023e+01
-4.160698354244232178e-01,-4.245356023311614990e-01,-1.494828128814697266e+01,5.844539904594421387e+01
-4.160552322864532471e-01,-4.245384931564331055e-01,-1.494829463958740234e+01,5.845029401779174805e+01
-4.160398840904235840e-01,-4.245422482490539551e-01,-1.494831085205078125e+01,5.845539212226867676e+01
-4.160147011280059814e-01,-4.245464801788330078e-01,-1.494828891754150391e+01,5.846066308021545410e+01
-4.159944653511047363e-01,-4.245505332946777344e-01,-1.494830417633056641e+01,5.846545410156250000e+01
-4.159724414348602295e-01,-4.245539009571075439e-01,-1.494831562042236328e+01,5.847041893005371094e+01
-4.160579144954681396e-01,-4.245305061340332031e-01,-1.494824028015136719e+01,5.847540307044982910e+01
-4.160449206829071045e-01,-4.245360791683197021e-01,-1.494824409484863281e+01,5.848056411743164062e+01
-4.160304069519042969e-01,-4.245419502258300781e-01,-1.494824790954589844e+01,5.848549604415893555e+01
-4.160145819187164307e-01,-4.245411157608032227e-01,-1.494825553894042969e+01,5.849057602882385254e+01
-4.159978330135345459e-01,-4.245468080043792725e-01,-1.494826221466064453e+01,5.849559807777404785e+01
-4.159802198410034180e-01,-4.245528280735015869e-01,-1.494827079772949219e+01,5.850054597854614258e+01
-4.159600734710693359e-01,-4.245626330375671387e-01,-1.494828605651855469e+01,5.850554704666137695e+01
-4.160310924053192139e-01,-4.245732128620147705e-01,-1.494833564758300781e+01,5.851057314872741699e+01
-4.160155355930328369e-01,-4.245794713497161865e-01,-1.494835472106933594e+01,5.851549792289733887e+01
-4.159984588623046875e-01,-4.245854318141937256e-01,-1.494837284088134766e+01,5.852096796035766602e+01
-4.159801304340362549e-01,-4.245907366275787354e-01,-1.494839477539062500e+01,5.852562212944030762e+01
-4.159603714942932129e-01,-4.245945513248443604e-01,-1.494841861724853516e+01,5.853061294555664062e+01
-4.159389436244964600e-01,-4.245979785919189453e-01,-1.494844436645507812e+01,5.853550100326538086e+01
-4.159157872200012207e-01,-4.246085584163665771e-01,-1.494846820831298828e+01,5.854052615165710449e+01
-4.160130321979522705e-01,-4.245078265666961670e-01,-1.494841384887695312e+01,5.854559493064880371e+01
-4.159930050373077393e-01,-4.245150089263916016e-01,-1.494842720031738281e+01,5.855069303512573242e+01
-4.159742891788482666e-01,-4.245200753211975098e-01,-1.494844055175781250e+01,5.855566000938415527e+01
-4.159528911113739014e-01,-4.245269894599914551e-01,-1.494845676422119141e+01,5.856087398529052734e+01
-4.159304797649383545e-01,-4.245340228080749512e-01,-1.494847488403320312e+01,5.856558394432067871e+01
-4.159069955348968506e-01,-4.245407283306121826e-01,-1.494849491119384766e+01,5.857069396972656250e+01
-4.160087406635284424e-01,-4.243288934230804443e-01,-1.494845008850097656e+01,5.857561111450195312e+01
-4.159931540489196777e-01,-4.243313670158386230e-01,-1.494844055175781250e+01,5.858065009117126465e+01
-4.159739315509796143e-01,-4.243369400501251221e-01,-1.494843673706054688e+01,5.858565306663513184e+01
-4.159540235996246338e-01,-4.243396520614624023e-01,-1.494842910766601562e+01,5.859062504768371582e+01
-4.159323871135711670e-01,-4.243413209915161133e-01,-1.494842243194580078e+01,5.859592604637145996e+01
-4.159109890460968018e-01,-4.243403971195220947e-01,-1.494842052459716797e+01,5.860069108009338379e+01
-4.158877134323120117e-01,-4.243413507938385010e-01,-1.494841670989990234e+01,5.860562896728515625e+01
-4.159635603427886963e-01,-4.243600070476531982e-01,-1.494854450225830078e+01,5.861051797866821289e+01
-4.159479141235351562e-01,-4.243593215942382812e-01,-1.494855785369873047e+01,5.861573696136474609e+01
-4.159274399280548096e-01,-4.243463873863220215e-01,-1.494856834411621094e+01,5.862080407142639160e+01
-4.159084558486938477e-01,-4.243433475494384766e-01,-1.494858169555664062e+01,5.862588715553283691e+01
-4.158884584903717041e-01,-4.243398308753967285e-01,-1.494859695434570312e+01,5.863084292411804199e+01
-4.158671498298645020e-01,-4.243425428867340088e-01,-1.494861221313476562e+01,5.863640308380126953e+01
-4.158441722393035889e-01,-4.243426620960235596e-01,-1.494862747192382812e+01,5.864060401916503906e+01
-4.159261584281921387e-01,-4.244206547737121582e-01,-1.494865703582763672e+01,5.864631295204162598e+01
-4.159123897552490234e-01,-4.244264662265777588e-01,-1.494866275787353516e+01,5.865076494216918945e+01
-4.158962368965148926e-01,-4.244346320629119873e-01,-1.494867038726806641e+01,5.865568208694458008e+01
-4.158791303634643555e-01,-4.244427978992462158e-01,-1.494867897033691406e+01,5.866123604774475098e+01
-4.158606529235839844e-01,-4.244485795497894287e-01,-1.494868564605712891e+01,5.866567206382751465e+01
-4.158406555652618408e-01,-4.244554638862609863e-01,-1.494869327545166016e+01,5.867069292068481445e+01
-4.160119295120239258e-01,-4.243241548538208008e-01,-1.494868850708007812e+01,5.867599892616271973e+01
-4.159972667694091797e-01,-4.243233501911163330e-01,-1.494868564605712891e+01,5.868077993392944336e+01
-4.159831702709197998e-01,-4.243290126323699951e-01,-1.494869041442871094e+01,5.868592810630798340e+01
-4.159678220748901367e-01,-4.243339002132415771e-01,-1.494869136810302734e+01,5.869086813926696777e+01
-4.159528017044067383e-01,-4.243414998054504395e-01,-1.494869327545166016e+01,5.869663095474243164e+01
-4.159359335899353027e-01,-4.243474602699279785e-01,-1.494869327545166016e+01,5.870074892044067383e+01
-4.159181118011474609e-01,-4.243539273738861084e-01,-1.494869709014892578e+01,5.870570898056030273e+01
-4.159629046916961670e-01,-4.242678880691528320e-01,-1.494878959655761719e+01,5.871104192733764648e+01
-4.159476757049560547e-01,-4.242721796035766602e-01,-1.494880008697509766e+01,5.871592497825622559e+01
-4.159323275089263916e-01,-4.242759048938751221e-01,-1.494880390167236328e+01,5.872095108032226562e+01
-4.159153103828430176e-01,-4.242803454399108887e-01,-1.494881057739257812e+01,5.872647714614868164e+01
-4.158965349197387695e-01,-4.242847263813018799e-01,-1.494881820678710938e+01,5.873118400573730469e+01
-4.158761203289031982e-01,-4.242900311946868896e-01,-1.494882678985595703e+01,5.873597693443298340e+01
-4.159597158432006836e-01,-4.242351055145263672e-01,-1.494889831542968750e+01,5.874083495140075684e+01
-4.159460365772247314e-01,-4.242419600486755371e-01,-1.494890308380126953e+01,5.874589610099792480e+01
-4.159297943115234375e-01,-4.242487549781799316e-01,-1.494890880584716797e+01,5.875102114677429199e+01
-4.159124493598937988e-01,-4.242565631866455078e-01,-1.494891643524169922e+01,5.875603914260864258e+01
-4.158938825130462646e-01,-4.242650568485260010e-01,-1.494892215728759766e+01,5.876130914688110352e+01
-4.158742725849151611e-01,-4.242742657661437988e-01,-1.494892883300781250e+01,5.876601195335388184e+01
-4.158534705638885498e-01,-4.242838621139526367e-01,-1.494893741607666016e+01,5.877119493484497070e+01
-4.159082770347595215e-01,-4.241808950901031494e-01,-1.494895458221435547e+01,5.877641010284423828e+01
-4.158909916877746582e-01,-4.241843521595001221e-01,-1.494895172119140625e+01,5.878111696243286133e+01
-4.158726036548614502e-01,-4.241886436939239502e-01,-1.494894504547119141e+01,5.878603601455688477e+01
-4.158527553081512451e-01,-4.241938591003417969e-01,-1.494893646240234375e+01,5.879119610786437988e+01
-4.158347845077514648e-01,-4.242004752159118652e-01,-1.494894313812255859e+01,5.879652500152587891e+01
-4.158141016960144043e-01,-4.242097437381744385e-01,-1.494893646240234375e+01,5.880116415023803711e+01
-4.157923161983489990e-01,-4.242213070392608643e-01,-1.494892978668212891e+01,5.880601596832275391e+01
-4.158647060394287109e-01,-4.240499138832092285e-01,-1.494903087615966797e+01,5.881115508079528809e+01
-4.158514738082885742e-01,-4.240579307079315186e-01,-1.494903182983398438e+01,5.881647014617919922e+01
-4.158366024494171143e-01,-4.240659475326538086e-01,-1.494903278350830078e+01,5.882096910476684570e+01
-4.158208072185516357e-01,-4.240680634975433350e-01,-1.494905090332031250e+01,5.882643699645996094e+01
-4.158032536506652832e-01,-4.240714013576507568e-01,-1.494905948638916016e+01,5.883131194114685059e+01
-4.157844185829162598e-01,-4.240725338459014893e-01,-1.494906806945800781e+01,5.883667111396789551e+01
-4.157641232013702393e-01,-4.240695536136627197e-01,-1.494907379150390625e+01,5.884136104583740234e+01
-4.158811867237091064e-01,-4.240533709526062012e-01,-1.494905948638916016e+01,5.884668612480163574e+01
-4.158652126789093018e-01,-4.240569174289703369e-01,-1.494905948638916016e+01,5.885111594200134277e+01
-4.158486127853393555e-01,-4.240770041942596436e-01,-1.494906139373779297e+01,5.885656714439392090e+01
-4.158308506011962891e-01,-4.240861237049102783e-01,-1.494906425476074219e+01,5.886136913299560547e+01
-4.158121347427368164e-01,-4.240944981575012207e-01,-1.494906997680664062e+01,5.886616015434265137e+01
-4.157924950122833252e-01,-4.241019189357757568e-01,-1.494908046722412109e+01,5.887120914459228516e+01
-4.158443510532379150e-01,-4.240441024303436279e-01,-1.494911575317382812e+01,5.887650299072265625e+01
-4.158227443695068359e-01,-4.240373671054840088e-01,-1.494913196563720703e+01,5.888116407394409180e+01
-4.158014953136444092e-01,-4.240312874317169189e-01,-1.494915008544921875e+01,5.888659405708312988e+01
-4.157805740833282471e-01,-4.240276515483856201e-01,-1.494916915893554688e+01,5.889125895500183105e+01
-4.157596826553344727e-01,-4.240230917930603027e-01,-1.494919013977050781e+01,5.889667296409606934e+01
-4.157380759716033936e-01,-4.240160584449768066e-01,-1.494921016693115234e+01,5.890126514434814453e+01
-4.157132804393768311e-01,-4.240074455738067627e-01,-1.494921970367431641e+01,5.890638208389282227e+01
-4.159387946128845215e-01,-4.240265488624572754e-01,-1.494919776916503906e+01,5.891129302978515625e+01
-4.159281253814697266e-01,-4.240379333496093750e-01,-1.494920635223388672e+01,5.891662096977233887e+01
-4.159159660339355469e-01,-4.240499436855316162e-01,-1.494922637939453125e+01,5.892130208015441895e+01
-4.159014225006103516e-01,-4.240652620792388916e-01,-1.494923591613769531e+01,5.892681694030761719e+01
-4.158851206302642822e-01,-4.240852892398834229e-01,-1.494924449920654297e+01,5.893138194084167480e+01
-4.158667325973510742e-01,-4.241089820861816406e-01,-1.494924163818359375e+01,5.893641209602355957e+01
-4.158471226692199707e-01,-4.241322278976440430e-01,-1.494924545288085938e+01,5.894128203392028809e+01
-4.158375263214111328e-01,-4.238397479057312012e-01,-1.494932460784912109e+01,5.894647908210754395e+01
-4.158215522766113281e-01,-4.238429963588714600e-01,-1.494933223724365234e+01,5.895166301727294922e+01
-4.158023297786712646e-01,-4.238452315330505371e-01,-1.494934368133544922e+01,5.895659995079040527e+01
-4.157825410366058350e-01,-4.238497316837310791e-01,-1.494935798645019531e+01,5.896154093742370605e+01
-4.157621264457702637e-01,-4.238564372062683105e-01,-1.494937419891357422e+01,5.896717405319213867e+01
-4.157379567623138428e-01,-4.238555729389190674e-01,-1.494938087463378906e+01,5.897142815589904785e+01
-4.158447384834289551e-01,-4.238539040088653564e-01,-1.494935607910156250e+01,5.897671198844909668e+01
-4.158300161361694336e-01,-4.238633811473846436e-01,-1.494935417175292969e+01,5.898129200935363770e+01
-4.158137142658233643e-01,-4.238767027854919434e-01,-1.494934368133544922e+01,5.898646092414855957e+01
-4.157964289188385010e-01,-4.238865077495574951e-01,-1.494933986663818359e+01,5.899149012565612793e+01
-4.157780408859252930e-01,-4.238952398300170898e-01,-1.494933605194091797e+01,5.899672698974609375e+01
-4.157587587833404541e-01,-4.238986372947692871e-01,-1.494933986663818359e+01,5.900138592720031738e+01
-4.157384932041168213e-01,-4.239052832126617432e-01,-1.494934082031250000e+01,5.900666403770446777e+01
-4.157769381999969482e-01,-4.238947927951812744e-01,-1.494944000244140625e+01,5.901137495040893555e+01
-4.157592058181762695e-01,-4.239062368869781494e-01,-1.494944477081298828e+01,5.901688313484191895e+01
-4.157411158084869385e-01,-4.239167869091033936e-01,-1.494944858551025391e+01,5.902179813385009766e+01
-4.157213866710662842e-01,-4.239266216754913330e-01,-1.494945335388183594e+01,5.902679610252380371e+01
-4.157017171382904053e-01,-4.239301383495330811e-01,-1.494946289062500000e+01,5.903153300285339355e+01
-4.156802296638488770e-01,-4.239368140697479248e-01,-1.494947147369384766e+01,5.903684401512145996e+01
-4.157477617263793945e-01,-4.238858520984649658e-01,-1.494962596893310547e+01,5.904149603843688965e+01
-4.157281816005706787e-01,-4.238825440406799316e-01,-1.494964408874511719e+01,5.904654693603515625e+01
-4.157084524631500244e-01,-4.238753616809844971e-01,-1.494965362548828125e+01,5.905149102210998535e+01
-4.156885445117950439e-01,-4.238733947277069092e-01,-1.494966983795166016e+01,5.905654907226562500e+01
-4.156672656536102295e-01,-4.238727092742919922e-01,-1.494968891143798828e+01,5.906178092956542969e+01
-4.156439602375030518e-01,-4.238799214363098145e-01,-1.494971275329589844e+01,5.906676697731018066e+01
-4.156206846237182617e-01,-4.238847196102142334e-01,-1.494973564147949219e+01,5.907159614562988281e+01
-4.157455861568450928e-01,-4.238538444042205811e-01,-1.494964218139648438e+01,5.907688498497009277e+01
-4.157303869724273682e-01,-4.238571226596832275e-01,-1.494962882995605469e+01,5.908164095878601074e+01
-4.157134890556335449e-01,-4.238587021827697754e-01,-1.494961929321289062e+01,5.908669114112854004e+01
-4.156948029994964600e-01,-4.238613545894622803e-01,-1.494960880279541016e+01,5.909165000915527344e+01
-4.156769514083862305e-01,-4.238663613796234131e-01,-1.494961261749267578e+01,5.909677815437316895e+01
-4.156570136547088623e-01,-4.238706827163696289e-01,-1.494960880279541016e+01,5.910164308547973633e+01
-4.156360328197479248e-01,-4.238763153553009033e-01,-1.494960403442382812e+01,5.910667395591735840e+01
-4.156883060932159424e-01,-4.237980842590332031e-01,-1.494975185394287109e+01,5.911150693893432617e+01
-4.156751930713653564e-01,-4.238020777702331543e-01,-1.494975948333740234e+01,5.911675715446472168e+01
-4.156605005264282227e-01,-4.238062798976898193e-01,-1.494976615905761719e+01,5.912177896499633789e+01
-4.156433045864105225e-01,-4.238040745258331299e-01,-1.494978713989257812e+01,5.912711906433105469e+01
-4.156250655651092529e-01,-4.238055050373077393e-01,-1.494980144500732422e+01,5.913186812400817871e+01
-4.156051576137542725e-01,-4.238081276416778564e-01,-1.494981670379638672e+01,5.913669800758361816e+01
-4.157162010669708252e-01,-4.238031804561614990e-01,-1.494987583160400391e+01,5.914148092269897461e+01
-4.157006740570068359e-01,-4.238022267818450928e-01,-1.494989395141601562e+01,5.914663505554199219e+01
-4.156826138496398926e-01,-4.238003790378570557e-01,-1.494991207122802734e+01,5.915179014205932617e+01
-4.156633615493774414e-01,-4.237978160381317139e-01,-1.494993114471435547e+01,5.915703511238098145e+01
-4.156432747840881348e-01,-4.238009750843048096e-01,-1.494994640350341797e+01,5.916192293167114258e+01
-4.156216084957122803e-01,-4.238010942935943604e-01,-1.494996356964111328e+01,5.916708302497863770e+01
-4.155980348587036133e-01,-4.238002002239227295e-01,-1.494997978210449219e+01,5.917185211181640625e+01
-4.157531261444091797e-01,-4.236853420734405518e-01,-1.494982147216796875e+01,5.917684292793273926e+01
-4.157387614250183105e-01,-4.236858189105987549e-01,-1.494981956481933594e+01,5.918164205551147461e+01
-4.157216250896453857e-01,-4.236867129802703857e-01,-1.494981765747070312e+01,5.918719100952148438e+01
-4.157030880451202393e-01,-4.236813783645629883e-01,-1.494983959197998047e+01,5.919186115264892578e+01
-4.156824350357055664e-01,-4.236843883991241455e-01,-1.494984245300292969e+01,5.919697594642639160e+01
-4.156606793403625488e-01,-4.236876070499420166e-01,-1.494984912872314453e+01,5.920171594619750977e+01
-4.156375825405120850e-01,-4.236946403980255127e-01,-1.494985485076904297e+01,5.920708894729614258e+01
-4.156268835067749023e-01,-4.236738681793212891e-01,-1.494992923736572266e+01,5.921167206764221191e+01
-4.156053066253662109e-01,-4.236762523651123047e-01,-1.494993400573730469e+01,5.921705794334411621e+01
-4.155815839767456055e-01,-4.236792325973510742e-01,-1.494993972778320312e+01,5.922178792953491211e+01
-4.155602753162384033e-01,-4.236886203289031982e-01,-1.494995594024658203e+01,5.922715592384338379e+01
-4.155352711677551270e-01,-4.236930310726165771e-01,-1.494996261596679688e+01,5.923208212852478027e+01
-4.155090153217315674e-01,-4.236966073513031006e-01,-1.494996833801269531e+01,5.923706007003784180e+01
-4.156216979026794434e-01,-4.236446619033813477e-01,-1.495005130767822266e+01,5.924193310737609863e+01
-4.156058132648468018e-01,-4.236486554145812988e-01,-1.495005416870117188e+01,5.924702215194702148e+01
-4.155889153480529785e-01,-4.236539006233215332e-01,-1.495005893707275391e+01,5.925195097923278809e+01
-4.155711531639099121e-01,-4.236635565757751465e-01,-1.495006370544433594e+01,5.925704813003540039e+01
-4.155521392822265625e-01,-4.236713945865631104e-01,-1.495006752014160156e+01,5.926220297813415527e+01
-4.155318737030029297e-01,-4.236794114112854004e-01,-1.495006942749023438e+01,5.926696205139160156e+01
-4.155101776123046875e-01,-4.236837029457092285e-01,-1.495006752014160156e+01,5.927190613746643066e+01
-4.156394004821777344e-01,-4.235872626304626465e-01,-1.495014095306396484e+01,5.927685594558715820e+01
-4.156337976455688477e-01,-4.235939085483551025e-01,-1.495015430450439453e+01,5.928186392784118652e+01
-4.156233966350555420e-01,-4.235987961292266846e-01,-1.495017337799072266e+01,5.928703808784484863e+01
-4.156141579151153564e-01,-4.236096441745758057e-01,-1.495019054412841797e+01,5.929203104972839355e+01
-4.156030416488647461e-01,-4.236238002777099609e-01,-1.495020961761474609e+01,5.929697299003601074e+01
-4.155902266502380371e-01,-4.236420989036560059e-01,-1.495023059844970703e+01,5.930202412605285645e+01
-4.155797958374023438e-01,-4.236450195312500000e-01,-1.495024776458740234e+01,5.930706095695495605e+01
-4.156796932220458984e-01,-4.235332608222961426e-01,-1.495019245147705078e+01,5.931204295158386230e+01
-4.156820178031921387e-01,-4.235446155071258545e-01,-1.495018863677978516e+01,5.931701898574829102e+01
-4.156834483146667480e-01,-4.235540926456451416e-01,-1.495017337799072266e+01,5.932203793525695801e+01
-4.156812429428100586e-01,-4.235661923885345459e-01,-1.495016765594482422e+01,5.932725906372070312e+01
-4.156778752803802490e-01,-4.235811829566955566e-01,-1.495016002655029297e+01,5.933214998245239258e+01
-4.156710207462310791e-01,-4.235998690128326416e-01,-1.495015525817871094e+01,5.933702397346496582e+01
-4.154844582080841064e-01,-4.235189259052276611e-01,-1.495030307769775391e+01,5.934204101562500000e+01
-4.154669046401977539e-01,-4.235192239284515381e-01,-1.495031738281250000e+01,5.934700894355773926e+01
-4.154504835605621338e-01,-4.235237240791320801e-01,-1.495032787322998047e+01,5.935215306282043457e+01
-4.154316186904907227e-01,-4.235261380672454834e-01,-1.495034122467041016e+01,5.935710811614990234e+01
-4.154115319252014160e-01,-4.235281348228454590e-01,-1.495035266876220703e+01,5.936212301254272461e+01
-4.153898954391479492e-01,-4.235297143459320068e-01,-1.495035552978515625e+01,5.936714792251586914e+01
-4.153672754764556885e-01,-4.235324263572692871e-01,-1.495036315917968750e+01,5.937201714515686035e+01
-4.154716730117797852e-01,-4.234749376773834229e-01,-1.495029830932617188e+01,5.937719511985778809e+01
-4.154579043388366699e-01,-4.234817922115325928e-01,-1.495030784606933594e+01,5.938215613365173340e+01
-4.154433608055114746e-01,-4.234881103038787842e-01,-1.495030593872070312e+01,5.938717913627624512e+01
-4.154276847839355469e-01,-4.234924316406250000e-01,-1.495030498504638672e+01,5.939225792884826660e+01
-4.154109954833984375e-01,-4.234942197799682617e-01,-1.495030784606933594e+01,5.939723610877990723e+01
-4.153951704502105713e-01,-4.235063195228576660e-01,-1.495030784606933594e+01,5.940216302871704102e+01
-4.153764843940734863e-01,-4.235164821147918701e-01,-1.495031261444091797e+01,5.940720200538635254e+01
-4.154516458511352539e-01,-4.233566522598266602e-01,-1.495041942596435547e+01,5.941215610504150391e+01
-4.154390990734100342e-01,-4.233669936656951904e-01,-1.495043182373046875e+01,5.941729307174682617e+01
-4.154254496097564697e-01,-4.233733415603637695e-01,-1.495044326782226562e+01,5.942226099967956543e+01
-4.154106378555297852e-01,-4.233801066875457764e-01,-1.495045566558837891e+01,5.942785310745239258e+01
-4.153941869735717773e-01,-4.233840703964233398e-01,-1.495046424865722656e+01,5.943230009078979492e+01
-4.153767824172973633e-01,-4.233906865119934082e-01,-1.495047473907470703e+01,5.943727397918701172e+01
-4.153826832771301270e-01,-4.233227968215942383e-01,-1.495038223266601562e+01,5.944228410720825195e+01
-4.153657555580139160e-01,-4.233331382274627686e-01,-1.495038223266601562e+01,5.944731998443603516e+01
-4.153474867343902588e-01,-4.233403503894805908e-01,-1.495038318634033203e+01,5.945228314399719238e+01
-4.153279662132263184e-01,-4.233461320400238037e-01,-1.495038414001464844e+01,5.945724797248840332e+01
-4.153071045875549316e-01,-4.233437478542327881e-01,-1.495038700103759766e+01,5.946246099472045898e+01
-4.152852296829223633e-01,-4.233454465866088867e-01,-1.495038986206054688e+01,5.946739697456359863e+01
-4.152622222900390625e-01,-4.233476221561431885e-01,-1.495039081573486328e+01,5.947227597236633301e+01
-4.153190851211547852e-01,-4.232678115367889404e-01,-1.495046329498291016e+01,5.947744107246398926e+01
-4.152939617633819580e-01,-4.232579171657562256e-01,-1.495046329498291016e+01,5.948240709304809570e+01
-4.152703583240509033e-01,-4.232515096664428711e-01,-1.495047092437744141e+01,5.948741102218627930e+01
-4.152457416057586670e-01,-4.232450723648071289e-01,-1.495047855377197266e+01,5.949246811866760254e+01
-4.152199029922485352e-01,-4.232448935508728027e-01,-1.495048809051513672e+01,5.949740600585937500e+01
-4.151924252510070801e-01,-4.232417345046997070e-01,-1.495049762725830078e+01,5.950240492820739746e+01
-4.151632189750671387e-01,-4.232384264469146729e-01,-1.495051002502441406e+01,5.950754809379577637e+01
-4.152855575084686279e-01,-4.232001602649688721e-01,-1.495051670074462891e+01,5.951241993904113770e+01
-4.152661263942718506e-01,-4.232021570205688477e-01,-1.495052528381347656e+01,5.951744103431701660e+01
-4.152456223964691162e-01,-4.232049584388732910e-01,-1.495053195953369141e+01,5.952239298820495605e+01
-4.152237772941589355e-01,-4.232126474380493164e-01,-1.495053005218505859e+01,5.952765893936157227e+01
-4.152011573314666748e-01,-4.232193529605865479e-01,-1.495053195953369141e+01,5.953254103660583496e+01
-4.151773452758789062e-01,-4.232271611690521240e-01,-1.495053386688232422e+01,5.953751993179321289e+01
-4.153256714344024658e-01,-4.232201874256134033e-01,-1.495047855377197266e+01,5.954242706298828125e+01
-4.153095185756683350e-01,-4.232277274131774902e-01,-1.495048713684082031e+01,5.954760408401489258e+01
-4.152919650077819824e-01,-4.232359230518341064e-01,-1.495049953460693359e+01,5.955242609977722168e+01
-4.152729511260986328e-01,-4.232470691204071045e-01,-1.495051288604736328e+01,5.955773615837097168e+01
-4.152522683143615723e-01,-4.232576191425323486e-01,-1.495052623748779297e+01,5.956272697448730469e+01
-4.152300059795379639e-01,-4.232689440250396729e-01,-1.495054054260253906e+01,5.956765913963317871e+01
-4.152061045169830322e-01,-4.232809543609619141e-01,-1.495055580139160156e+01,5.957254910469055176e+01
-4.153383672237396240e-01,-4.231744408607482910e-01,-1.495054435729980469e+01,5.957760214805603027e+01
-4.153271317481994629e-01,-4.231796264648437500e-01,-1.495054149627685547e+01,5.958256506919860840e+01
-4.153147935867309570e-01,-4.231862127780914307e-01,-1.495053672790527344e+01,5.958763504028320312e+01
-4.153046905994415283e-01,-4.231993854045867920e-01,-1.495053958892822266e+01,5.959268593788146973e+01
-4.152916371822357178e-01,-4.232083857059478760e-01,-1.495054054260253906e+01,5.959807896614074707e+01
-4.152772426605224609e-01,-4.232168793678283691e-01,-1.495054054260253906e+01,5.960259413719177246e+01
-4.152612686157226562e-01,-4.232186675071716309e-01,-1.495053958892822266e+01,5.960761094093322754e+01
-4.153450131416320801e-01,-4.231265485286712646e-01,-1.495063495635986328e+01,5.961243796348571777e+01
-4.153365492820739746e-01,-4.231346845626831055e-01,-1.495064067840576172e+01,5.961772608757019043e+01
-4.153269827365875244e-01,-4.231458306312561035e-01,-1.495064735412597656e+01,5.962253308296203613e+01
-4.153161942958831787e-01,-4.231558442115783691e-01,-1.495065402984619141e+01,5.962790894508361816e+01
-4.153041243553161621e-01,-4.231669008731842041e-01,-1.495066070556640625e+01,5.963253593444824219e+01
-4.152907729148864746e-01,-4.231745302677154541e-01,-1.495066738128662109e+01,5.963791513442993164e+01
-4.152857661247253418e-01,-4.230589866638183594e-01,-1.495070171356201172e+01,5.964264202117919922e+01
-4.152740240097045898e-01,-4.230640232563018799e-01,-1.495070838928222656e+01,5.964773702621459961e+01
-4.152609705924987793e-01,-4.230699837207794189e-01,-1.495071697235107422e+01,5.965252995491027832e+01
-4.152437448501586914e-01,-4.230824112892150879e-01,-1.495073509216308594e+01,5.965755295753479004e+01
-4.152264893054962158e-01,-4.230908453464508057e-01,-1.495074748992919922e+01,5.966287398338317871e+01
-4.152076244354248047e-01,-4.230990707874298096e-01,-1.495076274871826172e+01,5.966773796081542969e+01
-4.151887297630310059e-01,-4.231027364730834961e-01,-1.495077800750732422e+01,5.967254209518432617e+01
-4.151962995529174805e-01,-4.230684340000152588e-01,-1.495078086853027344e+01,5.967788410186767578e+01
-4.151810109615325928e-01,-4.230780601501464844e-01,-1.495078563690185547e+01,5.968274593353271484e+01
-4.151643812656402588e-01,-4.230842292308807373e-01,-1.495079326629638672e+01,5.968801593780517578e+01
-4.151465296745300293e-01,-4.230919480323791504e-01,-1.495079803466796875e+01,5.969293308258056641e+01
-4.151275157928466797e-01,-4.230993986129760742e-01,-1.495080471038818359e+01,5.969783592224121094e+01
-4.151075780391693115e-01,-4.231067895889282227e-01,-1.495081710815429688e+01,5.970280599594116211e+01
-4.150863289833068848e-01,-4.231142401695251465e-01,-1.495082759857177734e+01,5.970783710479736328e+01
-4.151624441146850586e-01,-4.229965507984161377e-01,-1.495076465606689453e+01,5.971282792091369629e+01
-4.151536822319030762e-01,-4.229978322982788086e-01,-1.495076370239257812e+01,5.971788597106933594e+01
-4.151446521282196045e-01,-4.230026006698608398e-01,-1.495076847076416016e+01,5.972279500961303711e+01
-4.151345491409301758e-01,-4.230087697505950928e-01,-1.495077133178710938e+01,5.972811102867126465e+01
-4.151228666305541992e-01,-4.230177104473114014e-01,-1.495077323913574219e+01,5.973310804367065430e+01
-4.151095747947692871e-01,-4.230251610279083252e-01,-1.495077419281005859e+01,5.973786592483520508e+01
-4.152226448059082031e-01,-4.229612946510314941e-01,-1.495090198516845703e+01,5.974265694618225098e+01
-4.152184426784515381e-01,-4.229660928249359131e-01,-1.495091819763183594e+01,5.974775815010070801e+01
-4.152137637138366699e-01,-4.229823052883148193e-01,-1.495093631744384766e+01,5.975269508361816406e+01
-4.152076244354248047e-01,-4.229910075664520264e-01,-1.495095252990722656e+01,5.975797104835510254e+01
-4.152001738548278809e-01,-4.229994416236877441e-01,-1.495096874237060547e+01,5.976308894157409668e+01
-4.151895344257354736e-01,-4.229999184608459473e-01,-1.495098114013671875e+01,5.976774001121520996e+01
-4.151778221130371094e-01,-4.230043590068817139e-01,-1.495099639892578125e+01,5.977269315719604492e+01
-4.151147603988647461e-01,-4.229159355163574219e-01,-1.495082378387451172e+01,5.977781414985656738e+01
-4.150999784469604492e-01,-4.229156970977783203e-01,-1.495082092285156250e+01,5.978270292282104492e+01
-4.150838553905487061e-01,-4.229207932949066162e-01,-1.495082187652587891e+01,5.978803706169128418e+01
-4.150661230087280273e-01,-4.229273200035095215e-01,-1.495082283020019531e+01,5.979318594932556152e+01
-4.150469303131103516e-01,-4.229400753974914551e-01,-1.495082855224609375e+01,5.979788494110107422e+01
-4.150259792804718018e-01,-4.229508936405181885e-01,-1.495083332061767578e+01,5.980271410942077637e+01
-4.150034487247467041e-01,-4.229629337787628174e-01,-1.495083999633789062e+01,5.980787205696105957e+01
-4.150428771972656250e-01,-4.229432046413421631e-01,-1.495095825195312500e+01,5.981284213066101074e+01
-4.150259792804718018e-01,-4.229453504085540771e-01,-1.495096302032470703e+01,5.981808710098266602e+01
-4.150073826313018799e-01,-4.229474663734436035e-01,-1.495096874237060547e+01,5.982313394546508789e+01
-4.149870276451110840e-01,-4.229516983032226562e-01,-1.495097637176513672e+01,5.982818198204040527e+01
-4.149627983570098877e-01,-4.229543209075927734e-01,-1.495098209381103516e+01,5.983305311203002930e+01
-4.149381816387176514e-01,-4.229558706283569336e-01,-1.495098209381103516e+01,5.983819913864135742e+01
-4.150373339653015137e-01,-4.228766560554504395e-01,-1.495091533660888672e+01,5.984315609931945801e+01
-4.150217771530151367e-01,-4.228831529617309570e-01,-1.495090579986572266e+01,5.984808611869812012e+01
-4.150035381317138672e-01,-4.228899180889129639e-01,-1.495090484619140625e+01,5.985305809974670410e+01
-4.149840474128723145e-01,-4.228959679603576660e-01,-1.495090293884277344e+01,5.985806608200073242e+01
-4.149619042873382568e-01,-4.228985607624053955e-01,-1.495090579986572266e+01,5.986322307586669922e+01
-4.149388074874877930e-01,-4.229031503200531006e-01,-1.495090675354003906e+01,5.986817312240600586e+01
-4.149141311645507812e-01,-4.229083955287933350e-01,-1.495090866088867188e+01,5.987320804595947266e+01
-4.149877727031707764e-01,-4.229014217853546143e-01,-1.495095443725585938e+01,5.987805914878845215e+01
-4.149721860885620117e-01,-4.229060113430023193e-01,-1.495095634460449219e+01,5.988321995735168457e+01
-4.149553179740905762e-01,-4.229118824005126953e-01,-1.495096111297607422e+01,5.988820505142211914e+01
-4.149352908134460449e-01,-4.229164421558380127e-01,-1.495096492767333984e+01,5.989324998855590820e+01
-4.149145185947418213e-01,-4.229226708412170410e-01,-1.495097160339355469e+01,5.989817309379577637e+01
-4.148922562599182129e-01,-4.229288697242736816e-01,-1.495097923278808594e+01,5.990321993827819824e+01
-4.150120317935943604e-01,-4.228539764881134033e-01,-1.495103454589843750e+01,5.990821099281311035e+01
-4.149999022483825684e-01,-4.228523671627044678e-01,-1.495105266571044922e+01,5.991316914558410645e+01
-4.149851202964782715e-01,-4.228528439998626709e-01,-1.495106410980224609e+01,5.991816902160644531e+01
-4.149692058563232422e-01,-4.228540956974029541e-01,-1.495107746124267578e+01,5.992322897911071777e+01
-4.149501621723175049e-01,-4.228607714176177979e-01,-1.495108795166015625e+01,5.992853593826293945e+01
-4.149304032325744629e-01,-4.228663742542266846e-01,-1.495110034942626953e+01,5.993318104743957520e+01
-4.149092733860015869e-01,-4.228726923465728760e-01,-1.495111179351806641e+01,5.993820500373840332e+01
-4.149361252784729004e-01,-4.228112101554870605e-01,-1.495114231109619141e+01,5.994326996803283691e+01
-4.149220287799835205e-01,-4.228161573410034180e-01,-1.495115375518798828e+01,5.994834613800048828e+01
-4.149070084095001221e-01,-4.228210747241973877e-01,-1.495116806030273438e+01,5.995330405235290527e+01
-4.148904681205749512e-01,-4.228171110153198242e-01,-1.495117759704589844e+01,5.995834994316101074e+01
-4.148730039596557617e-01,-4.228199422359466553e-01,-1.495119094848632812e+01,5.996348714828491211e+01
-4.148543775081634521e-01,-4.228233695030212402e-01,-1.495120525360107422e+01,5.996826601028442383e+01
-4.148331582546234131e-01,-4.228364229202270508e-01,-1.495122146606445312e+01,5.997329902648925781e+01
-4.149395823478698730e-01,-4.227506220340728760e-01,-1.495119190216064453e+01,5.997837901115417480e+01
-4.149218797683715820e-01,-4.227617383003234863e-01,-1.495120811462402344e+01,5.998329710960388184e+01
-4.149048626422882080e-01,-4.227631986141204834e-01,-1.495121479034423828e+01,5.998841309547424316e+01
-4.148860871791839600e-01,-4.227692484855651855e-01,-1.495122909545898438e+01,5.999357795715332031e+01
-4.148664176464080811e-01,-4.227749407291412354e-01,-1.495124721527099609e+01,5.999841308593750000e+01
-4.148458540439605713e-01,-4.227810204029083252e-01,-1.495127010345458984e+01,6.000332713127136230e+01
-4.149589538574218750e-01,-4.227168560028076172e-01,-1.495115756988525391e+01,6.000840497016906738e+01
-4.149515628814697266e-01,-4.227255582809448242e-01,-1.495116996765136719e+01,6.001339602470397949e+01
-4.149439930915832520e-01,-4.227378964424133301e-01,-1.495118236541748047e+01,6.001840710639953613e+01
-4.149350225925445557e-01,-4.227566421031951904e-01,-1.495117473602294922e+01,6.002342796325683594e+01
-4.149252176284790039e-01,-4.227699041366577148e-01,-1.495118331909179688e+01,6.002853512763977051e+01
-4.149135351181030273e-01,-4.227817058563232422e-01,-1.495119476318359375e+01,6.003341007232666016e+01
-4.149013459682464600e-01,-4.227837026119232178e-01,-1.495121574401855469e+01,6.003838992118835449e+01
-4.149603545665740967e-01,-4.226590991020202637e-01,-1.495123100280761719e+01,6.004342412948608398e+01
-4.149523675441741943e-01,-4.226687550544738770e-01,-1.495123195648193359e+01,6.004841995239257812e+01
-4.149424433708190918e-01,-4.226741194725036621e-01,-1.495121860504150391e+01,6.005339097976684570e+01
-4.149319231510162354e-01,-4.226825237274169922e-01,-1.495121669769287109e+01,6.005835509300231934e+01
-4.149203300476074219e-01,-4.226903021335601807e-01,-1.495121574401855469e+01,6.006356596946716309e+01
-4.149065613746643066e-01,-4.226940572261810303e-01,-1.495123291015625000e+01,6.006839013099670410e+01
-4.148915410041809082e-01,-4.227000772953033447e-01,-1.495124053955078125e+01,6.007340693473815918e+01
-4.148981273174285889e-01,-4.225868284702301025e-01,-1.495127868652343750e+01,6.007841897010803223e+01
-4.148798882961273193e-01,-4.225823581218719482e-01,-1.495129013061523438e+01,6.008353304862976074e+01
-4.148639440536499023e-01,-4.225815236568450928e-01,-1.495131206512451172e+01,6.008854794502258301e+01
-4.148445427417755127e-01,-4.225803911685943604e-01,-1.495132637023925781e+01,6.009364604949951172e+01
-4.148242175579071045e-01,-4.225806593894958496e-01,-1.495134162902832031e+01,6.009871101379394531e+01
-4.148010313510894775e-01,-4.225849211215972900e-01,-1.495135402679443359e+01,6.010358810424804688e+01
-4.148886203765869141e-01,-4.226002395153045654e-01,-1.495130348205566406e+01,6.010853195190429688e+01
-4.148753583431243896e-01,-4.226043522357940674e-01,-1.495130634307861328e+01,6.011355400085449219e+01
-4.148606359958648682e-01,-4.226057529449462891e-01,-1.495131683349609375e+01,6.011854195594787598e+01
-4.148439466953277588e-01,-4.226090908050537109e-01,-1.495132255554199219e+01,6.012353992462158203e+01
-4.148254394531250000e-01,-4.226117730140686035e-01,-1.495133018493652344e+01,6.012873196601867676e+01
-4.148070216178894043e-01,-4.226132035255432129e-01,-1.495134162902832031e+01,6.013354396820068359e+01
-4.147867560386657715e-01,-4.226155281066894531e-01,-1.495135211944580078e+01,6.013852000236511230e+01
-4.148685634136199951e-01,-4.225372970104217529e-01,-1.495133304595947266e+01,6.014355301856994629e+01
-4.148547947406768799e-01,-4.225421249866485596e-01,-1.495132827758789062e+01,6.014855504035949707e+01
-4.148405194282531738e-01,-4.225445389747619629e-01,-1.495132637023925781e+01,6.015367293357849121e+01
-4.148246347904205322e-01,-4.225462079048156738e-01,-1.495132827758789062e+01,6.015872001647949219e+01
-4.148092567920684814e-01,-4.225446283817291260e-01,-1.495133781433105469e+01,6.016393995285034180e+01
-4.147922098636627197e-01,-4.225455522537231445e-01,-1.495134544372558594e+01,6.016871404647827148e+01
-4.147743582725524902e-01,-4.225462973117828369e-01,-1.495135498046875000e+01,6.017366600036621094e+01
-4.148395359516143799e-01,-4.225187003612518311e-01,-1.495141792297363281e+01,6.017878198623657227e+01
-4.148225188255310059e-01,-4.225384294986724854e-01,-1.495141601562500000e+01,6.018366312980651855e+01
-4.148061871528625488e-01,-4.225507676601409912e-01,-1.495141887664794922e+01,6.018866014480590820e+01
-4.147884845733642578e-01,-4.225637018680572510e-01,-1.495142269134521484e+01,6.019393992424011230e+01
-4.147692620754241943e-01,-4.225708246231079102e-01,-1.495143032073974609e+01,6.019875502586364746e+01
-4.147486090660095215e-01,-4.225820004940032959e-01,-1.495143795013427734e+01,6.020369815826416016e+01
-4.147042334079742432e-01,-4.225325286388397217e-01,-1.495141029357910156e+01,6.020869398117065430e+01
-4.146907627582550049e-01,-4.225435554981231689e-01,-1.495141315460205078e+01,6.021358704566955566e+01
-4.146754145622253418e-01,-4.225528836250305176e-01,-1.495141315460205078e+01,6.021876502037048340e+01
-4.146583378314971924e-01,-4.225626587867736816e-01,-1.495141315460205078e+01,6.022367095947265625e+01
-4.146407246589660645e-01,-4.225673079490661621e-01,-1.495140457153320312e+01,6.022890496253967285e+01
-4.146214127540588379e-01,-4.225749373435974121e-01,-1.495139980316162109e+01,6.023379111289978027e+01
-4.146011471748352051e-01,-4.225830733776092529e-01,-1.495139789581298828e+01,6.023883700370788574e+01
-4.146390855312347412e-01,-4.225514829158782959e-01,-1.495150661468505859e+01,6.024369406700134277e+01
-4.146257638931274414e-01,-4.225527346134185791e-01,-1.495150661468505859e+01,6.024895215034484863e+01
-4.146110713481903076e-01,-4.225538074970245361e-01,-1.495150852203369141e+01,6.025375103950500488e+01
-4.145950973033905029e-01,-4.225545823574066162e-01,-1.495151138305664062e+01,6.025896811485290527e+01
-4.145779907703399658e-01,-4.225628674030303955e-01,-1.495151805877685547e+01,6.026391911506652832e+01
-4.145594835281372070e-01,-4.225726127624511719e-01,-1.495152568817138672e+01,6.026883697509765625e+01
-4.145401716232299805e-01,-4.225856065750122070e-01,-1.495153903961181641e+01,6.027392005920410156e+01
-4.145641326904296875e-01,-4.224800467491149902e-01,-1.495155429840087891e+01,6.027872705459594727e+01
-4.145490229129791260e-01,-4.224813878536224365e-01,-1.495156574249267578e+01,6.028392195701599121e+01
-4.145325124263763428e-01,-4.224825799465179443e-01,-1.495158004760742188e+01,6.028892111778259277e+01
-4.145138263702392578e-01,-4.225122928619384766e-01,-1.495155811309814453e+01,6.029403114318847656e+01
-4.144946038722991943e-01,-4.225158095359802246e-01,-1.495155906677246094e+01,6.029896497726440430e+01
-4.144743978977203369e-01,-4.225187599658966064e-01,-1.495156288146972656e+01,6.030391192436218262e+01
-4.145826101303100586e-01,-4.224651455879211426e-01,-1.495159149169921875e+01,6.030891895294189453e+01
-4.145770668983459473e-01,-4.224733114242553711e-01,-1.495160007476806641e+01,6.031391096115112305e+01
-4.145704805850982666e-01,-4.224815666675567627e-01,-1.495160961151123047e+01,6.031896400451660156e+01
-4.145624935626983643e-01,-4.224976897239685059e-01,-1.495160961151123047e+01,6.032392406463623047e+01
-4.145533740520477295e-01,-4.225092530250549316e-01,-1.495161724090576172e+01,6.032918906211853027e+01
-4.145427942276000977e-01,-4.225232899188995361e-01,-1.495162677764892578e+01,6.033391714096069336e+01
-4.145308732986450195e-01,-4.225338101387023926e-01,-1.495164012908935547e+01,6.033929896354675293e+01
-4.145494103431701660e-01,-4.224698841571807861e-01,-1.495166873931884766e+01,6.034393215179443359e+01
-4.145374596118927002e-01,-4.224801361560821533e-01,-1.495167160034179688e+01,6.034903502464294434e+01
-4.145247340202331543e-01,-4.224913120269775391e-01,-1.495167446136474609e+01,6.035404205322265625e+01
-4.145080745220184326e-01,-4.224978089332580566e-01,-1.495168590545654297e+01,6.035921311378479004e+01
-4.144914448261260986e-01,-4.225079119205474854e-01,-1.495168972015380859e+01,6.036404109001159668e+01
-4.144729971885681152e-01,-4.225179553031921387e-01,-1.495169162750244141e+01,6.036902904510498047e+01
-4.144544005393981934e-01,-4.225281476974487305e-01,-1.495169067382812500e+01,6.037401795387268066e+01
-4.145332276821136475e-01,-4.224369525909423828e-01,-1.495178890228271484e+01,6.037913107872009277e+01
-4.145196974277496338e-01,-4.224455654621124268e-01,-1.495180225372314453e+01,6.038405108451843262e+01
-4.145041108131408691e-01,-4.224575757980346680e-01,-1.495179462432861328e+01,6.038900494575500488e+01
-4.144879877567291260e-01,-4.224660396575927734e-01,-1.495180130004882812e+01,6.039428210258483887e+01
-4.144709110260009766e-01,-4.224743843078613281e-01,-1.495180892944335938e+01,6.039932703971862793e+01
-4.144516289234161377e-01,-4.224789440631866455e-01,-1.495182991027832031e+01,6.040401196479797363e+01
-4.144388735294342041e-01,-4.223282337188720703e-01,-1.495174884796142578e+01,6.040905404090881348e+01
-4.144195318222045898e-01,-4.223349988460540771e-01,-1.495175170898437500e+01,6.041404294967651367e+01
-4.143998026847839355e-01,-4.223441779613494873e-01,-1.495175457000732422e+01,6.041912698745727539e+01
-4.143795073032379150e-01,-4.223562180995941162e-01,-1.495175361633300781e+01,6.042413902282714844e+01
-4.143573343753814697e-01,-4.223700463771820068e-01,-1.495175170898437500e+01,6.042935800552368164e+01
-4.143328964710235596e-01,-4.223845899105072021e-01,-1.495174884796142578e+01,6.043418097496032715e+01
-4.143091440200805664e-01,-4.223950803279876709e-01,-1.495175457000732422e+01,6.043919897079467773e+01
-4.144400954246520996e-01,-4.223194420337677002e-01,-1.495165348052978516e+01,6.044419407844543457e+01
-4.144331514835357666e-01,-4.223177731037139893e-01,-1.495164394378662109e+01,6.044917607307434082e+01
-4.144262373447418213e-01,-4.223155379295349121e-01,-1.495164680480957031e+01,6.045417308807373047e+01
-4.144185483455657959e-01,-4.223134219646453857e-01,-1.495164299011230469e+01,6.045945692062377930e+01
-4.144099652767181396e-01,-4.223093986511230469e-01,-1.495164203643798828e+01,6.046429610252380371e+01
-4.143984019756317139e-01,-4.223032593727111816e-01,-1.495164299011230469e+01,6.046919393539428711e+01
-4.143857657909393311e-01,-4.222975671291351318e-01,-1.495164394378662109e+01,6.047417712211608887e+01
-4.143345654010772705e-01,-4.223796427249908447e-01,-1.495176029205322266e+01,6.047926092147827148e+01
-4.143240153789520264e-01,-4.223857223987579346e-01,-1.495175457000732422e+01,6.048430800437927246e+01
-4.143119156360626221e-01,-4.223953187465667725e-01,-1.495175361633300781e+01,6.048929595947265625e+01
-4.142978489398956299e-01,-4.224054217338562012e-01,-1.495174789428710938e+01,6.049456214904785156e+01
-4.142821729183197021e-01,-4.224151670932769775e-01,-1.495174121856689453e+01,6.049933195114135742e+01
-4.142649471759796143e-01,-4.224256575107574463e-01,-1.495173454284667969e+01,6.050429511070251465e+01
-4.142271578311920166e-01,-4.223795235157012939e-01,-1.495170879364013672e+01,6.050929403305053711e+01
-4.142123460769653320e-01,-4.223797023296356201e-01,-1.495171546936035156e+01,6.051429200172424316e+01
-4.142004251480102539e-01,-4.223768711090087891e-01,-1.495172214508056641e+01,6.051933193206787109e+01
-4.141851365566253662e-01,-4.223782420158386230e-01,-1.495172977447509766e+01,6.052429413795471191e+01
-4.141679704189300537e-01,-4.223803281784057617e-01,-1.495173645019531250e+01,6.052942299842834473e+01
-4.141492545604705811e-01,-4.223849773406982422e-01,-1.495173835754394531e+01,6.053429698944091797e+01
-4.141294956207275391e-01,-4.223893582820892334e-01,-1.495174217224121094e+01,6.053929209709167480e+01
-4.141658842563629150e-01,-4.223828613758087158e-01,-1.495174980163574219e+01,6.054430794715881348e+01
-4.141508936882019043e-01,-4.223854839801788330e-01,-1.495176410675048828e+01,6.054958915710449219e+01
-4.141360819339752197e-01,-4.223940670490264893e-01,-1.495177650451660156e+01,6.055446410179138184e+01
-4.141196608543395996e-01,-4.224042594432830811e-01,-1.495178890228271484e+01,6.055950403213500977e+01
-4.141033887863159180e-01,-4.224186241626739502e-01,-1.495180225372314453e+01,6.056441497802734375e+01
-4.140850901603698730e-01,-4.224316477775573730e-01,-1.495181560516357422e+01,6.056944513320922852e+01
-4.140654802322387695e-01,-4.224455356597900391e-01,-1.495182895660400391e+01,6.057434797286987305e+01
-4.141079485416412354e-01,-4.223774671554565430e-01,-1.495171260833740234e+01,6.057949900627136230e+01
-4.140936732292175293e-01,-4.223828017711639404e-01,-1.495172023773193359e+01,6.058446097373962402e+01
-4.140788614749908447e-01,-4.223903119564056396e-01,-1.495172691345214844e+01,6.058951592445373535e+01
-4.140633046627044678e-01,-4.223993420600891113e-01,-1.495172977447509766e+01,6.059464192390441895e+01
-4.140469431877136230e-01,-4.224092066287994385e-01,-1.495173454284667969e+01,6.059952807426452637e+01
-4.140294492244720459e-01,-4.224185347557067871e-01,-1.495174121856689453e+01,6.060437202453613281e+01
-4.141411781311035156e-01,-4.224110543727874756e-01,-1.495161628723144531e+01,6.060943913459777832e+01
-4.141339957714080811e-01,-4.224261343479156494e-01,-1.495162773132324219e+01,6.061445498466491699e+01
-4.141249358654022217e-01,-4.224414527416229248e-01,-1.495163059234619141e+01,6.061958098411560059e+01
-4.141144454479217529e-01,-4.224572777748107910e-01,-1.495163536071777344e+01,6.062458896636962891e+01
-4.141008853912353516e-01,-4.224688410758972168e-01,-1.495164012908935547e+01,6.062970304489135742e+01
-4.140863418579101562e-01,-4.224828481674194336e-01,-1.495164585113525391e+01,6.063451194763183594e+01
-4.140699803829193115e-01,-4.224967658519744873e-01,-1.495165061950683594e+01,6.063955903053283691e+01
-4.140956699848175049e-01,-4.223509728908538818e-01,-1.495164394378662109e+01,6.064459395408630371e+01
-4.140791594982147217e-01,-4.223530888557434082e-01,-1.495164012908935547e+01,6.064957499504089355e+01
-4.140615463256835938e-01,-4.223569333553314209e-01,-1.495163726806640625e+01,6.065449905395507812e+01
-4.140432178974151611e-01,-4.223652184009552002e-01,-1.495164108276367188e+01,6.065973210334777832e+01
-4.140236377716064453e-01,-4.223719239234924316e-01,-1.495164299011230469e+01,6.066461014747619629e+01
-4.140029251575469971e-01,-4.223782718181610107e-01,-1.495164680480957031e+01,6.066962099075317383e+01
-4.139808714389801025e-01,-4.223785698413848877e-01,-1.495164871215820312e+01,6.067463493347167969e+01
-4.140713810920715332e-01,-4.223549365997314453e-01,-1.495174884796142578e+01,6.067959308624267578e+01
-4.140518605709075928e-01,-4.223623871803283691e-01,-1.495175361633300781e+01,6.068461203575134277e+01
-4.140321016311645508e-01,-4.223705232143402100e-01,-1.495176124572753906e+01,6.068967008590698242e+01
-4.140117764472961426e-01,-4.223759174346923828e-01,-1.495178031921386719e+01,6.069481492042541504e+01
-4.139901399612426758e-01,-4.223875999450683594e-01,-1.495179939270019531e+01,6.069969797134399414e+01
-4.139678478240966797e-01,-4.224018454551696777e-01,-1.495182323455810547e+01,6.070469808578491211e+01
-4.140880107879638672e-01,-4.222653806209564209e-01,-1.495171070098876953e+01,6.070969700813293457e+01
-4.140756130218505859e-01,-4.222623109817504883e-01,-1.495170116424560547e+01,6.071461796760559082e+01
-4.140620529651641846e-01,-4.222595691680908203e-01,-1.495169258117675781e+01,6.071970200538635254e+01
-4.140506088733673096e-01,-4.222679436206817627e-01,-1.495168399810791016e+01,6.072461915016174316e+01
-4.140363335609436035e-01,-4.222689867019653320e-01,-1.495167541503906250e+01,6.072984814643859863e+01
-4.140205085277557373e-01,-4.222700297832489014e-01,-1.495166492462158203e+01,6.073463296890258789e+01
-4.140016436576843262e-01,-4.222684204578399658e-01,-1.495166015625000000e+01,6.073965501785278320e+01
-4.140286743640899658e-01,-4.222685694694519043e-01,-1.495177459716796875e+01,6.074468708038330078e+01
-4.140168130397796631e-01,-4.222768545150756836e-01,-1.495178127288818359e+01,6.074985504150390625e+01
-4.140055179595947266e-01,-4.222768247127532959e-01,-1.495177841186523438e+01,6.075474596023559570e+01
-4.139923453330993652e-01,-4.222817718982696533e-01,-1.495178318023681641e+01,6.076002597808837891e+01
-4.139780402183532715e-01,-4.222862422466278076e-01,-1.495178699493408203e+01,6.076474308967590332e+01
-4.139629602432250977e-01,-4.222957193851470947e-01,-1.495179557800292969e+01,6.077009010314941406e+01
-4.139418601989746094e-01,-4.222494065761566162e-01,-1.495173358917236328e+01,6.077470707893371582e+01
-4.139314889907836914e-01,-4.222538769245147705e-01,-1.495173358917236328e+01,6.077985811233520508e+01
-4.139205515384674072e-01,-4.222579598426818848e-01,-1.495173358917236328e+01,6.078475093841552734e+01
-4.139052033424377441e-01,-4.222538173198699951e-01,-1.495174121856689453e+01,6.078980708122253418e+01
-4.138898849487304688e-01,-4.222574830055236816e-01,-1.495174598693847656e+01,6.079511094093322754e+01
-4.138728678226470947e-01,-4.222625494003295898e-01,-1.495175266265869141e+01,6.079991102218627930e+01
-4.138557612895965576e-01,-4.222753942012786865e-01,-1.495175838470458984e+01,6.080476999282836914e+01
-4.139163494110107422e-01,-4.221600294113159180e-01,-1.495173835754394531e+01,6.080984711647033691e+01
-4.139057695865631104e-01,-4.221623539924621582e-01,-1.495173835754394531e+01,6.081482195854187012e+01
-4.138940274715423584e-01,-4.221612811088562012e-01,-1.495174121856689453e+01,6.081998395919799805e+01
-4.138809740543365479e-01,-4.221622347831726074e-01,-1.495174407958984375e+01,6.082485914230346680e+01
-4.138667881488800049e-01,-4.221627116203308105e-01,-1.495174789428710938e+01,6.083000493049621582e+01
-4.138514995574951172e-01,-4.221650362014770508e-01,-1.495175075531005859e+01,6.083487892150878906e+01
-4.138351678848266602e-01,-4.221665561199188232e-01,-1.495175552368164062e+01,6.083992695808410645e+01
-4.139219522476196289e-01,-4.221538901329040527e-01,-1.495182704925537109e+01,6.084498596191406250e+01
-4.139118492603302002e-01,-4.221609234809875488e-01,-1.495184135437011719e+01,6.084999704360961914e+01
-4.139004945755004883e-01,-4.221674799919128418e-01,-1.495184230804443359e+01,6.085487508773803711e+01
-4.138886630535125732e-01,-4.221762120723724365e-01,-1.495184230804443359e+01,6.086024498939514160e+01
-4.138758778572082520e-01,-4.221869111061096191e-01,-1.495184230804443359e+01,6.086498999595642090e+01
-4.138621687889099121e-01,-4.221919775009155273e-01,-1.495185184478759766e+01,6.087006306648254395e+01
-4.139356911182403564e-01,-4.221157133579254150e-01,-1.495188236236572266e+01,6.087497997283935547e+01
-4.139271080493927002e-01,-4.221210777759552002e-01,-1.495189285278320312e+01,6.088002014160156250e+01
-4.139162302017211914e-01,-4.221259951591491699e-01,-1.495190048217773438e+01,6.088499903678894043e+01
-4.139044284820556641e-01,-4.221327304840087891e-01,-1.495191001892089844e+01,6.089010405540466309e+01
-4.138920903205871582e-01,-4.221401214599609375e-01,-1.495192050933837891e+01,6.089525604248046875e+01
-4.138771593570709229e-01,-4.221450090408325195e-01,-1.495193195343017578e+01,6.090012001991271973e+01
-4.138611555099487305e-01,-4.221513569355010986e-01,-1.495194244384765625e+01,6.090499210357666016e+01
-4.139021337032318115e-01,-4.220941066741943359e-01,-1.495191478729248047e+01,6.091012215614318848e+01
-4.138879477977752686e-01,-4.220904707908630371e-01,-1.495191001892089844e+01,6.091504907608032227e+01
-4.138725101947784424e-01,-4.220925867557525635e-01,-1.495190811157226562e+01,6.092013192176818848e+01
-4.138554334640502930e-01,-4.220947623252868652e-01,-1.495190238952636719e+01,6.092501711845397949e+01
-4.138385653495788574e-01,-4.221008419990539551e-01,-1.495189189910888672e+01,6.093024611473083496e+01
-4.138200879096984863e-01,-4.221051931381225586e-01,-1.495188426971435547e+01,6.093505692481994629e+01
-4.138005971908569336e-01,-4.221109449863433838e-01,-1.495187568664550781e+01,6.094011807441711426e+01
-4.138781428337097168e-01,-4.221486151218414307e-01,-1.495194721221923828e+01,6.094544506072998047e+01
-4.138632416725158691e-01,-4.221495687961578369e-01,-1.495194435119628906e+01,6.095003414154052734e+01
-4.138459265232086182e-01,-4.221524298191070557e-01,-1.495194149017333984e+01,6.095504093170166016e+01
-4.138268828392028809e-01,-4.221576750278472900e-01,-1.495194149017333984e+01,6.096029806137084961e+01
-4.138060510158538818e-01,-4.221601188182830811e-01,-1.495194149017333984e+01,6.096516609191894531e+01
-4.137839972972869873e-01,-4.221668839454650879e-01,-1.495194816589355469e+01,6.097011995315551758e+01
-4.138466715812683105e-01,-4.221448898315429688e-01,-1.495199584960937500e+01,6.097521400451660156e+01
-4.138305187225341797e-01,-4.221513867378234863e-01,-1.495200061798095703e+01,6.098012709617614746e+01
-4.138115942478179932e-01,-4.221579432487487793e-01,-1.495200252532958984e+01,6.098514413833618164e+01
-4.137917459011077881e-01,-4.221654534339904785e-01,-1.495200252532958984e+01,6.099024701118469238e+01
-4.137692749500274658e-01,-4.221769869327545166e-01,-1.495200252532958984e+01,6.099545598030090332e+01
-4.137458205223083496e-01,-4.221879839897155762e-01,-1.495200252532958984e+01,6.100014114379882812e+01
-4.137207269668579102e-01,-4.221998453140258789e-01,-1.495200252532958984e+01,6.100521206855773926e+01
-4.139240384101867676e-01,-4.221451282501220703e-01,-1.495210075378417969e+01,6.101019501686096191e+01
-4.139108359813690186e-01,-4.221484363079071045e-01,-1.495211410522460938e+01,6.101517295837402344e+01
-4.138961732387542725e-01,-4.221515953540802002e-01,-1.495212936401367188e+01,6.102032899856567383e+01
-4.138816893100738525e-01,-4.221542775630950928e-01,-1.495214653015136719e+01,6.102522993087768555e+01
-4.138653278350830078e-01,-4.221583306789398193e-01,-1.495216369628906250e+01,6.103026294708251953e+01
-4.138478338718414307e-01,-4.221631586551666260e-01,-1.495218086242675781e+01,6.103530001640319824e+01
-4.138292670249938965e-01,-4.221689105033874512e-01,-1.495219707489013672e+01,6.104036211967468262e+01
-4.138749241828918457e-01,-4.221081733703613281e-01,-1.495215702056884766e+01,6.104533410072326660e+01
-4.138587415218353271e-01,-4.221150875091552734e-01,-1.495216369628906250e+01,6.105055904388427734e+01
-4.138410389423370361e-01,-4.221227467060089111e-01,-1.495217037200927734e+01,6.105538105964660645e+01
-4.138217568397521973e-01,-4.221300482749938965e-01,-1.495217418670654297e+01,6.106053400039672852e+01
-4.138011336326599121e-01,-4.221392571926116943e-01,-1.495218086242675781e+01,6.106538105010986328e+01
-4.137787520885467529e-01,-4.221490621566772461e-01,-1.495218658447265625e+01,6.107033896446228027e+01
-4.138320684432983398e-01,-4.221168756484985352e-01,-1.495214557647705078e+01,6.107555294036865234e+01
-4.138138294219970703e-01,-4.221216440200805664e-01,-1.495215606689453125e+01,6.108023500442504883e+01
-4.137940406799316406e-01,-4.221265614032745361e-01,-1.495216751098632812e+01,6.108530092239379883e+01
-4.137755930423736572e-01,-4.221389293670654297e-01,-1.495217895507812500e+01,6.109045910835266113e+01
-4.137547314167022705e-01,-4.221486449241638184e-01,-1.495219326019287109e+01,6.109549212455749512e+01
-4.137329161167144775e-01,-4.221604168415069580e-01,-1.495220851898193359e+01,6.110043406486511230e+01
-4.137099683284759521e-01,-4.221713840961456299e-01,-1.495222568511962891e+01,6.110542011260986328e+01
-4.138601422309875488e-01,-4.220809340476989746e-01,-1.495211315155029297e+01,6.111040806770324707e+01
-4.138557910919189453e-01,-4.220857918262481689e-01,-1.495210552215576172e+01,6.111544299125671387e+01
-4.138507246971130371e-01,-4.220926165580749512e-01,-1.495209884643554688e+01,6.112046408653259277e+01
-4.138411283493041992e-01,-4.221034049987792969e-01,-1.495209312438964844e+01,6.112559008598327637e+01
-4.138310849666595459e-01,-4.221105873584747314e-01,-1.495208740234375000e+01,6.113058495521545410e+01
-4.138184189796447754e-01,-4.221178293228149414e-01,-1.495207881927490234e+01,6.113543915748596191e+01
-4.138034880161285400e-01,-4.221250712871551514e-01,-1.495206451416015625e+01,6.114043712615966797e+01
-4.138693213462829590e-01,-4.221306145191192627e-01,-1.495225524902343750e+01,6.114537215232849121e+01
-4.138615429401397705e-01,-4.221355319023132324e-01,-1.495226478576660156e+01,6.115050911903381348e+01
-4.138522446155548096e-01,-4.221462011337280273e-01,-1.495227241516113281e+01,6.115558409690856934e+01
-4.138408601284027100e-01,-4.221543967723846436e-01,-1.495227909088134766e+01,6.116070008277893066e+01
-4.138274490833282471e-01,-4.221640527248382568e-01,-1.495228290557861328e+01,6.116554594039916992e+01
-4.138136208057403564e-01,-4.221728742122650146e-01,-1.495228195190429688e+01,6.117051506042480469e+01
-4.138303995132446289e-01,-4.220559000968933105e-01,-1.495236492156982422e+01,6.117557597160339355e+01
-4.138191044330596924e-01,-4.220595657825469971e-01,-1.495237827301025391e+01,6.118051195144653320e+01
-4.138067066669464111e-01,-4.220650494098663330e-01,-1.495238780975341797e+01,6.118555808067321777e+01
-4.137933254241943359e-01,-4.220699667930603027e-01,-1.495240116119384766e+01,6.119051408767700195e+01
-4.137787818908691406e-01,-4.220759570598602295e-01,-1.495241546630859375e+01,6.119570302963256836e+01
-4.137614369392395020e-01,-4.220849275588989258e-01,-1.495243072509765625e+01,6.120069003105163574e+01
-4.137431979179382324e-01,-4.220937788486480713e-01,-1.495244693756103516e+01,6.120558214187622070e+01
-4.138165712356567383e-01,-4.220218956470489502e-01,-1.495235443115234375e+01,6.121051502227783203e+01
-4.138021171092987061e-01,-4.220357537269592285e-01,-1.495235633850097656e+01,6.121551108360290527e+01
-4.137862622737884521e-01,-4.220560193061828613e-01,-1.495236301422119141e+01,6.122069406509399414e+01
-4.137683808803558350e-01,-4.220719933509826660e-01,-1.495236682891845703e+01,6.122566008567810059e+01
-4.137487113475799561e-01,-4.220885038375854492e-01,-1.495237064361572266e+01,6.123057603836059570e+01
-4.137289822101593018e-01,-4.220996201038360596e-01,-1.495237541198730469e+01,6.123559904098510742e+01
-4.137074947357177734e-01,-4.221147000789642334e-01,-1.495238208770751953e+01,6.124068403244018555e+01
-4.137439131736755371e-01,-4.220109879970550537e-01,-1.495246315002441406e+01,6.124570393562316895e+01
-4.137271046638488770e-01,-4.220164716243743896e-01,-1.495247364044189453e+01,6.125068497657775879e+01
-4.137092530727386475e-01,-4.220245480537414551e-01,-1.495248508453369141e+01,6.125571608543395996e+01
-4.136900305747985840e-01,-4.220322966575622559e-01,-1.495249748229980469e+01,6.126100015640258789e+01
-4.136695861816406250e-01,-4.220390319824218750e-01,-1.495251274108886719e+01,6.126562595367431641e+01
-4.136482775211334229e-01,-4.220470786094665527e-01,-1.495252799987792969e+01,6.127069807052612305e+01
-4.137512147426605225e-01,-4.219525456428527832e-01,-1.495236206054687500e+01,6.127570700645446777e+01
-4.137393534183502197e-01,-4.219523072242736816e-01,-1.495235729217529297e+01,6.128065800666809082e+01
-4.137270152568817139e-01,-4.219612777233123779e-01,-1.495235729217529297e+01,6.128578400611877441e+01
-4.137135744094848633e-01,-4.219739735126495361e-01,-1.495235824584960938e+01,6.129082703590393066e+01
-4.136987328529357910e-01,-4.219884276390075684e-01,-1.495236015319824219e+01,6.129592394828796387e+01
-4.136820733547210693e-01,-4.219924807548522949e-01,-1.495236015319824219e+01,6.130082392692565918e+01
-4.136641621589660645e-01,-4.220020473003387451e-01,-1.495235919952392578e+01,6.130581593513488770e+01
-4.137799441814422607e-01,-4.219692945480346680e-01,-1.495254993438720703e+01,6.131082010269165039e+01
-4.137669503688812256e-01,-4.219768643379211426e-01,-1.495255374908447266e+01,6.131578207015991211e+01
-4.137548804283142090e-01,-4.219875335693359375e-01,-1.495256519317626953e+01,6.132081913948059082e+01
-4.137415289878845215e-01,-4.219999909400939941e-01,-1.495257759094238281e+01,6.132599210739135742e+01
-4.137284755706787109e-01,-4.220145642757415771e-01,-1.495259666442871094e+01,6.133078813552856445e+01
-4.137131571769714355e-01,-4.220297038555145264e-01,-1.495261383056640625e+01,6.133575105667114258e+01
-4.136966168880462646e-01,-4.220464825630187988e-01,-1.495263290405273438e+01,6.134082603454589844e+01
-4.137501120567321777e-01,-4.219246208667755127e-01,-1.495264816284179688e+01,6.134578800201416016e+01
-4.137355983257293701e-01,-4.219270348548889160e-01,-1.495266342163085938e+01,6.135102510452270508e+01
-4.137200713157653809e-01,-4.219281077384948730e-01,-1.495267963409423828e+01,6.135592103004455566e+01
-4.137031733989715576e-01,-4.219235479831695557e-01,-1.495269680023193359e+01,6.136097598075866699e+01
-4.136850833892822266e-01,-4.219218194484710693e-01,-1.495271492004394531e+01,6.136599111557006836e+01
-4.136658310890197754e-01,-4.219202399253845215e-01,-1.495273590087890625e+01,6.137084102630615234e+01
-4.137893915176391602e-01,-4.218654930591583252e-01,-1.495267868041992188e+01,6.137643504142761230e+01
-4.137793183326721191e-01,-4.218690693378448486e-01,-1.495268440246582031e+01,6.138098692893981934e+01
-4.137682318687438965e-01,-4.218720197677612305e-01,-1.495269012451171875e+01,6.138600707054138184e+01
-4.137559831142425537e-01,-4.218760728836059570e-01,-1.495269966125488281e+01,6.139100313186645508e+01
-4.137425422668457031e-01,-4.218810796737670898e-01,-1.495271396636962891e+01,6.139600110054016113e+01
-4.137282967567443848e-01,-4.218878746032714844e-01,-1.495273494720458984e+01,6.140095806121826172e+01
-4.137130379676818848e-01,-4.218950271606445312e-01,-1.495275783538818359e+01,6.140598797798156738e+01
-4.137533307075500488e-01,-4.218315780162811279e-01,-1.495273876190185547e+01,6.141098594665527344e+01
-4.137414395809173584e-01,-4.218383133411407471e-01,-1.495275497436523438e+01,6.141600513458251953e+01
-4.137283265590667725e-01,-4.218454658985137939e-01,-1.495277404785156250e+01,6.142108106613159180e+01
-4.137139618396759033e-01,-4.218498468399047852e-01,-1.495279407501220703e+01,6.142651009559631348e+01
-4.136985242366790771e-01,-4.218561053276062012e-01,-1.495281505584716797e+01,6.143114900588989258e+01
-4.136818647384643555e-01,-4.218629598617553711e-01,-1.495283794403076172e+01,6.143598008155822754e+01
-4.136638939380645752e-01,-4.218702614307403564e-01,-1.495286083221435547e+01,6.144096994400024414e+01
-4.137116670608520508e-01,-4.217735230922698975e-01,-1.495273113250732422e+01,6.144643306732177734e+01
-4.136983156204223633e-01,-4.217744469642639160e-01,-1.495273971557617188e+01,6.145112109184265137e+01
-4.136840701103210449e-01,-4.217839837074279785e-01,-1.495274543762207031e+01,6.145664715766906738e+01
-4.136686325073242188e-01,-4.217862784862518311e-01,-1.495275402069091797e+01,6.146133899688720703e+01
-4.136520624160766602e-01,-4.217878282070159912e-01,-1.495276641845703125e+01,6.146671605110168457e+01
-4.136343300342559814e-01,-4.217890799045562744e-01,-1.495278167724609375e+01,6.147096514701843262e+01
-4.138005971908569336e-01,-4.217323362827301025e-01,-1.495276927947998047e+01,6.147692799568176270e+01
-4.137876927852630615e-01,-4.217353463172912598e-01,-1.495278453826904297e+01,6.148118495941162109e+01
-4.137730598449707031e-01,-4.217367768287658691e-01,-1.495280075073242188e+01,6.148681306838989258e+01
-4.137557744979858398e-01,-4.217315614223480225e-01,-1.495280170440673828e+01,6.149106097221374512e+01
-4.137372076511383057e-01,-4.217307567596435547e-01,-1.495281314849853516e+01,6.149696493148803711e+01
-4.137168526649475098e-01,-4.217289984226226807e-01,-1.495282459259033203e+01,6.150147700309753418e+01
-4.136966168880462646e-01,-4.217320978641510010e-01,-1.495283699035644531e+01,6.150665497779846191e+01
-4.137457311153411865e-01,-4.216922819614410400e-01,-1.495280075073242188e+01,6.151125502586364746e+01
-4.137298464775085449e-01,-4.216993749141693115e-01,-1.495280647277832031e+01,6.151634001731872559e+01
-4.137127101421356201e-01,-4.217078089714050293e-01,-1.495281219482421875e+01,6.152124500274658203e+01
-4.136944413185119629e-01,-4.217172563076019287e-01,-1.495281887054443359e+01,6.152660799026489258e+01
-4.136749804019927979e-01,-4.217291176319122314e-01,-1.495282459259033203e+01,6.153139996528625488e+01
-4.136524796485900879e-01,-4.217448532581329346e-01,-1.495282554626464844e+01,6.153647494316101074e+01
-4.136292636394500732e-01,-4.217603206634521484e-01,-1.495282936096191406e+01,6.154125213623046875e+01
-4.138080775737762451e-01,-4.216506779193878174e-01,-1.495285701751708984e+01,6.154634594917297363e+01
-4.138036966323852539e-01,-4.216529726982116699e-01,-1.495287227630615234e+01,6.155161309242248535e+01
-4.137952327728271484e-01,-4.216547310352325439e-01,-1.495288658142089844e+01,6.155684304237365723e+01
-4.137848019599914551e-01,-4.216537177562713623e-01,-1.495290565490722656e+01,6.156140995025634766e+01
-4.137737154960632324e-01,-4.216519594192504883e-01,-1.495292568206787109e+01,6.156683802604675293e+01
-4.137620329856872559e-01,-4.216583073139190674e-01,-1.495293426513671875e+01,6.157132411003112793e+01
-4.136329889297485352e-01,-4.215750992298126221e-01,-1.495281505584716797e+01,6.157693600654602051e+01
-4.136161804199218750e-01,-4.215758442878723145e-01,-1.495281791687011719e+01,6.158131814002990723e+01
-4.135949015617370605e-01,-4.215769767761230469e-01,-1.495281505584716797e+01,6.158693504333496094e+01
-4.135736823081970215e-01,-4.215783774852752686e-01,-1.495281600952148438e+01,6.159134507179260254e+01
-4.135508239269256592e-01,-4.215807318687438965e-01,-1.495281696319580078e+01,6.159655094146728516e+01
-4.135266840457916260e-01,-4.215866923332214355e-01,-1.495282363891601562e+01,6.160134911537170410e+01
-4.135007560253143311e-01,-4.215918183326721191e-01,-1.495282649993896484e+01,6.160705304145812988e+01
-4.136307835578918457e-01,-4.216055274009704590e-01,-1.495287609100341797e+01,6.161137795448303223e+01
-4.136164784431457520e-01,-4.216094315052032471e-01,-1.495287322998046875e+01,6.161674904823303223e+01
-4.136002659797668457e-01,-4.216159284114837646e-01,-1.495288085937500000e+01,6.162142395973205566e+01
-4.135831296443939209e-01,-4.216247498989105225e-01,-1.495289039611816406e+01,6.162656593322753906e+01
-4.135637581348419189e-01,-4.216373264789581299e-01,-1.495291233062744141e+01,6.163161706924438477e+01
-4.135430455207824707e-01,-4.216484129428863525e-01,-1.495292854309082031e+01,6.163655209541320801e+01
-4.136770963668823242e-01,-4.215876758098602295e-01,-1.495291805267333984e+01,6.164139199256896973e+01
-4.136651456356048584e-01,-4.215889573097229004e-01,-1.495293045043945312e+01,6.164676213264465332e+01
-4.136519134044647217e-01,-4.215832650661468506e-01,-1.495294189453125000e+01,6.165145707130432129e+01
-4.136375486850738525e-01,-4.215835034847259521e-01,-1.495295333862304688e+01,6.165659403800964355e+01
-4.136217832565307617e-01,-4.215865433216094971e-01,-1.495296478271484375e+01,6.166153502464294434e+01
-4.136047065258026123e-01,-4.216022491455078125e-01,-1.495297908782958984e+01,6.166651606559753418e+01
-4.135856926441192627e-01,-4.216133356094360352e-01,-1.495299243927001953e+01,6.167144608497619629e+01
-4.136770069599151611e-01,-4.214526116847991943e-01,-1.495294094085693359e+01,6.167679500579833984e+01
-4.136652946472167969e-01,-4.214418232440948486e-01,-1.495295333862304688e+01,6.168142294883728027e+01
-4.136506617069244385e-01,-4.214345514774322510e-01,-1.495296382904052734e+01,6.168670201301574707e+01
-4.136348068714141846e-01,-4.214255511760711670e-01,-1.495297718048095703e+01,6.169170808792114258e+01
-4.136179387569427490e-01,-4.214198589324951172e-01,-1.495299148559570312e+01,6.169667601585388184e+01
-4.136000275611877441e-01,-4.214121103286743164e-01,-1.495300769805908203e+01,6.170159006118774414e+01
-4.135810434818267822e-01,-4.214041233062744141e-01,-1.495302581787109375e+01,6.170681500434875488e+01
-4.136650264263153076e-01,-4.214558899402618408e-01,-1.495296955108642578e+01,6.171162009239196777e+01
-4.136493206024169922e-01,-4.214608967304229736e-01,-1.495297145843505859e+01,6.171667599678039551e+01
-4.136319756507873535e-01,-4.214683771133422852e-01,-1.495296764373779297e+01,6.172161912918090820e+01
-4.136136174201965332e-01,-4.214771687984466553e-01,-1.495296287536621094e+01,6.172687411308288574e+01
-4.135925769805908203e-01,-4.214827716350555420e-01,-1.495297145843505859e+01,6.173170995712280273e+01
-4.135713875293731689e-01,-4.214900732040405273e-01,-1.495298004150390625e+01,6.173656702041625977e+01
-4.136742651462554932e-01,-4.214210510253906250e-01,-1.495288944244384766e+01,6.174162101745605469e+01
-4.136653244495391846e-01,-4.214279949665069580e-01,-1.495289325714111328e+01,6.174670696258544922e+01
-4.136531352996826172e-01,-4.214349389076232910e-01,-1.495289325714111328e+01,6.175174999237060547e+01
-4.136396944522857666e-01,-4.214413762092590332e-01,-1.495289039611816406e+01,6.175679492950439453e+01
-4.136248826980590820e-01,-4.214468300342559814e-01,-1.495288085937500000e+01,6.176182103157043457e+01
-4.136092364788055420e-01,-4.214542210102081299e-01,-1.495287513732910156e+01,6.176680111885070801e+01
-4.135922491550445557e-01,-4.214625358581542969e-01,-1.495286941528320312e+01,6.177168607711791992e+01
-4.136521220207214355e-01,-4.214082658290863037e-01,-1.495297527313232422e+01,6.177681493759155273e+01
-4.136422872543334961e-01,-4.214160442352294922e-01,-1.495298767089843750e+01,6.178172206878662109e+01
-4.136315584182739258e-01,-4.214255213737487793e-01,-1.495300388336181641e+01,6.178682899475097656e+01
-4.136182367801666260e-01,-4.214350879192352295e-01,-1.495302200317382812e+01,6.179169702529907227e+01
-4.136041104793548584e-01,-4.214451611042022705e-01,-1.495304107666015625e+01,6.179701709747314453e+01
-4.135885834693908691e-01,-4.214557111263275146e-01,-1.495306015014648438e+01,6.180161714553833008e+01
-4.136176109313964844e-01,-4.214378893375396729e-01,-1.495292568206787109e+01,6.180687999725341797e+01
-4.136039316654205322e-01,-4.214462935924530029e-01,-1.495292377471923828e+01,6.181178092956542969e+01
-4.135895073413848877e-01,-4.214566349983215332e-01,-1.495291805267333984e+01,6.181689310073852539e+01
-4.135742783546447754e-01,-4.214698374271392822e-01,-1.495290851593017578e+01,6.182193303108215332e+01
-4.135586917400360107e-01,-4.214789271354675293e-01,-1.495291233062744141e+01,6.182705307006835938e+01
-4.135421812534332275e-01,-4.214954972267150879e-01,-1.495291328430175781e+01,6.183174896240234375e+01
-4.135246872901916504e-01,-4.215144813060760498e-01,-1.495291709899902344e+01,6.183691692352294922e+01
-4.136432707309722900e-01,-4.213413894176483154e-01,-1.495298004150390625e+01,6.184178400039672852e+01
-4.136281013488769531e-01,-4.213406443595886230e-01,-1.495298194885253906e+01,6.184699296951293945e+01
-4.136117696762084961e-01,-4.213389754295349121e-01,-1.495298290252685547e+01,6.185190796852111816e+01
-4.135944247245788574e-01,-4.213367402553558350e-01,-1.495298099517822266e+01,6.185696506500244141e+01
-4.135765433311462402e-01,-4.213361442089080811e-01,-1.495298290252685547e+01,6.186208009719848633e+01
-4.135577678680419922e-01,-4.213356971740722656e-01,-1.495298671722412109e+01,6.186687994003295898e+01
-4.135382473468780518e-01,-4.213375449180603027e-01,-1.495299625396728516e+01,6.187190604209899902e+01
-4.136561155319213867e-01,-4.213729500770568848e-01,-1.495298194885253906e+01,6.187710213661193848e+01
-4.136479198932647705e-01,-4.213785529136657715e-01,-1.495298576354980469e+01,6.188185596466064453e+01
-4.136382639408111572e-01,-4.213800132274627686e-01,-1.495298385620117188e+01,6.188727593421936035e+01
-4.136280417442321777e-01,-4.213837385177612305e-01,-1.495299053192138672e+01,6.189203095436096191e+01
-4.136167466640472412e-01,-4.213865995407104492e-01,-1.495299720764160156e+01,6.189703893661499023e+01
-4.136044085025787354e-01,-4.213886260986328125e-01,-1.495300579071044922e+01,6.190190315246582031e+01
-4.135885536670684814e-01,-4.213958084583282471e-01,-1.495301151275634766e+01,6.190679812431335449e+01
-4.136011302471160889e-01,-4.213969111442565918e-01,-1.495298004150390625e+01,6.191195702552795410e+01
-4.135852456092834473e-01,-4.213972687721252441e-01,-1.495299530029296875e+01,6.191691493988037109e+01
-4.135713279247283936e-01,-4.213937819004058838e-01,-1.495301437377929688e+01,6.192190504074096680e+01
-4.135545492172241211e-01,-4.213945567607879639e-01,-1.495303058624267578e+01,6.192722797393798828e+01
-4.135367572307586670e-01,-4.213962256908416748e-01,-1.495304775238037109e+01,6.193199396133422852e+01
-4.135177433490753174e-01,-4.214043319225311279e-01,-1.495305919647216797e+01,6.193694210052490234e+01
-4.136908948421478271e-01,-4.213909804821014404e-01,-1.495304775238037109e+01,6.194174504280090332e+01
-4.136817157268524170e-01,-4.213938713073730469e-01,-1.495305538177490234e+01,6.194701695442199707e+01
-4.136683940887451172e-01,-4.213972687721252441e-01,-1.495306396484375000e+01,6.195201706886291504e+01
-4.136546552181243896e-01,-4.214007854461669922e-01,-1.495307159423828125e+01,6.195707201957702637e+01
-4.136393368244171143e-01,-4.214041829109191895e-01,-1.495308017730712891e+01,6.196214604377746582e+01
-4.136224985122680664e-01,-4.214070439338684082e-01,-1.495308971405029297e+01,6.196702098846435547e+01
-4.136040508747100830e-01,-4.214105010032653809e-01,-1.495310020446777344e+01,6.197202610969543457e+01
-4.136370420455932617e-01,-4.213532507419586182e-01,-1.495307636260986328e+01,6.197730207443237305e+01
-4.136239290237426758e-01,-4.213573038578033447e-01,-1.495308399200439453e+01,6.198213911056518555e+01
-4.136082828044891357e-01,-4.213588833808898926e-01,-1.495309257507324219e+01,6.198718714714050293e+01
-4.135915935039520264e-01,-4.213600158691406250e-01,-1.495310020446777344e+01,6.199214315414428711e+01
-4.135743975639343262e-01,-4.213633835315704346e-01,-1.495310688018798828e+01,6.199722099304199219e+01
-4.135568141937255859e-01,-4.213668704032897949e-01,-1.495311832427978516e+01,6.200199198722839355e+01
-4.135378003120422363e-01,-4.213728606700897217e-01,-1.495312309265136719e+01,6.200713014602661133e+01
-4.135555922985076904e-01,-4.214179217815399170e-01,-1.495302581787109375e+01,6.201207804679870605e+01
-4.135408103466033936e-01,-4.214268624782562256e-01,-1.495301914215087891e+01,6.201726698875427246e+01
-4.135251641273498535e-01,-4.214350283145904541e-01,-1.495301532745361328e+01,6.202224206924438477e+01
-4.135085940361022949e-01,-4.214443564414978027e-01,-1.495301151275634766e+01,6.202752900123596191e+01
-4.134912192821502686e-01,-4.214531481266021729e-01,-1.495301437377929688e+01,6.203222203254699707e+01
-4.134726822376251221e-01,-4.214631319046020508e-01,-1.495301628112792969e+01,6.203729796409606934e+01
-4.135782718658447266e-01,-4.213830530643463135e-01,-1.495305728912353516e+01,6.204220604896545410e+01
-4.135682582855224609e-01,-4.213868081569671631e-01,-1.495306205749511719e+01,6.204721903800964355e+01
-4.135570526123046875e-01,-4.213899970054626465e-01,-1.495306682586669922e+01,6.205220508575439453e+01
-4.135451614856719971e-01,-4.213936924934387207e-01,-1.495307826995849609e+01,6.205724596977233887e+01
-4.135326147079467773e-01,-4.213975667953491211e-01,-1.495309734344482422e+01,6.206232810020446777e+01
-4.135188162326812744e-01,-4.214023351669311523e-01,-1.495311450958251953e+01,6.206722211837768555e+01
-4.135038256645202637e-01,-4.214078485965728760e-01,-1.495313167572021484e+01,6.207220697402954102e+01
-4.135349988937377930e-01,-4.214299321174621582e-01,-1.495316028594970703e+01,6.207719802856445312e+01
-4.135201573371887207e-01,-4.214370250701904297e-01,-1.495318126678466797e+01,6.208231115341186523e+01
-4.135054349899291992e-01,-4.214426279067993164e-01,-1.495319843292236328e+01,6.208742809295654297e+01
-4.134891033172607422e-01,-4.214477837085723877e-01,-1.495321464538574219e+01,6.209252214431762695e+01
-4.134725928306579590e-01,-4.214500486850738525e-01,-1.495322322845458984e+01,6.209750008583068848e+01
-4.134544432163238525e-01,-4.214542210102081299e-01,-1.495323753356933594e+01,6.210232114791870117e+01
-4.134352505207061768e-01,-4.214593470096588135e-01,-1.495325183868408203e+01,6.210731911659240723e+01
-4.135146737098693848e-01,-4.213656187057495117e-01,-1.495316886901855469e+01,6.211232399940490723e+01
-4.134993255138397217e-01,-4.213760495185852051e-01,-1.495318031311035156e+01,6.211734700202941895e+01
-4.134826362133026123e-01,-4.213850200176239014e-01,-1.495319175720214844e+01,6.212225508689880371e+01
-4.134645462036132812e-01,-4.213838875293731689e-01,-1.495320224761962891e+01,6.212787604331970215e+01
-4.134458303451538086e-01,-4.213874936103820801e-01,-1.495321464538574219e+01,6.213238906860351562e+01
-4.134263992309570312e-01,-4.213912189006805420e-01,-1.495322990417480469e+01,6.213747596740722656e+01
-4.135094881057739258e-01,-4.213453531265258789e-01,-1.495308971405029297e+01,6.214233708381652832e+01
-4.134974181652069092e-01,-4.213549494743347168e-01,-1.495310020446777344e+01,6.214740610122680664e+01
-4.134854376316070557e-01,-4.213692545890808105e-01,-1.495311450958251953e+01,6.215245413780212402e+01
-4.134727120399475098e-01,-4.213889241218566895e-01,-1.495312881469726562e+01,6.215783095359802246e+01
-4.134586453437805176e-01,-4.214074611663818359e-01,-1.495314216613769531e+01,6.216262102127075195e+01
-4.134429991245269775e-01,-4.214260578155517578e-01,-1.495315551757812500e+01,6.216745710372924805e+01
-4.134257733821868896e-01,-4.214450418949127197e-01,-1.495316886901855469e+01,6.217243409156799316e+01
-4.134925007820129395e-01,-4.213809370994567871e-01,-1.495305633544921875e+01,6.217746114730834961e+01
-4.134826362133026123e-01,-4.213912487030029297e-01,-1.495306396484375000e+01,6.218242502212524414e+01
-4.134717583656311035e-01,-4.214028418064117432e-01,-1.495307350158691406e+01,6.218753814697265625e+01
-4.134601652622222900e-01,-4.214199781417846680e-01,-1.495309162139892578e+01,6.219261407852172852e+01
-4.134471714496612549e-01,-4.214329421520233154e-01,-1.495310592651367188e+01,6.219763612747192383e+01
-4.134331643581390381e-01,-4.214450716972351074e-01,-1.495312118530273438e+01,6.220250010490417480e+01
-4.134178161621093750e-01,-4.214510917663574219e-01,-1.495313072204589844e+01,6.220750308036804199e+01
-4.134288728237152100e-01,-4.213269948959350586e-01,-1.495306587219238281e+01,6.221250605583190918e+01
-4.134159386157989502e-01,-4.213380515575408936e-01,-1.495306968688964844e+01,6.221767210960388184e+01
-4.134014248847961426e-01,-4.213387966156005859e-01,-1.495307064056396484e+01,6.222257614135742188e+01
-4.133860468864440918e-01,-4.213460087776184082e-01,-1.495307636260986328e+01,6.222805404663085938e+01
-4.133695662021636963e-01,-4.213517606258392334e-01,-1.495308494567871094e+01,6.223252010345458984e+01
-4.133506119251251221e-01,-4.213586449623107910e-01,-1.495310115814208984e+01,6.223784112930297852e+01
-4.134871661663055420e-01,-4.212539494037628174e-01,-1.495312118530273438e+01,6.224263501167297363e+01
-4.134731292724609375e-01,-4.212537109851837158e-01,-1.495312976837158203e+01,6.224763298034667969e+01
-4.134574532508850098e-01,-4.212532937526702881e-01,-1.495313835144042969e+01,6.225263404846191406e+01
-4.134445190429687500e-01,-4.212509095668792725e-01,-1.495314788818359375e+01,6.225778102874755859e+01
-4.134294390678405762e-01,-4.212505221366882324e-01,-1.495315837860107422e+01,6.226276397705078125e+01
-4.134137630462646484e-01,-4.212490022182464600e-01,-1.495316982269287109e+01,6.226775908470153809e+01
-4.133953452110290527e-01,-4.212467670440673828e-01,-1.495318126678466797e+01,6.227296710014343262e+01
-4.134728908538818359e-01,-4.212552011013031006e-01,-1.495317077636718750e+01,6.227764415740966797e+01
-4.134646356105804443e-01,-4.212620854377746582e-01,-1.495317935943603516e+01,6.228260397911071777e+01
-4.134572744369506836e-01,-4.212719500064849854e-01,-1.495317745208740234e+01,6.228778100013732910e+01
-4.134475588798522949e-01,-4.212808012962341309e-01,-1.495318508148193359e+01,6.229287910461425781e+01
-4.134368896484375000e-01,-4.212899208068847656e-01,-1.495319461822509766e+01,6.229779100418090820e+01
-4.134256541728973389e-01,-4.212962090969085693e-01,-1.495321559906005859e+01,6.230275511741638184e+01
-4.134131669998168945e-01,-4.213050007820129395e-01,-1.495323181152343750e+01,6.230780696868896484e+01
-4.134734570980072021e-01,-4.212811887264251709e-01,-1.495325946807861328e+01,6.231276392936706543e+01
-4.134670495986938477e-01,-4.212961494922637939e-01,-1.495326232910156250e+01,6.231778502464294434e+01
-4.134592711925506592e-01,-4.213061034679412842e-01,-1.495326995849609375e+01,6.232265305519104004e+01
-4.134502410888671875e-01,-4.213165938854217529e-01,-1.495327949523925781e+01,6.232799410820007324e+01
-4.134399890899658203e-01,-4.213282465934753418e-01,-1.495329284667968750e+01,6.233275794982910156e+01
-4.134276807308197021e-01,-4.213404357433319092e-01,-1.495329475402832031e+01,6.233777904510498047e+01
-4.134782254695892334e-01,-4.211999177932739258e-01,-1.495327186584472656e+01,6.234275794029235840e+01
-4.134683310985565186e-01,-4.212064743041992188e-01,-1.495329093933105469e+01,6.234778308868408203e+01
-4.134573042392730713e-01,-4.212236404418945312e-01,-1.495330619812011719e+01,6.235288095474243164e+01
-4.134451150894165039e-01,-4.212341308593750000e-01,-1.495332336425781250e+01,6.235792303085327148e+01
-4.134319424629211426e-01,-4.212443828582763672e-01,-1.495334243774414062e+01,6.236287498474121094e+01
-4.134158492088317871e-01,-4.212461113929748535e-01,-1.495336246490478516e+01,6.236804294586181641e+01
-4.133991301059722900e-01,-4.212529361248016357e-01,-1.495338344573974609e+01,6.237290215492248535e+01
-4.134342670440673828e-01,-4.211724996566772461e-01,-1.495330333709716797e+01,6.237819004058837891e+01
-4.134201407432556152e-01,-4.211869239807128906e-01,-1.495331287384033203e+01,6.238287806510925293e+01
-4.134034216403961182e-01,-4.211981594562530518e-01,-1.495331859588623047e+01,6.238790893554687500e+01
-4.133858382701873779e-01,-4.212103784084320068e-01,-1.495332527160644531e+01,6.239313292503356934e+01
-4.133671224117279053e-01,-4.212200641632080078e-01,-1.495333099365234375e+01,6.239794492721557617e+01
-4.133474230766296387e-01,-4.212322533130645752e-01,-1.495333766937255859e+01,6.240294504165649414e+01
-4.134645164012908936e-01,-4.211632311344146729e-01,-1.495344161987304688e+01,6.240792393684387207e+01
-4.134521782398223877e-01,-4.211621880531311035e-01,-1.495343780517578125e+01,6.241289615631103516e+01
-4.134393036365509033e-01,-4.211651086807250977e-01,-1.495344924926757812e+01,6.241798210144042969e+01
-4.134252965450286865e-01,-4.211692810058593750e-01,-1.495346450805664062e+01,6.242299008369445801e+01
-4.134104549884796143e-01,-4.211747944355010986e-01,-1.495348167419433594e+01,6.242823696136474609e+01
-4.133940637111663818e-01,-4.211775064468383789e-01,-1.495348930358886719e+01,6.243300104141235352e+01
-4.133762717247009277e-01,-4.211799204349517822e-01,-1.495349788665771484e+01,6.243793392181396484e+01
-4.134891033172607422e-01,-4.210723340511322021e-01,-1.495338535308837891e+01,6.244305396080017090e+01
-4.134789407253265381e-01,-4.210744500160217285e-01,-1.495337390899658203e+01,6.244804310798645020e+01
-4.134680032730102539e-01,-4.210770726203918457e-01,-1.495337009429931641e+01,6.245301699638366699e+01
-4.134555459022521973e-01,-4.210811555385589600e-01,-1.495336341857910156e+01,6.245804595947265625e+01
-4.134400188922882080e-01,-4.210908114910125732e-01,-1.495335483551025391e+01,6.246317315101623535e+01
-4.134236872196197510e-01,-4.210988581180572510e-01,-1.495334720611572266e+01,6.246805810928344727e+01
-4.134060144424438477e-01,-4.211071133613586426e-01,-1.495333957672119141e+01,6.247298192977905273e+01
-4.134641289710998535e-01,-4.210598468780517578e-01,-1.495345306396484375e+01,6.247805595397949219e+01
-4.134505689144134521e-01,-4.210638701915740967e-01,-1.495346069335937500e+01,6.248315215110778809e+01
-4.134360551834106445e-01,-4.210676550865173340e-01,-1.495346927642822266e+01,6.248828792572021484e+01
-4.134187698364257812e-01,-4.210734069347381592e-01,-1.495347690582275391e+01,6.249326395988464355e+01
-4.134007990360260010e-01,-4.210793375968933105e-01,-1.495348739624023438e+01,6.249814605712890625e+01
-4.133812487125396729e-01,-4.210859239101409912e-01,-1.495349597930908203e+01,6.250316905975341797e+01
-4.134593009948730469e-01,-4.210717380046844482e-01,-1.495349788665771484e+01,6.250811195373535156e+01
-4.134538769721984863e-01,-4.210784733295440674e-01,-1.495351123809814453e+01,6.251312804222106934e+01
-4.134438335895538330e-01,-4.210861921310424805e-01,-1.495352554321289062e+01,6.251810193061828613e+01
-4.134325683116912842e-01,-4.210939407348632812e-01,-1.495353889465332031e+01,6.252306294441223145e+01
-4.134162664413452148e-01,-4.211002886295318604e-01,-1.495354843139648438e+01,6.252842092514038086e+01
-4.133993685245513916e-01,-4.211092591285705566e-01,-1.495355987548828125e+01,6.253312492370605469e+01
-4.133808016777038574e-01,-4.211211204528808594e-01,-1.495356941223144531e+01,6.253811812400817871e+01
-4.134110212326049805e-01,-4.209404587745666504e-01,-1.495344829559326172e+01,6.254313492774963379e+01
-4.133898615837097168e-01,-4.209483861923217773e-01,-1.495344638824462891e+01,6.254816412925720215e+01
-4.133678078651428223e-01,-4.209576547145843506e-01,-1.495344543457031250e+01,6.255322313308715820e+01
-4.133493900299072266e-01,-4.209311902523040771e-01,-1.495342063903808594e+01,6.255817699432373047e+01
-4.133278131484985352e-01,-4.209345877170562744e-01,-1.495341777801513672e+01,6.256325292587280273e+01
-4.133055508136749268e-01,-4.209358692169189453e-01,-1.495341396331787109e+01,6.256816601753234863e+01
-4.132829606533050537e-01,-4.209417998790740967e-01,-1.495341682434082031e+01,6.257320213317871094e+01
-4.134429693222045898e-01,-4.209463596343994141e-01,-1.495352077484130859e+01,6.257837414741516113e+01
-4.134313166141510010e-01,-4.209486544132232666e-01,-1.495352268218994141e+01,6.258328104019165039e+01
-4.134157299995422363e-01,-4.209542572498321533e-01,-1.495353031158447266e+01,6.258854913711547852e+01
-4.133995175361633301e-01,-4.209607243537902832e-01,-1.495353031158447266e+01,6.259348201751708984e+01
-4.133819341659545898e-01,-4.209674596786499023e-01,-1.495352745056152344e+01,6.259835195541381836e+01
-4.133629500865936279e-01,-4.209737777709960938e-01,-1.495352268218994141e+01,6.260324311256408691e+01
-4.134198129177093506e-01,-4.208998382091522217e-01,-1.495353221893310547e+01,6.260819101333618164e+01
-4.134020805358886719e-01,-4.208981394767761230e-01,-1.495353412628173828e+01,6.261320996284484863e+01
-4.133827090263366699e-01,-4.208964407444000244e-01,-1.495353794097900391e+01,6.261837005615234375e+01
-4.133649766445159912e-01,-4.209019541740417480e-01,-1.495354652404785156e+01,6.262330007553100586e+01
-4.133441150188446045e-01,-4.209025502204895020e-01,-1.495355129241943359e+01,6.262877392768859863e+01
-4.133222997188568115e-01,-4.209033250808715820e-01,-1.495355606079101562e+01,6.263335204124450684e+01
-4.132994413375854492e-01,-4.209035038948059082e-01,-1.495355701446533203e+01,6.263836503028869629e+01
-4.134502708911895752e-01,-4.209243953227996826e-01,-1.495360660552978516e+01,6.264339804649353027e+01
-4.134391546249389648e-01,-4.209319353103637695e-01,-1.495361518859863281e+01,6.264841914176940918e+01
-4.134242534637451172e-01,-4.209388792514801025e-01,-1.495363044738769531e+01,6.265330505371093750e+01
-4.134085476398468018e-01,-4.209452867507934570e-01,-1.495364379882812500e+01,6.265835714340209961e+01
-4.133914113044738770e-01,-4.209504425525665283e-01,-1.495366096496582031e+01,6.266348600387573242e+01
-4.133731424808502197e-01,-4.209539890289306641e-01,-1.495368003845214844e+01,6.266835093498229980e+01
-4.133536815643310547e-01,-4.209581613540649414e-01,-1.495369911193847656e+01,6.267347002029418945e+01
-4.134265780448913574e-01,-4.208732247352600098e-01,-1.495366191864013672e+01,6.267836809158325195e+01
-4.134146869182586670e-01,-4.208848774433135986e-01,-1.495367717742919922e+01,6.268344402313232422e+01
-4.134040772914886475e-01,-4.208920896053314209e-01,-1.495370674133300781e+01,6.268879199028015137e+01
-4.133892059326171875e-01,-4.209040403366088867e-01,-1.495372867584228516e+01,6.269357204437255859e+01
-4.133731722831726074e-01,-4.209177196025848389e-01,-1.495375251770019531e+01,6.269849300384521484e+01
-4.133560657501220703e-01,-4.209316372871398926e-01,-1.495376777648925781e+01,6.270345997810363770e+01
-4.134303629398345947e-01,-4.207772910594940186e-01,-1.495362949371337891e+01,6.270851612091064453e+01
-4.134174883365631104e-01,-4.207713305950164795e-01,-1.495362758636474609e+01,6.271345710754394531e+01
-4.134003221988677979e-01,-4.207603931427001953e-01,-1.495362091064453125e+01,6.271848106384277344e+01
-4.133839011192321777e-01,-4.207533299922943115e-01,-1.495361995697021484e+01,6.272349715232849121e+01
-4.133663475513458252e-01,-4.207454025745391846e-01,-1.495361804962158203e+01,6.272868013381958008e+01
-4.133474826812744141e-01,-4.207420349121093750e-01,-1.495361614227294922e+01,6.273345708847045898e+01
-4.133269190788269043e-01,-4.207367599010467529e-01,-1.495361518859863281e+01,6.273852396011352539e+01
-4.134339988231658936e-01,-4.208017885684967041e-01,-1.495365524291992188e+01,6.274348402023315430e+01
-4.134211540222167969e-01,-4.208011925220489502e-01,-1.495365810394287109e+01,6.274844408035278320e+01
-4.134064614772796631e-01,-4.208045303821563721e-01,-1.495366001129150391e+01,6.275356101989746094e+01
-4.133911728858947754e-01,-4.208064079284667969e-01,-1.495366287231445312e+01,6.275863814353942871e+01
-4.133752882480621338e-01,-4.208080470561981201e-01,-1.495366954803466797e+01,6.276381397247314453e+01
-4.133584201335906982e-01,-4.208093583583831787e-01,-1.495367622375488281e+01,6.276861500740051270e+01
-4.133404195308685303e-01,-4.208117723464965820e-01,-1.495368289947509766e+01,6.277360010147094727e+01
-4.134414196014404297e-01,-4.207523465156555176e-01,-1.495370197296142578e+01,6.277861595153808594e+01
-4.134274423122406006e-01,-4.207602441310882568e-01,-1.495371627807617188e+01,6.278356099128723145e+01
-4.134134054183959961e-01,-4.207623600959777832e-01,-1.495372581481933594e+01,6.278861713409423828e+01
-4.133977591991424561e-01,-4.207639992237091064e-01,-1.495373535156250000e+01,6.279384803771972656e+01
-4.133816957473754883e-01,-4.207618832588195801e-01,-1.495374107360839844e+01,6.279877209663391113e+01
-4.133637845516204834e-01,-4.207628369331359863e-01,-1.495374870300292969e+01,6.280359411239624023e+01
-4.133752584457397461e-01,-4.207356572151184082e-01,-1.495371913909912109e+01,6.280862212181091309e+01
-4.133613407611846924e-01,-4.207557737827301025e-01,-1.495372200012207031e+01,6.281359410285949707e+01
-4.133464992046356201e-01,-4.207676053047180176e-01,-1.495372772216796875e+01,6.281879210472106934e+01
-4.133309721946716309e-01,-4.207803905010223389e-01,-1.495373630523681641e+01,6.282368993759155273e+01
-4.133126437664031982e-01,-4.207847118377685547e-01,-1.495374488830566406e+01,6.282886505126953125e+01
-4.132937788963317871e-01,-4.207939505577087402e-01,-1.495375442504882812e+01,6.283372402191162109e+01
-4.132734537124633789e-01,-4.208033084869384766e-01,-1.495376491546630859e+01,6.283876395225524902e+01
-4.133480787277221680e-01,-4.206888079643249512e-01,-1.495372486114501953e+01,6.284372496604919434e+01
-4.133338630199432373e-01,-4.206901192665100098e-01,-1.495373058319091797e+01,6.284873199462890625e+01
-4.133192896842956543e-01,-4.206925034523010254e-01,-1.495374011993408203e+01,6.285372304916381836e+01
-4.133045375347137451e-01,-4.206974804401397705e-01,-1.495375347137451172e+01,6.285907196998596191e+01
-4.132907390594482422e-01,-4.206969141960144043e-01,-1.495375251770019531e+01,6.286384296417236328e+01
-4.132758677005767822e-01,-4.207018911838531494e-01,-1.495376682281494141e+01,6.286880397796630859e+01
-4.132601916790008545e-01,-4.207067787647247314e-01,-1.495377826690673828e+01,6.287371897697448730e+01
-4.133765399456024170e-01,-4.206920266151428223e-01,-1.495374011993408203e+01,6.287875103950500488e+01
-4.133678972721099854e-01,-4.206974506378173828e-01,-1.495374393463134766e+01,6.288378214836120605e+01
-4.133578240871429443e-01,-4.207035899162292480e-01,-1.495374679565429688e+01,6.288879394531250000e+01
-4.133446812629699707e-01,-4.207113683223724365e-01,-1.495374488830566406e+01,6.289390110969543457e+01
-4.133310317993164062e-01,-4.207192659378051758e-01,-1.495374679565429688e+01,6.289880895614624023e+01
-4.133160710334777832e-01,-4.207277894020080566e-01,-1.495374965667724609e+01,6.290377998352050781e+01
-4.133246839046478271e-01,-4.206470847129821777e-01,-1.495374870300292969e+01,6.290881013870239258e+01
-4.133097529411315918e-01,-4.206467866897583008e-01,-1.495375347137451172e+01,6.291377496719360352e+01
-4.132936298847198486e-01,-4.206480979919433594e-01,-1.495376205444335938e+01,6.291886401176452637e+01
-4.132765829563140869e-01,-4.206534326076507568e-01,-1.495377445220947266e+01,6.292374014854431152e+01
-4.132585525512695312e-01,-4.206577241420745850e-01,-1.495378780364990234e+01,6.292887306213378906e+01
-4.132395386695861816e-01,-4.206622540950775146e-01,-1.495380210876464844e+01,6.293370914459228516e+01
-4.132195711135864258e-01,-4.206668436527252197e-01,-1.495381736755371094e+01,6.293880510330200195e+01
-4.132888913154602051e-01,-4.206548631191253662e-01,-1.495386886596679688e+01,6.294377493858337402e+01
-4.132736325263977051e-01,-4.206602573394775391e-01,-1.495387744903564453e+01,6.294880104064941406e+01
-4.132565557956695557e-01,-4.206646382808685303e-01,-1.495388507843017578e+01,6.295377898216247559e+01
-4.132411777973175049e-01,-4.206628799438476562e-01,-1.495389175415039062e+01,6.295905709266662598e+01
-4.132232367992401123e-01,-4.206655323505401611e-01,-1.495390033721923828e+01,6.296393108367919922e+01
-4.132040739059448242e-01,-4.206689596176147461e-01,-1.495391178131103516e+01,6.296901702880859375e+01
-4.131842255592346191e-01,-4.206797182559967041e-01,-1.495393466949462891e+01,6.297402095794677734e+01
-4.132342040538787842e-01,-4.206492900848388672e-01,-1.495386791229248047e+01,6.297903800010681152e+01
-4.132208228111267090e-01,-4.206526279449462891e-01,-1.495387077331542969e+01,6.298393702507019043e+01
-4.132063686847686768e-01,-4.206526577472686768e-01,-1.495387268066406250e+01,6.298903298377990723e+01
-4.131908714771270752e-01,-4.206557571887969971e-01,-1.495387458801269531e+01,6.299422407150268555e+01
-4.131743013858795166e-01,-4.206603467464447021e-01,-1.495387744903564453e+01,6.299884915351867676e+01
-4.131570458412170410e-01,-4.206730127334594727e-01,-1.495388698577880859e+01,6.300403308868408203e+01
-4.132275581359863281e-01,-4.206213355064392090e-01,-1.495398330688476562e+01,6.300900006294250488e+01
-4.132161438465118408e-01,-4.206272363662719727e-01,-1.495399475097656250e+01,6.301409006118774414e+01
-4.132037758827209473e-01,-4.206285774707794189e-01,-1.495400333404541016e+01,6.301916813850402832e+01
-4.131906628608703613e-01,-4.206312596797943115e-01,-1.495401287078857422e+01,6.302405810356140137e+01
-4.131763875484466553e-01,-4.206317663192749023e-01,-1.495401859283447266e+01,6.302910804748535156e+01
-4.131608307361602783e-01,-4.206308126449584961e-01,-1.495402050018310547e+01,6.303409814834594727e+01
-4.131451845169067383e-01,-4.206365346908569336e-01,-1.495404243469238281e+01,6.303909802436828613e+01
-4.132050573825836182e-01,-4.205707013607025146e-01,-1.495399665832519531e+01,6.304405808448791504e+01
-4.131912589073181152e-01,-4.205673336982727051e-01,-1.495399761199951172e+01,6.304899215698242188e+01
-4.131770133972167969e-01,-4.205657243728637695e-01,-1.495400619506835938e+01,6.305412602424621582e+01
-4.131617248058319092e-01,-4.205647408962249756e-01,-1.495401096343994141e+01,6.305939292907714844e+01
-4.131456017494201660e-01,-4.205636978149414062e-01,-1.495401763916015625e+01,6.306422710418701172e+01
-4.131284654140472412e-01,-4.205642342567443848e-01,-1.495402431488037109e+01,6.306909298896789551e+01
-4.131102859973907471e-01,-4.205645620822906494e-01,-1.495403003692626953e+01,6.307422304153442383e+01
-4.132041037082672119e-01,-4.205258786678314209e-01,-1.495410633087158203e+01,6.307902598381042480e+01
-4.131898581981658936e-01,-4.205306768417358398e-01,-1.495410251617431641e+01,6.308417010307312012e+01
-4.131758213043212891e-01,-4.205380082130432129e-01,-1.495410537719726562e+01,6.308932709693908691e+01
-4.131603837013244629e-01,-4.205458462238311768e-01,-1.495410919189453125e+01,6.309449505805969238e+01
-4.131440818309783936e-01,-4.205573499202728271e-01,-1.495412254333496094e+01,6.309938907623291016e+01
-4.131262004375457764e-01,-4.205681681632995605e-01,-1.495413208007812500e+01,6.310423111915588379e+01
-4.131942987442016602e-01,-4.205071330070495605e-01,-1.495416069030761719e+01,6.310931611061096191e+01
-4.131808876991271973e-01,-4.205200076103210449e-01,-1.495417499542236328e+01,6.311419892311096191e+01
-4.131688475608825684e-01,-4.205341339111328125e-01,-1.495419216156005859e+01,6.311934494972229004e+01
-4.131532907485961914e-01,-4.205487072467803955e-01,-1.495420837402343750e+01,6.312420606613159180e+01
-4.131367504596710205e-01,-4.205644726753234863e-01,-1.495422649383544922e+01,6.312923908233642578e+01
-4.131190776824951172e-01,-4.205759167671203613e-01,-1.495424270629882812e+01,6.313439106941223145e+01
-4.131004214286804199e-01,-4.205903410911560059e-01,-1.495426177978515625e+01,6.313940405845642090e+01
-4.131973981857299805e-01,-4.204920530319213867e-01,-1.495417308807373047e+01,6.314422798156738281e+01
-4.131878614425659180e-01,-4.204940199851989746e-01,-1.495418453216552734e+01,6.314945507049560547e+01
-4.131773412227630615e-01,-4.204979240894317627e-01,-1.495419311523437500e+01,6.315435194969177246e+01
-4.131657779216766357e-01,-4.205029904842376709e-01,-1.495419979095458984e+01,6.315962100028991699e+01
-4.131527543067932129e-01,-4.205103218555450439e-01,-1.495420074462890625e+01,6.316436600685119629e+01
-4.131385982036590576e-01,-4.205175340175628662e-01,-1.495420551300048828e+01,6.316941809654235840e+01
-4.131233096122741699e-01,-4.205260276794433594e-01,-1.495421028137207031e+01,6.317434692382812500e+01
-4.132257997989654541e-01,-4.204672574996948242e-01,-1.495423603057861328e+01,6.317945003509521484e+01
-4.132169187068939209e-01,-4.204663336277008057e-01,-1.495424461364746094e+01,6.318432307243347168e+01
-4.132073223590850830e-01,-4.204625189304351807e-01,-1.495425224304199219e+01,6.318926405906677246e+01
-4.131946563720703125e-01,-4.204533100128173828e-01,-1.495425891876220703e+01,6.319473314285278320e+01
-4.131808876991271973e-01,-4.204479753971099854e-01,-1.495426845550537109e+01,6.319953799247741699e+01
-4.131652414798736572e-01,-4.204432368278503418e-01,-1.495427799224853516e+01,6.320438098907470703e+01
-4.132390320301055908e-01,-4.204321205615997314e-01,-1.495423889160156250e+01,6.320941615104675293e+01
-4.132258892059326172e-01,-4.204297065734863281e-01,-1.495424365997314453e+01,6.321438598632812500e+01
-4.132110476493835449e-01,-4.204298257827758789e-01,-1.495424842834472656e+01,6.321952605247497559e+01
-4.131944775581359863e-01,-4.204294681549072266e-01,-1.495425319671630859e+01,6.322448301315307617e+01
-4.131782650947570801e-01,-4.204317927360534668e-01,-1.495426082611083984e+01,6.322955703735351562e+01
-4.131602644920349121e-01,-4.204334020614624023e-01,-1.495426845550537109e+01,6.323448801040649414e+01
-4.131412208080291748e-01,-4.204358160495758057e-01,-1.495427703857421875e+01,6.323958396911621094e+01
-4.131968319416046143e-01,-4.204153716564178467e-01,-1.495427799224853516e+01,6.324437212944030762e+01
-4.131802320480346680e-01,-4.204230606555938721e-01,-1.495428657531738281e+01,6.324953508377075195e+01
-4.131622314453125000e-01,-4.204326272010803223e-01,-1.495429992675781250e+01,6.325441193580627441e+01
-4.131448566913604736e-01,-4.204452633857727051e-01,-1.495432281494140625e+01,6.325960612297058105e+01
-4.131253957748413086e-01,-4.204580187797546387e-01,-1.495434188842773438e+01,6.326450514793395996e+01
-4.131050705909729004e-01,-4.204709827899932861e-01,-1.495436286926269531e+01,6.326954603195190430e+01
-4.130835235118865967e-01,-4.204823374748229980e-01,-1.495437908172607422e+01,6.327449107170104980e+01
-4.132659137248992920e-01,-4.204259812831878662e-01,-1.495435142517089844e+01,6.327958202362060547e+01
-4.132570922374725342e-01,-4.204366803169250488e-01,-1.495436573028564453e+01,6.328457212448120117e+01
-4.132463634014129639e-01,-4.204481840133666992e-01,-1.495437717437744141e+01,6.328966808319091797e+01
-4.132334291934967041e-01,-4.204553365707397461e-01,-1.495438003540039062e+01,6.329465103149414062e+01
-4.132200479507446289e-01,-4.204659163951873779e-01,-1.495438861846923828e+01,6.329965209960937500e+01
-4.132063984870910645e-01,-4.204783737659454346e-01,-1.495439815521240234e+01,6.330452108383178711e+01
-4.132708907127380371e-01,-4.203701913356781006e-01,-1.495423316955566406e+01,6.330965614318847656e+01
-4.132595062255859375e-01,-4.203669428825378418e-01,-1.495423126220703125e+01,6.331452107429504395e+01
-4.132469594478607178e-01,-4.203622639179229736e-01,-1.495422840118408203e+01,6.331966495513916016e+01
-4.132308363914489746e-01,-4.203569889068603516e-01,-1.495423603057861328e+01,6.332456398010253906e+01
-4.132145643234252930e-01,-4.203527569770812988e-01,-1.495424175262451172e+01,6.332971692085266113e+01
-4.131968319416046143e-01,-4.203481674194335938e-01,-1.495424842834472656e+01,6.333454012870788574e+01
-4.131791591644287109e-01,-4.203467965126037598e-01,-1.495425319671630859e+01,6.333957195281982422e+01
-4.133098125457763672e-01,-4.203074276447296143e-01,-1.495419216156005859e+01,6.334454393386840820e+01
-4.133003950119018555e-01,-4.203034043312072754e-01,-1.495418643951416016e+01,6.334968495368957520e+01
-4.132900536060333252e-01,-4.203121960163116455e-01,-1.495418453216552734e+01,6.335452795028686523e+01
-4.132781922817230225e-01,-4.203165471553802490e-01,-1.495418453216552734e+01,6.335993003845214844e+01
-4.132648706436157227e-01,-4.203263819217681885e-01,-1.495418643951416016e+01,6.336473202705383301e+01
-4.132504165172576904e-01,-4.203380644321441650e-01,-1.495419025421142578e+01,6.337010693550109863e+01
-4.133007526397705078e-01,-4.203086197376251221e-01,-1.495419979095458984e+01,6.337474393844604492e+01
-4.132969975471496582e-01,-4.203130304813385010e-01,-1.495418739318847656e+01,6.337980413436889648e+01
-4.132899343967437744e-01,-4.203165173530578613e-01,-1.495417785644531250e+01,6.338493013381958008e+01
-4.132812321186065674e-01,-4.203117787837982178e-01,-1.495418071746826172e+01,6.338970899581909180e+01
-4.132710099220275879e-01,-4.203135669231414795e-01,-1.495417499542236328e+01,6.339495706558227539e+01
-4.132594764232635498e-01,-4.203166365623474121e-01,-1.495416831970214844e+01,6.339973902702331543e+01
-4.132469892501831055e-01,-4.203273355960845947e-01,-1.495415019989013672e+01,6.340467500686645508e+01
-4.133133590221405029e-01,-4.203099310398101807e-01,-1.495440196990966797e+01,6.340971803665161133e+01
-4.133015573024749756e-01,-4.203098714351654053e-01,-1.495441627502441406e+01,6.341470408439636230e+01
-4.132892191410064697e-01,-4.203138649463653564e-01,-1.495444107055664062e+01,6.341982007026672363e+01
-4.132754802703857422e-01,-4.203164875507354736e-01,-1.495445823669433594e+01,6.342480301856994629e+01
-4.132607281208038330e-01,-4.203197360038757324e-01,-1.495447540283203125e+01,6.342981696128845215e+01
-4.132445454597473145e-01,-4.203232526779174805e-01,-1.495448303222656250e+01,6.343480300903320312e+01
-4.132274687290191650e-01,-4.203275740146636963e-01,-1.495449638366699219e+01,6.343991899490356445e+01
-4.132499098777770996e-01,-4.203026890754699707e-01,-1.495439815521240234e+01,6.344483995437622070e+01
-4.132350683212280273e-01,-4.203092157840728760e-01,-1.495440292358398438e+01,6.345013499259948730e+01
-4.132200777530670166e-01,-4.203146398067474365e-01,-1.495441436767578125e+01,6.345487594604492188e+01
-4.132034182548522949e-01,-4.203183948993682861e-01,-1.495442485809326172e+01,6.346011400222778320e+01
-4.131852984428405762e-01,-4.203211665153503418e-01,-1.495443725585937500e+01,6.346497106552124023e+01
-4.131684899330139160e-01,-4.203313887119293213e-01,-1.495445060729980469e+01,6.346988606452941895e+01
-4.131495058536529541e-01,-4.203401505947113037e-01,-1.495446681976318359e+01,6.347499895095825195e+01
-4.132295846939086914e-01,-4.201900362968444824e-01,-1.495439147949218750e+01,6.347989702224731445e+01
-4.132186174392700195e-01,-4.201986491680145264e-01,-1.495440006256103516e+01,6.348496294021606445e+01
-4.132062792778015137e-01,-4.202029705047607422e-01,-1.495440959930419922e+01,6.349003100395202637e+01
-4.131929874420166016e-01,-4.202072918415069580e-01,-1.495442008972167969e+01,6.349508094787597656e+01
-4.131786525249481201e-01,-4.202098548412322998e-01,-1.495442962646484375e+01,6.349990010261535645e+01
-4.131633043289184570e-01,-4.202143251895904541e-01,-1.495443820953369141e+01,6.350489211082458496e+01
-4.131836891174316406e-01,-4.202325344085693359e-01,-1.495431518554687500e+01,6.350992202758789062e+01
-4.131703674793243408e-01,-4.202463626861572266e-01,-1.495432090759277344e+01,6.351499605178833008e+01
-4.131560623645782471e-01,-4.202590286731719971e-01,-1.495432567596435547e+01,6.351992702484130859e+01
-4.131408333778381348e-01,-4.202726781368255615e-01,-1.495433425903320312e+01,6.352493715286254883e+01
-4.131245613098144531e-01,-4.202798902988433838e-01,-1.495434856414794922e+01,6.352991700172424316e+01
-4.131072163581848145e-01,-4.202907979488372803e-01,-1.495436096191406250e+01,6.353499794006347656e+01
-4.130889475345611572e-01,-4.203029870986938477e-01,-1.495437431335449219e+01,6.353996300697326660e+01
-4.131612181663513184e-01,-4.201353490352630615e-01,-1.495433139801025391e+01,6.354489612579345703e+01
-4.131469130516052246e-01,-4.201369881629943848e-01,-1.495433139801025391e+01,6.355014896392822266e+01
-4.131318330764770508e-01,-4.201350808143615723e-01,-1.495433712005615234e+01,6.355505108833312988e+01
-4.131160676479339600e-01,-4.201343655586242676e-01,-1.495434284210205078e+01,6.356031394004821777e+01
-4.130979478359222412e-01,-4.201400279998779297e-01,-1.495435047149658203e+01,6.356502604484558105e+01
-4.130786955356597900e-01,-4.201433062553405762e-01,-1.495435810089111328e+01,6.357015109062194824e+01
-4.131734967231750488e-01,-4.201101064682006836e-01,-1.495435333251953125e+01,6.357502198219299316e+01
-4.131595492362976074e-01,-4.201105535030364990e-01,-1.495435905456542969e+01,6.358022713661193848e+01
-4.131431281566619873e-01,-4.201096594333648682e-01,-1.495436859130859375e+01,6.358507609367370605e+01
-4.131257832050323486e-01,-4.201084375381469727e-01,-1.495437812805175781e+01,6.359014201164245605e+01
-4.131074845790863037e-01,-4.201061129570007324e-01,-1.495438861846923828e+01,6.359530401229858398e+01
-4.130880534648895264e-01,-4.201041162014007568e-01,-1.495440006256103516e+01,6.360012912750244141e+01
-4.130676090717315674e-01,-4.201021194458007812e-01,-1.495441246032714844e+01,6.360504007339477539e+01
-4.132007956504821777e-01,-4.200731217861175537e-01,-1.495449542999267578e+01,6.361010408401489258e+01
-4.131899476051330566e-01,-4.200787842273712158e-01,-1.495451450347900391e+01,6.361517906188964844e+01
-4.131780564785003662e-01,-4.200853705406188965e-01,-1.495453453063964844e+01,6.362022900581359863e+01
-4.131647348403930664e-01,-4.200913012027740479e-01,-1.495454788208007812e+01,6.362529015541076660e+01
-4.131505787372589111e-01,-4.200987517833709717e-01,-1.495456409454345703e+01,6.363038206100463867e+01
-4.131355285644531250e-01,-4.201071858406066895e-01,-1.495458316802978516e+01,6.363519096374511719e+01
-4.132358729839324951e-01,-4.200085103511810303e-01,-1.495448303222656250e+01,6.364026403427124023e+01
-4.132216274738311768e-01,-4.200114309787750244e-01,-1.495449542999267578e+01,6.364514613151550293e+01
-4.132074713706970215e-01,-4.200150370597839355e-01,-1.495449829101562500e+01,6.365021204948425293e+01
-4.131918549537658691e-01,-4.200178384780883789e-01,-1.495450115203857422e+01,6.365523099899291992e+01
-4.131762981414794922e-01,-4.200183451175689697e-01,-1.495450305938720703e+01,6.366048002243041992e+01
-4.131591022014617920e-01,-4.200199544429779053e-01,-1.495450687408447266e+01,6.366530013084411621e+01
-4.131407737731933594e-01,-4.200221002101898193e-01,-1.495450878143310547e+01,6.367038106918334961e+01
-4.132596552371978760e-01,-4.199163913726806641e-01,-1.495454883575439453e+01,6.367523193359375000e+01
-4.132442474365234375e-01,-4.199154078960418701e-01,-1.495456314086914062e+01,6.368024802207946777e+01
-4.132277071475982666e-01,-4.199142456054687500e-01,-1.495458126068115234e+01,6.368518209457397461e+01
-4.132120609283447266e-01,-4.199196398258209229e-01,-1.495458889007568359e+01,6.369036102294921875e+01
-4.131943285465240479e-01,-4.199215173721313477e-01,-1.495460891723632812e+01,6.369549512863159180e+01
-4.131757020950317383e-01,-4.199244976043701172e-01,-1.495463466644287109e+01,6.370035409927368164e+01
-4.131564497947692871e-01,-4.199272692203521729e-01,-1.495467090606689453e+01,6.370527195930480957e+01
-4.133136272430419922e-01,-4.199351072311401367e-01,-1.495463371276855469e+01,6.371036100387573242e+01
-4.133040904998779297e-01,-4.199379086494445801e-01,-1.495464134216308594e+01,6.371528196334838867e+01
-4.132936298847198486e-01,-4.199402928352355957e-01,-1.495465183258056641e+01,6.372035408020019531e+01
-4.132794141769409180e-01,-4.199419319629669189e-01,-1.495468139648437500e+01,6.372544503211975098e+01
-4.132650494575500488e-01,-4.199455976486206055e-01,-1.495469951629638672e+01,6.373051309585571289e+01
-4.132491052150726318e-01,-4.199494123458862305e-01,-1.495471858978271484e+01,6.373529911041259766e+01
-4.132328927516937256e-01,-4.199535250663757324e-01,-1.495473003387451172e+01,6.374036502838134766e+01
-4.132786989212036133e-01,-4.199174642562866211e-01,-1.495464992523193359e+01,6.374530410766601562e+01
-4.132639169692993164e-01,-4.199223220348358154e-01,-1.495465087890625000e+01,6.375066900253295898e+01
-4.132476449012756348e-01,-4.199260771274566650e-01,-1.495464611053466797e+01,6.375552105903625488e+01
-4.132305383682250977e-01,-4.199317693710327148e-01,-1.495464801788330078e+01,6.376060509681701660e+01
-4.132124483585357666e-01,-4.199388921260833740e-01,-1.495464992523193359e+01,6.376546001434326172e+01
-4.131937921047210693e-01,-4.199498593807220459e-01,-1.495466136932373047e+01,6.377050399780273438e+01
-4.132692217826843262e-01,-4.198894500732421875e-01,-1.495454311370849609e+01,6.377543902397155762e+01
-4.132581651210784912e-01,-4.198924601078033447e-01,-1.495455169677734375e+01,6.378049898147583008e+01
-4.132456183433532715e-01,-4.198958873748779297e-01,-1.495455646514892578e+01,6.378544306755065918e+01
-4.132322371006011963e-01,-4.198998212814331055e-01,-1.495456409454345703e+01,6.379045605659484863e+01
-4.132180809974670410e-01,-4.199053645133972168e-01,-1.495457267761230469e+01,6.379565906524658203e+01
-4.132013916969299316e-01,-4.199143350124359131e-01,-1.495458507537841797e+01,6.380067110061645508e+01
-4.131836295127868652e-01,-4.199222326278686523e-01,-1.495459556579589844e+01,6.380538392066955566e+01
-4.133185446262359619e-01,-4.198654890060424805e-01,-1.495459842681884766e+01,6.381053113937377930e+01
-4.133088588714599609e-01,-4.198704659938812256e-01,-1.495459651947021484e+01,6.381549310684204102e+01
-4.133011996746063232e-01,-4.198771715164184570e-01,-1.495460033416748047e+01,6.382056498527526855e+01
-4.132906496524810791e-01,-4.198827743530273438e-01,-1.495460224151611328e+01,6.382568812370300293e+01
-4.132789671421051025e-01,-4.198881089687347412e-01,-1.495460605621337891e+01,6.383062314987182617e+01
-4.132659733295440674e-01,-4.198933243751525879e-01,-1.495461082458496094e+01,6.383560013771057129e+01
-4.132519364356994629e-01,-4.198992848396301270e-01,-1.495461750030517578e+01,6.384061598777770996e+01
-4.132805764675140381e-01,-4.199218750000000000e-01,-1.495465564727783203e+01,6.384557914733886719e+01
-4.132746160030364990e-01,-4.199319481849670410e-01,-1.495467567443847656e+01,6.385059595108032227e+01
-4.132673144340515137e-01,-4.199391901493072510e-01,-1.495468616485595703e+01,6.385552096366882324e+01
-4.132585525512695312e-01,-4.199452996253967285e-01,-1.495469474792480469e+01,6.386091303825378418e+01
-4.132479727268218994e-01,-4.199462532997131348e-01,-1.495469284057617188e+01,6.386562514305114746e+01
-4.132363498210906982e-01,-4.199498593807220459e-01,-1.495469665527343750e+01,6.387056708335876465e+01
-4.133210480213165283e-01,-4.198418259620666504e-01,-1.495464515686035156e+01,6.387584304809570312e+01
-4.133129715919494629e-01,-4.198448956012725830e-01,-1.495464611053466797e+01,6.388061308860778809e+01
-4.133040904998779297e-01,-4.198495745658874512e-01,-1.495464515686035156e+01,6.388570594787597656e+01
-4.132933020591735840e-01,-4.198567569255828857e-01,-1.495464420318603516e+01,6.389075112342834473e+01
-4.132809937000274658e-01,-4.198665916919708252e-01,-1.495464420318603516e+01,6.389579510688781738e+01
-4.132672548294067383e-01,-4.198713302612304688e-01,-1.495464897155761719e+01,6.390077114105224609e+01
-4.132525324821472168e-01,-4.198827743530273438e-01,-1.495466041564941406e+01,6.390570902824401855e+01
-4.132832884788513184e-01,-4.198183119297027588e-01,-1.495465946197509766e+01,6.391075897216796875e+01
-4.132678806781768799e-01,-4.198313057422637939e-01,-1.495466995239257812e+01,6.391570711135864258e+01
-4.132508933544158936e-01,-4.198442995548248291e-01,-1.495467853546142578e+01,6.392076802253723145e+01
-4.132325053215026855e-01,-4.198575019836425781e-01,-1.495468807220458984e+01,6.392582392692565918e+01
-4.132126271724700928e-01,-4.198665618896484375e-01,-1.495469951629638672e+01,6.393076109886169434e+01
-4.131914079189300537e-01,-4.198780953884124756e-01,-1.495471191406250000e+01,6.393570709228515625e+01
-4.131687581539154053e-01,-4.198897480964660645e-01,-1.495472621917724609e+01,6.394076895713806152e+01
-4.132054746150970459e-01,-4.197790324687957764e-01,-1.495464420318603516e+01,6.394569802284240723e+01
-4.131869077682495117e-01,-4.197836816310882568e-01,-1.495464134216308594e+01,6.395095300674438477e+01
-4.131671488285064697e-01,-4.197878539562225342e-01,-1.495463562011718750e+01,6.395583200454711914e+01
-4.131445586681365967e-01,-4.197928011417388916e-01,-1.495462989807128906e+01,6.396094512939453125e+01
-4.131212234497070312e-01,-4.197979569435119629e-01,-1.495462322235107422e+01,6.396575498580932617e+01
-4.130964577198028564e-01,-4.198035299777984619e-01,-1.495461559295654297e+01,6.397088408470153809e+01
-4.132516086101531982e-01,-4.197683632373809814e-01,-1.495469856262207031e+01,6.397581005096435547e+01
-4.132372438907623291e-01,-4.197770357131958008e-01,-1.495470237731933594e+01,6.398084807395935059e+01
-4.132212996482849121e-01,-4.197847247123718262e-01,-1.495470714569091797e+01,6.398579406738281250e+01
-4.132037758827209473e-01,-4.197924733161926270e-01,-1.495471096038818359e+01,6.399077892303466797e+01
-4.131846129894256592e-01,-4.197969138622283936e-01,-1.495471096038818359e+01,6.399602699279785156e+01
-4.131640791893005371e-01,-4.198039472103118896e-01,-1.495471382141113281e+01,6.400081300735473633e+01
-4.131420552730560303e-01,-4.198118746280670166e-01,-1.495471763610839844e+01,6.400586605072021484e+01
-4.132659733295440674e-01,-4.197836220264434814e-01,-1.495475864410400391e+01,6.401081395149230957e+01
-4.132523238658905029e-01,-4.197898209095001221e-01,-1.495476722717285156e+01,6.401586413383483887e+01
-4.132374525070190430e-01,-4.197957813739776611e-01,-1.495477485656738281e+01,6.402099609375000000e+01
-4.132193922996520996e-01,-4.198013544082641602e-01,-1.495478248596191406e+01,6.402628612518310547e+01
-4.132004380226135254e-01,-4.198079407215118408e-01,-1.495479202270507812e+01,6.403109407424926758e+01
-4.131798148155212402e-01,-4.198142290115356445e-01,-1.495480060577392578e+01,6.403601598739624023e+01
-4.131589531898498535e-01,-4.198208451271057129e-01,-1.495480251312255859e+01,6.404099297523498535e+01
-4.133001267910003662e-01,-4.197898507118225098e-01,-1.495476341247558594e+01,6.404599308967590332e+01
-4.132834374904632568e-01,-4.197965264320373535e-01,-1.495477485656738281e+01,6.405102515220642090e+01
-4.132664203643798828e-01,-4.198085963726043701e-01,-1.495477199554443359e+01,6.405652904510498047e+01
-4.132498204708099365e-01,-4.198227822780609131e-01,-1.495478057861328125e+01,6.406110405921936035e+01
-4.132326543331146240e-01,-4.198417365550994873e-01,-1.495479011535644531e+01,6.406586313247680664e+01
-4.132145047187805176e-01,-4.198644757270812988e-01,-1.495480060577392578e+01,6.407085299491882324e+01
-4.133990705013275146e-01,-4.197390377521514893e-01,-1.495471191406250000e+01,6.407602405548095703e+01
-4.134050011634826660e-01,-4.197487831115722656e-01,-1.495471286773681641e+01,6.408098411560058594e+01
-4.134092032909393311e-01,-4.197591841220855713e-01,-1.495471572875976562e+01,6.408602809906005859e+01
-4.134120345115661621e-01,-4.197693169116973877e-01,-1.495472526550292969e+01,6.409114503860473633e+01
-4.134137630462646484e-01,-4.197805523872375488e-01,-1.495473289489746094e+01,6.409649014472961426e+01
-4.134145081043243408e-01,-4.197928607463836670e-01,-1.495474338531494141e+01,6.410106611251831055e+01
-4.134122133255004883e-01,-4.198038578033447266e-01,-1.495475482940673828e+01,6.410626411437988281e+01
-4.133594036102294922e-01,-4.197219312191009521e-01,-1.495486831665039062e+01,6.411119198799133301e+01
-4.133465588092803955e-01,-4.197266697883605957e-01,-1.495487403869628906e+01,6.411648106575012207e+01
-4.133346974849700928e-01,-4.197279810905456543e-01,-1.495487976074218750e+01,6.412111210823059082e+01
-4.133203923702239990e-01,-4.197333455085754395e-01,-1.495488357543945312e+01,6.412660193443298340e+01
-4.133051633834838867e-01,-4.197392165660858154e-01,-1.495488739013671875e+01,6.413125395774841309e+01
-4.132876396179199219e-01,-4.197488129138946533e-01,-1.495489501953125000e+01,6.413626503944396973e+01
-4.132693409919738770e-01,-4.197572469711303711e-01,-1.495490169525146484e+01,6.414111113548278809e+01
-4.132855534553527832e-01,-4.197044372558593750e-01,-1.495483398437500000e+01,6.414666104316711426e+01
-4.132693707942962646e-01,-4.197025001049041748e-01,-1.495484161376953125e+01,6.415129804611206055e+01
-4.132540225982666016e-01,-4.197067618370056152e-01,-1.495485210418701172e+01,6.415634107589721680e+01
-4.132356345653533936e-01,-4.197066128253936768e-01,-1.495486354827880859e+01,6.416136407852172852e+01
-4.132168292999267578e-01,-4.197070300579071045e-01,-1.495487689971923828e+01,6.416637492179870605e+01
-4.131956100463867188e-01,-4.197084009647369385e-01,-1.495489406585693359e+01,6.417126107215881348e+01
-4.133334755897521973e-01,-4.196969270706176758e-01,-1.495493698120117188e+01,6.417656302452087402e+01
-4.133178889751434326e-01,-4.196968078613281250e-01,-1.495493984222412109e+01,6.418121910095214844e+01
-4.133006632328033447e-01,-4.196977913379669189e-01,-1.495494174957275391e+01,6.418637800216674805e+01
-4.132818281650543213e-01,-4.196991026401519775e-01,-1.495494461059570312e+01,6.419124293327331543e+01
-4.132615029811859131e-01,-4.197014272212982178e-01,-1.495494747161865234e+01,6.419658112525939941e+01
-4.132417738437652588e-01,-4.197090268135070801e-01,-1.495495605468750000e+01,6.420123195648193359e+01
-4.132200777530670166e-01,-4.197151362895965576e-01,-1.495496368408203125e+01,6.420641207695007324e+01
-4.133774638175964355e-01,-4.196190237998962402e-01,-1.495485877990722656e+01,6.421127510070800781e+01
-4.133634269237518311e-01,-4.196245968341827393e-01,-1.495485115051269531e+01,6.421665000915527344e+01
-4.133500754833221436e-01,-4.196311831474304199e-01,-1.495485305786132812e+01,6.422131013870239258e+01
-4.133360385894775391e-01,-4.196411073207855225e-01,-1.495485591888427734e+01,6.422682714462280273e+01
-4.133228063583374023e-01,-4.196548163890838623e-01,-1.495486545562744141e+01,6.423161196708679199e+01
-4.133077859878540039e-01,-4.196685254573822021e-01,-1.495487308502197266e+01,6.423670005798339844e+01
-4.133854508399963379e-01,-4.196819961071014404e-01,-1.495491313934326172e+01,6.424132299423217773e+01
-4.133849740028381348e-01,-4.196968674659729004e-01,-1.495491504669189453e+01,6.424696207046508789e+01
-4.133810400962829590e-01,-4.197229444980621338e-01,-1.495491123199462891e+01,6.425119209289550781e+01
-4.133769571781158447e-01,-4.197396337985992432e-01,-1.495490932464599609e+01,6.425674200057983398e+01
-4.133699238300323486e-01,-4.197555482387542725e-01,-1.495490550994873047e+01,6.426136994361877441e+01
-4.133624434471130371e-01,-4.197620451450347900e-01,-1.495490932464599609e+01,6.426663303375244141e+01
-4.133524894714355469e-01,-4.197733402252197266e-01,-1.495490932464599609e+01,6.427141404151916504e+01
-4.133661985397338867e-01,-4.196475148200988770e-01,-1.495495128631591797e+01,6.427667093276977539e+01
-4.133566021919250488e-01,-4.196477234363555908e-01,-1.495494747161865234e+01,6.428136801719665527e+01
-4.133463501930236816e-01,-4.196499884128570557e-01,-1.495494651794433594e+01,6.428700804710388184e+01
-4.133350849151611328e-01,-4.196510314941406250e-01,-1.495494556427001953e+01,6.429131698608398438e+01
-4.133229553699493408e-01,-4.196511209011077881e-01,-1.495494842529296875e+01,6.429666209220886230e+01
-4.133097231388092041e-01,-4.196517169475555420e-01,-1.495495033264160156e+01,6.430150699615478516e+01
-4.132953882217407227e-01,-4.196525812149047852e-01,-1.495495319366455078e+01,6.430678701400756836e+01
-4.132754504680633545e-01,-4.197033941745758057e-01,-1.495502185821533203e+01,6.431153106689453125e+01
-4.132629930973052979e-01,-4.197096526622772217e-01,-1.495503044128417969e+01,6.431693911552429199e+01
-4.132492244243621826e-01,-4.197171032428741455e-01,-1.495503520965576172e+01,6.432130408287048340e+01
-4.132341444492340088e-01,-4.197266697883605957e-01,-1.495503807067871094e+01,6.432661199569702148e+01
-4.132160544395446777e-01,-4.197318851947784424e-01,-1.495505332946777344e+01,6.433180713653564453e+01
-4.131980538368225098e-01,-4.197388887405395508e-01,-1.495506668090820312e+01,6.433663296699523926e+01
-4.132434129714965820e-01,-4.196633100509643555e-01,-1.495501518249511719e+01,6.434145307540893555e+01
-4.132300913333892822e-01,-4.196610450744628906e-01,-1.495502185821533203e+01,6.434665203094482422e+01
-4.132136702537536621e-01,-4.196648001670837402e-01,-1.495502948760986328e+01,6.435163092613220215e+01
-4.131963253021240234e-01,-4.196684658527374268e-01,-1.495504188537597656e+01,6.435683012008666992e+01
-4.131782948970794678e-01,-4.196760952472686768e-01,-1.495506000518798828e+01,6.436174297332763672e+01
-4.131592512130737305e-01,-4.196831285953521729e-01,-1.495508003234863281e+01,6.436684608459472656e+01
-4.131393432617187500e-01,-4.196911454200744629e-01,-1.495510387420654297e+01,6.437159514427185059e+01
-4.132174253463745117e-01,-4.196142852306365967e-01,-1.495504570007324219e+01,6.437688612937927246e+01
-4.132022261619567871e-01,-4.196146130561828613e-01,-1.495505142211914062e+01,6.438162493705749512e+01
-4.131863713264465332e-01,-4.196145534515380859e-01,-1.495506191253662109e+01,6.438687205314636230e+01
-4.131700396537780762e-01,-4.196153283119201660e-01,-1.495507144927978516e+01,6.439172697067260742e+01
-4.131529033184051514e-01,-4.196163415908813477e-01,-1.495508289337158203e+01,6.439692997932434082e+01
-4.131343066692352295e-01,-4.196169972419738770e-01,-1.495509529113769531e+01,6.440166902542114258e+01
-4.131144881248474121e-01,-4.196231663227081299e-01,-1.495510864257812500e+01,6.440707302093505859e+01
-4.132186770439147949e-01,-4.196106493473052979e-01,-1.495510768890380859e+01,6.441167902946472168e+01
-4.132060408592224121e-01,-4.196210503578186035e-01,-1.495511627197265625e+01,6.441685199737548828e+01
-4.131928682327270508e-01,-4.196338057518005371e-01,-1.495512580871582031e+01,6.442145395278930664e+01
-4.131794273853302002e-01,-4.196445345878601074e-01,-1.495514392852783203e+01,6.442688894271850586e+01
-4.131652414798736572e-01,-4.196572601795196533e-01,-1.495515727996826172e+01,6.443157315254211426e+01
-4.131504297256469727e-01,-4.196726381778717041e-01,-1.495517063140869141e+01,6.443695712089538574e+01
-4.131958186626434326e-01,-4.195826351642608643e-01,-1.495509338378906250e+01,6.444171905517578125e+01
-4.131837785243988037e-01,-4.195834100246429443e-01,-1.495510196685791016e+01,6.444695210456848145e+01
-4.131702482700347900e-01,-4.195835590362548828e-01,-1.495511245727539062e+01,6.445179295539855957e+01
-4.131548106670379639e-01,-4.195770621299743652e-01,-1.495511913299560547e+01,6.445709013938903809e+01
-4.131380319595336914e-01,-4.195762574672698975e-01,-1.495512771606445312e+01,6.446187710762023926e+01
-4.131196439266204834e-01,-4.195759892463684082e-01,-1.495513629913330078e+01,6.446686601638793945e+01
-4.131014049053192139e-01,-4.195827543735504150e-01,-1.495514106750488281e+01,6.447171998023986816e+01
-4.132114648818969727e-01,-4.195288121700286865e-01,-1.495512676239013672e+01,6.447683310508728027e+01
-4.132124483585357666e-01,-4.195315539836883545e-01,-1.495512866973876953e+01,6.448178195953369141e+01
-4.132104814052581787e-01,-4.195279777050018311e-01,-1.495513248443603516e+01,6.448706412315368652e+01
-4.132090508937835693e-01,-4.195324778556823730e-01,-1.495514106750488281e+01,6.449176311492919922e+01
-4.132061898708343506e-01,-4.195393621921539307e-01,-1.495515727996826172e+01,6.449702715873718262e+01
-4.132009148597717285e-01,-4.195460081100463867e-01,-1.495518016815185547e+01,6.450190901756286621e+01
-4.131922423839569092e-01,-4.195463955402374268e-01,-1.495518302917480469e+01,6.450698113441467285e+01
-4.131777286529541016e-01,-4.195141494274139404e-01,-1.495519161224365234e+01,6.451190996170043945e+01
-4.131689965724945068e-01,-4.195162057876586914e-01,-1.495520401000976562e+01,6.451688599586486816e+01
-4.131581485271453857e-01,-4.195211529731750488e-01,-1.495520973205566406e+01,6.452164411544799805e+01
-4.131455719470977783e-01,-4.195252954959869385e-01,-1.495521926879882812e+01,6.452720999717712402e+01
-4.131311178207397461e-01,-4.195311069488525391e-01,-1.495522785186767578e+01,6.453195500373840332e+01
-4.131168425083160400e-01,-4.195392131805419922e-01,-1.495523929595947266e+01,6.453685593605041504e+01
-4.131474792957305908e-01,-4.194613695144653320e-01,-1.495517730712890625e+01,6.454164505004882812e+01
-4.131341874599456787e-01,-4.194619655609130859e-01,-1.495518970489501953e+01,6.454670810699462891e+01
-4.131171107292175293e-01,-4.194584786891937256e-01,-1.495520019531250000e+01,6.455209803581237793e+01
-4.131002426147460938e-01,-4.194580614566802979e-01,-1.495521354675292969e+01,6.455685997009277344e+01
-4.130820333957672119e-01,-4.194566011428833008e-01,-1.495522689819335938e+01,6.456205010414123535e+01
-4.130623936653137207e-01,-4.194568693637847900e-01,-1.495523929595947266e+01,6.456700515747070312e+01
-4.130412936210632324e-01,-4.194561243057250977e-01,-1.495525360107421875e+01,6.457194805145263672e+01
-4.131370782852172852e-01,-4.195148944854736328e-01,-1.495510482788085938e+01,6.457690906524658203e+01
-4.131240248680114746e-01,-4.195111095905303955e-01,-1.495511054992675781e+01,6.458177208900451660e+01
-4.131101369857788086e-01,-4.195088148117065430e-01,-1.495511627197265625e+01,6.458699297904968262e+01
-4.130952358245849609e-01,-4.195095598697662354e-01,-1.495512485504150391e+01,6.459205293655395508e+01
-4.130786955356597900e-01,-4.195131659507751465e-01,-1.495513343811035156e+01,6.459698104858398438e+01
-4.130620956420898438e-01,-4.195220470428466797e-01,-1.495514106750488281e+01,6.460205411911010742e+01
-4.130434691905975342e-01,-4.195292294025421143e-01,-1.495514965057373047e+01,6.460704398155212402e+01
-4.131367206573486328e-01,-4.195435941219329834e-01,-1.495517349243164062e+01,6.461187505722045898e+01
-4.131249189376831055e-01,-4.195393025875091553e-01,-1.495518684387207031e+01,6.461697506904602051e+01
-4.131130576133728027e-01,-4.195369184017181396e-01,-1.495520114898681641e+01,6.462200808525085449e+01
-4.130995869636535645e-01,-4.195351302623748779e-01,-1.495521450042724609e+01,6.462739610671997070e+01
-4.130863249301910400e-01,-4.195399582386016846e-01,-1.495522499084472656e+01,6.463214206695556641e+01
-4.130712151527404785e-01,-4.195424318313598633e-01,-1.495523834228515625e+01,6.463714194297790527e+01
-4.131419956684112549e-01,-4.194618463516235352e-01,-1.495509433746337891e+01,6.464193606376647949e+01
-4.131372570991516113e-01,-4.194662868976593018e-01,-1.495510578155517578e+01,6.464714097976684570e+01
-4.131312966346740723e-01,-4.194703400135040283e-01,-1.495511436462402344e+01,6.465210914611816406e+01
-4.131244421005249023e-01,-4.194743335247039795e-01,-1.495512580871582031e+01,6.465723204612731934e+01
-4.131163060665130615e-01,-4.194776117801666260e-01,-1.495513248443603516e+01,6.466230797767639160e+01
-4.131073355674743652e-01,-4.194821715354919434e-01,-1.495514202117919922e+01,6.466718101501464844e+01
-4.130975306034088135e-01,-4.194878339767456055e-01,-1.495515251159667969e+01,6.467192697525024414e+01
-4.131030738353729248e-01,-4.194327592849731445e-01,-1.495498561859130859e+01,6.467722511291503906e+01
-4.130871295928955078e-01,-4.194289445877075195e-01,-1.495496845245361328e+01,6.468208098411560059e+01
-4.130717515945434570e-01,-4.194301366806030273e-01,-1.495495700836181641e+01,6.468718504905700684e+01
-4.130551815032958984e-01,-4.194334447383880615e-01,-1.495494842529296875e+01,6.469231605529785156e+01
-4.130382239818572998e-01,-4.194444417953491211e-01,-1.495495033264160156e+01,6.469738006591796875e+01
-4.130198657512664795e-01,-4.194532930850982666e-01,-1.495494842529296875e+01,6.470220112800598145e+01
-4.130001664161682129e-01,-4.194630086421966553e-01,-1.495494651794433594e+01,6.470728707313537598e+01
-4.130429923534393311e-01,-4.194155037403106689e-01,-1.495510768890380859e+01,6.471225500106811523e+01
-4.130274951457977295e-01,-4.194169342517852783e-01,-1.495510959625244141e+01,6.471723413467407227e+01
-4.130108654499053955e-01,-4.194158017635345459e-01,-1.495511245727539062e+01,6.472231197357177734e+01
-4.129933416843414307e-01,-4.194117784500122070e-01,-1.495512390136718750e+01,6.472760415077209473e+01
-4.129742383956909180e-01,-4.194099605083465576e-01,-1.495513248443603516e+01,6.473239493370056152e+01
-4.129532873630523682e-01,-4.194100499153137207e-01,-1.495514011383056641e+01,6.473750615119934082e+01
-4.130854606628417969e-01,-4.194180965423583984e-01,-1.495509910583496094e+01,6.474230194091796875e+01
-4.130738377571105957e-01,-4.194279909133911133e-01,-1.495510387420654297e+01,6.474732398986816406e+01
-4.130611121654510498e-01,-4.194406867027282715e-01,-1.495510959625244141e+01,6.475225496292114258e+01
-4.130474328994750977e-01,-4.194557666778564453e-01,-1.495511531829833984e+01,6.475740504264831543e+01
-4.130325615406036377e-01,-4.194617867469787598e-01,-1.495512294769287109e+01,6.476254510879516602e+01
-4.130168855190277100e-01,-4.194761514663696289e-01,-1.495513057708740234e+01,6.476741695404052734e+01
-4.130005538463592529e-01,-4.194916486740112305e-01,-1.495514392852783203e+01,6.477244210243225098e+01
-4.130645692348480225e-01,-4.194364547729492188e-01,-1.495517158508300781e+01,6.477749705314636230e+01
-4.130524098873138428e-01,-4.194444119930267334e-01,-1.495518016815185547e+01,6.478239893913269043e+01
-4.130392074584960938e-01,-4.194526672363281250e-01,-1.495518875122070312e+01,6.478750395774841309e+01
-4.130232036113739014e-01,-4.194512367248535156e-01,-1.495517158508300781e+01,6.479234600067138672e+01
-4.130070507526397705e-01,-4.194572865962982178e-01,-1.495517158508300781e+01,6.479755711555480957e+01
-4.129898548126220703e-01,-4.194643497467041016e-01,-1.495516872406005859e+01,6.480239295959472656e+01
-4.129719734191894531e-01,-4.194746315479278564e-01,-1.495517158508300781e+01,6.480745697021484375e+01
-4.130662083625793457e-01,-4.194137752056121826e-01,-1.495524597167968750e+01,6.481223297119140625e+01
-4.130527377128601074e-01,-4.194206595420837402e-01,-1.495526027679443359e+01,6.481754112243652344e+01
-4.130381941795349121e-01,-4.194231629371643066e-01,-1.495527648925781250e+01,6.482236504554748535e+01
-4.130227267742156982e-01,-4.194300770759582520e-01,-1.495529365539550781e+01,6.482764315605163574e+01
-4.130063354969024658e-01,-4.194377362728118896e-01,-1.495531082153320312e+01,6.483254909515380859e+01
-4.129870533943176270e-01,-4.194496572017669678e-01,-1.495531940460205078e+01,6.483765697479248047e+01
-4.130416810512542725e-01,-4.193329811096191406e-01,-1.495517635345458984e+01,6.484254407882690430e+01
-4.130257666110992432e-01,-4.193330407142639160e-01,-1.495517444610595703e+01,6.484755492210388184e+01
-4.130083918571472168e-01,-4.193335473537445068e-01,-1.495517253875732422e+01,6.485241508483886719e+01
-4.129934310913085938e-01,-4.193412661552429199e-01,-1.495518112182617188e+01,6.485746097564697266e+01
-4.129751920700073242e-01,-4.193448424339294434e-01,-1.495518398284912109e+01,6.486250305175781250e+01
-4.129559099674224854e-01,-4.193482398986816406e-01,-1.495518875122070312e+01,6.486747694015502930e+01
-4.129355847835540771e-01,-4.193485379219055176e-01,-1.495519542694091797e+01,6.487243294715881348e+01
-4.129801094532012939e-01,-4.193233251571655273e-01,-1.495516395568847656e+01,6.487743306159973145e+01
-4.129647910594940186e-01,-4.193319380283355713e-01,-1.495516490936279297e+01,6.488232803344726562e+01
-4.129478931427001953e-01,-4.193321466445922852e-01,-1.495516204833984375e+01,6.488793992996215820e+01
-4.129302501678466797e-01,-4.193400442600250244e-01,-1.495516204833984375e+01,6.489256310462951660e+01
-4.129116833209991455e-01,-4.193491637706756592e-01,-1.495516204833984375e+01,6.489761805534362793e+01
-4.128924608230590820e-01,-4.193639457225799561e-01,-1.495516586303710938e+01,6.490263199806213379e+01
-4.128721952438354492e-01,-4.193769991397857666e-01,-1.495516872406005859e+01,6.490767312049865723e+01
-4.131090939044952393e-01,-4.192343354225158691e-01,-1.495518112182617188e+01,6.491263294219970703e+01
-4.131140410900115967e-01,-4.192332625389099121e-01,-1.495518684387207031e+01,6.491770410537719727e+01
-4.131175279617309570e-01,-4.192346930503845215e-01,-1.495519256591796875e+01,6.492265009880065918e+01
-4.131206274032592773e-01,-4.192372560501098633e-01,-1.495519924163818359e+01,6.492796015739440918e+01
-4.131232202053070068e-01,-4.192415475845336914e-01,-1.495520877838134766e+01,6.493249011039733887e+01
-4.131239950656890869e-01,-4.192407131195068359e-01,-1.495521831512451172e+01,6.493743610382080078e+01
-4.129220545291900635e-01,-4.192084968090057373e-01,-1.495516586303710938e+01,6.494267511367797852e+01
-4.129137098789215088e-01,-4.192165434360504150e-01,-1.495517444610595703e+01,6.494763398170471191e+01
-4.129044413566589355e-01,-4.192256927490234375e-01,-1.495517826080322266e+01,6.495278692245483398e+01
-4.128942787647247314e-01,-4.192340373992919922e-01,-1.495518589019775391e+01,6.495767402648925781e+01
-4.128829836845397949e-01,-4.192418754100799561e-01,-1.495519351959228516e+01,6.496278810501098633e+01
-4.128706157207489014e-01,-4.192469120025634766e-01,-1.495519924163818359e+01,6.496790814399719238e+01
-4.128572642803192139e-01,-4.192542731761932373e-01,-1.495520496368408203e+01,6.497273802757263184e+01
-4.128744006156921387e-01,-4.191877245903015137e-01,-1.495511817932128906e+01,6.497782492637634277e+01
-4.128625690937042236e-01,-4.191905856132507324e-01,-1.495511817932128906e+01,6.498260998725891113e+01
-4.128499031066894531e-01,-4.191950559616088867e-01,-1.495512104034423828e+01,6.498760509490966797e+01
-4.128361642360687256e-01,-4.191998243331909180e-01,-1.495512199401855469e+01,6.499306106567382812e+01
-4.128196537494659424e-01,-4.192053377628326416e-01,-1.495512390136718750e+01,6.499780893325805664e+01
-4.128023684024810791e-01,-4.192113578319549561e-01,-1.495512580871582031e+01,6.500285410881042480e+01
-4.127836227416992188e-01,-4.192185699939727783e-01,-1.495512866973876953e+01,6.500773000717163086e+01
-4.128280878067016602e-01,-4.192173182964324951e-01,-1.495512866973876953e+01,6.501320195198059082e+01
-4.128147065639495850e-01,-4.192236959934234619e-01,-1.495513153076171875e+01,6.501793813705444336e+01
-4.127997159957885742e-01,-4.192329943180084229e-01,-1.495513343811035156e+01,6.502273607254028320e+01
-4.127838015556335449e-01,-4.192440807819366455e-01,-1.495513439178466797e+01,6.502790904045104980e+01
-4.127674400806427002e-01,-4.192478358745574951e-01,-1.495514297485351562e+01,6.503294301033020020e+01
-4.127505421638488770e-01,-4.192539751529693604e-01,-1.495515251159667969e+01,6.503803706169128418e+01
-4.127526283264160156e-01,-4.192765057086944580e-01,-1.495522880554199219e+01,6.504300093650817871e+01
-4.127402007579803467e-01,-4.192799329757690430e-01,-1.495524597167968750e+01,6.504798007011413574e+01
-4.127267003059387207e-01,-4.192867875099182129e-01,-1.495525932312011719e+01,6.505291795730590820e+01
-4.127120673656463623e-01,-4.192948341369628906e-01,-1.495527172088623047e+01,6.505784797668457031e+01
-4.126943051815032959e-01,-4.193047881126403809e-01,-1.495527839660644531e+01,6.506300902366638184e+01
-4.126758873462677002e-01,-4.193150699138641357e-01,-1.495528793334960938e+01,6.506784892082214355e+01
-4.126560389995574951e-01,-4.193264245986938477e-01,-1.495529842376708984e+01,6.507297611236572266e+01
-4.127635657787322998e-01,-4.192270040512084961e-01,-1.495523166656494141e+01,6.507790303230285645e+01
-4.127497375011444092e-01,-4.192338883876800537e-01,-1.495523834228515625e+01,6.508304905891418457e+01
-4.127351343631744385e-01,-4.192414581775665283e-01,-1.495524597167968750e+01,6.508803796768188477e+01
-4.127194583415985107e-01,-4.192496538162231445e-01,-1.495525264739990234e+01,6.509298300743103027e+01
-4.127030670642852783e-01,-4.192580580711364746e-01,-1.495526123046875000e+01,6.509793806076049805e+01
-4.126858413219451904e-01,-4.192669391632080078e-01,-1.495526981353759766e+01,6.510302495956420898e+01
-4.126676321029663086e-01,-4.192771017551422119e-01,-1.495527744293212891e+01,6.510794615745544434e+01
-4.127815663814544678e-01,-4.191910028457641602e-01,-1.495522594451904297e+01,6.511289596557617188e+01
-4.127677381038665771e-01,-4.191987812519073486e-01,-1.495523262023925781e+01,6.511827802658081055e+01
-4.127528965473175049e-01,-4.192079901695251465e-01,-1.495523929595947266e+01,6.512307810783386230e+01
-4.127376079559326172e-01,-4.192247986793518066e-01,-1.495525455474853516e+01,6.512822604179382324e+01
-4.127210676670074463e-01,-4.192366302013397217e-01,-1.495526790618896484e+01,6.513295698165893555e+01
-4.127036035060882568e-01,-4.192481637001037598e-01,-1.495528316497802734e+01,6.513800907135009766e+01
-4.127844274044036865e-01,-4.191154837608337402e-01,-1.495525264739990234e+01,6.514302206039428711e+01
-4.127718210220336914e-01,-4.191174209117889404e-01,-1.495525646209716797e+01,6.514802408218383789e+01
-4.127584099769592285e-01,-4.191195964813232422e-01,-1.495526123046875000e+01,6.515308094024658203e+01
-4.127383232116699219e-01,-4.191228747367858887e-01,-1.495528030395507812e+01,6.515813803672790527e+01
-4.127201437950134277e-01,-4.191189408302307129e-01,-1.495528602600097656e+01,6.516315197944641113e+01
-4.127005934715270996e-01,-4.191125333309173584e-01,-1.495529556274414062e+01,6.516812396049499512e+01
-4.126814305782318115e-01,-4.191055893898010254e-01,-1.495530796051025391e+01,6.517311096191406250e+01
-4.127278625965118408e-01,-4.191290140151977539e-01,-1.495532989501953125e+01,6.517809605598449707e+01
-4.127174913883209229e-01,-4.191366732120513916e-01,-1.495534801483154297e+01,6.518315505981445312e+01
-4.127065241336822510e-01,-4.191431701183319092e-01,-1.495537090301513672e+01,6.518817210197448730e+01
-4.126910269260406494e-01,-4.191346764564514160e-01,-1.495539760589599609e+01,6.519324493408203125e+01
-4.126760661602020264e-01,-4.191384017467498779e-01,-1.495542049407958984e+01,6.519826793670654297e+01
-4.126595556735992432e-01,-4.191439449787139893e-01,-1.495544433593750000e+01,6.520314908027648926e+01
-4.126805663108825684e-01,-4.191081523895263672e-01,-1.495533466339111328e+01,6.520814394950866699e+01
-4.126632213592529297e-01,-4.191064834594726562e-01,-1.495534896850585938e+01,6.521310114860534668e+01
-4.126451909542083740e-01,-4.191037118434906006e-01,-1.495536518096923828e+01,6.521826910972595215e+01
-4.126269817352294922e-01,-4.190953969955444336e-01,-1.495538711547851562e+01,6.522329807281494141e+01
-4.126083552837371826e-01,-4.190918803215026855e-01,-1.495540809631347656e+01,6.522837495803833008e+01
-4.125889539718627930e-01,-4.190884828567504883e-01,-1.495543193817138672e+01,6.523323702812194824e+01
-4.125686883926391602e-01,-4.190932214260101318e-01,-1.495545578002929688e+01,6.523823094367980957e+01
-4.127055108547210693e-01,-4.191350340843200684e-01,-1.495531558990478516e+01,6.524327993392944336e+01
-4.126955270767211914e-01,-4.191397428512573242e-01,-1.495531558990478516e+01,6.524823808670043945e+01
-4.126823544502258301e-01,-4.191408753395080566e-01,-1.495532417297363281e+01,6.525322604179382324e+01
-4.126689136028289795e-01,-4.191447794437408447e-01,-1.495532894134521484e+01,6.525822710990905762e+01
-4.126541018486022949e-01,-4.191484153270721436e-01,-1.495533657073974609e+01,6.526342105865478516e+01
-4.126395881175994873e-01,-4.191510379314422607e-01,-1.495534420013427734e+01,6.526836204528808594e+01
-4.126234352588653564e-01,-4.191540777683258057e-01,-1.495535278320312500e+01,6.527323794364929199e+01
-4.126610457897186279e-01,-4.190358221530914307e-01,-1.495537662506103516e+01,6.527827811241149902e+01
-4.126478433609008789e-01,-4.190291762351989746e-01,-1.495538902282714844e+01,6.528342604637145996e+01
-4.126343429088592529e-01,-4.190219044685363770e-01,-1.495541286468505859e+01,6.528837108612060547e+01
-4.126196205615997314e-01,-4.190160632133483887e-01,-1.495542907714843750e+01,6.529344701766967773e+01
-4.126040041446685791e-01,-4.190106391906738281e-01,-1.495544433593750000e+01,6.529837703704833984e+01
-4.125874042510986328e-01,-4.190122187137603760e-01,-1.495545578002929688e+01,6.530340313911437988e+01
-4.127016961574554443e-01,-4.191046953201293945e-01,-1.495539760589599609e+01,6.530836200714111328e+01
-4.126924872398376465e-01,-4.191089868545532227e-01,-1.495540714263916016e+01,6.531335115432739258e+01
-4.126822948455810547e-01,-4.191196560859680176e-01,-1.495541477203369141e+01,6.531836605072021484e+01
-4.126713275909423828e-01,-4.191274344921112061e-01,-1.495542430877685547e+01,6.532340312004089355e+01
-4.126596450805664062e-01,-4.191372096538543701e-01,-1.495543289184570312e+01,6.532846307754516602e+01
-4.126469194889068604e-01,-4.191461205482482910e-01,-1.495544052124023438e+01,6.533338499069213867e+01
-4.126332998275756836e-01,-4.191563725471496582e-01,-1.495545005798339844e+01,6.533836007118225098e+01
-4.126773774623870850e-01,-4.190286695957183838e-01,-1.495528030395507812e+01,6.534336996078491211e+01
-4.126709699630737305e-01,-4.190284609794616699e-01,-1.495528793334960938e+01,6.534846401214599609e+01
-4.126636981964111328e-01,-4.190273880958557129e-01,-1.495528984069824219e+01,6.535346198081970215e+01
-4.126546680927276611e-01,-4.190239012241363525e-01,-1.495529556274414062e+01,6.535858511924743652e+01
-4.126440882682800293e-01,-4.190179705619812012e-01,-1.495530509948730469e+01,6.536351108551025391e+01
-4.126342833042144775e-01,-4.190205931663513184e-01,-1.495530414581298828e+01,6.536855792999267578e+01
-4.126223325729370117e-01,-4.190172553062438965e-01,-1.495530796051025391e+01,6.537346005439758301e+01
-4.126074016094207764e-01,-4.189591109752655029e-01,-1.495537567138671875e+01,6.537858295440673828e+01
-4.125963151454925537e-01,-4.189597070217132568e-01,-1.495536899566650391e+01,6.538348412513732910e+01
-4.125842750072479248e-01,-4.189570248126983643e-01,-1.495537090301513672e+01,6.538860511779785156e+01
-4.125713109970092773e-01,-4.189543128013610840e-01,-1.495537567138671875e+01,6.539375901222229004e+01
-4.125559926033020020e-01,-4.189509153366088867e-01,-1.495538616180419922e+01,6.539853000640869141e+01
-4.125399887561798096e-01,-4.189478158950805664e-01,-1.495539569854736328e+01,6.540354013442993164e+01
-4.125841856002807617e-01,-4.189502298831939697e-01,-1.495535755157470703e+01,6.540856695175170898e+01
-4.125728607177734375e-01,-4.189546704292297363e-01,-1.495536136627197266e+01,6.541345715522766113e+01
-4.125604629516601562e-01,-4.189596176147460938e-01,-1.495536804199218750e+01,6.541856408119201660e+01
-4.125468730926513672e-01,-4.189633429050445557e-01,-1.495537567138671875e+01,6.542349600791931152e+01
-4.125334918498992920e-01,-4.189653992652893066e-01,-1.495538425445556641e+01,6.542872810363769531e+01
-4.125182628631591797e-01,-4.189687073230743408e-01,-1.495539379119873047e+01,6.543363904953002930e+01
-4.125020802021026611e-01,-4.189725816249847412e-01,-1.495540428161621094e+01,6.543869614601135254e+01
-4.125671684741973877e-01,-4.189605712890625000e-01,-1.495541572570800781e+01,6.544374608993530273e+01
-4.125549495220184326e-01,-4.189693629741668701e-01,-1.495541954040527344e+01,6.544866704940795898e+01
-4.125416576862335205e-01,-4.189813137054443359e-01,-1.495542430877685547e+01,6.545360207557678223e+01
-4.125277698040008545e-01,-4.189950227737426758e-01,-1.495543289184570312e+01,6.545876193046569824e+01
-4.125126600265502930e-01,-4.190001487731933594e-01,-1.495543670654296875e+01,6.546376299858093262e+01
-4.124967455863952637e-01,-4.190090894699096680e-01,-1.495544147491455078e+01,6.546864199638366699e+01
-4.124796986579895020e-01,-4.190163016319274902e-01,-1.495544338226318359e+01,6.547376513481140137e+01
-4.125263094902038574e-01,-4.189403057098388672e-01,-1.495546245574951172e+01,6.547864913940429688e+01
-4.125135838985443115e-01,-4.189451932907104492e-01,-1.495547580718994141e+01,6.548377203941345215e+01
-4.125001132488250732e-01,-4.189504384994506836e-01,-1.495549106597900391e+01,6.548875999450683594e+01
-4.124787151813507080e-01,-4.189496636390686035e-01,-1.495550537109375000e+01,6.549389600753784180e+01
-4.124608039855957031e-01,-4.189579784870147705e-01,-1.495552539825439453e+01,6.549874305725097656e+01
-4.124417006969451904e-01,-4.189686775207519531e-01,-1.495555019378662109e+01,6.550366306304931641e+01
-4.124214351177215576e-01,-4.189862906932830811e-01,-1.495557975769042969e+01,6.550875592231750488e+01
-4.124843180179595947e-01,-4.189308285713195801e-01,-1.495547866821289062e+01,6.551372814178466797e+01
-4.124639928340911865e-01,-4.189340472221374512e-01,-1.495548152923583984e+01,6.551875615119934082e+01
-4.124420881271362305e-01,-4.189288318157196045e-01,-1.495548152923583984e+01,6.552373313903808594e+01
-4.124190509319305420e-01,-4.189304411411285400e-01,-1.495548343658447266e+01,6.552900600433349609e+01
-4.123947322368621826e-01,-4.189328551292419434e-01,-1.495548629760742188e+01,6.553378009796142578e+01
-4.123691916465759277e-01,-4.189359247684478760e-01,-1.495549201965332031e+01,6.553875899314880371e+01
-4.124715626239776611e-01,-4.188824594020843506e-01,-1.495549106597900391e+01,6.554373598098754883e+01
-4.124526381492614746e-01,-4.188857078552246094e-01,-1.495550155639648438e+01,6.554873108863830566e+01
-4.124325513839721680e-01,-4.188892543315887451e-01,-1.495551681518554688e+01,6.555381298065185547e+01
-4.124146699905395508e-01,-4.188950061798095703e-01,-1.495553970336914062e+01,6.555906200408935547e+01
-4.123938381671905518e-01,-4.189016520977020264e-01,-1.495555782318115234e+01,6.556385898590087891e+01
-4.123721122741699219e-01,-4.189102649688720703e-01,-1.495557880401611328e+01,6.556887102127075195e+01
-4.123491644859313965e-01,-4.189209342002868652e-01,-1.495559597015380859e+01,6.557389998435974121e+01
-4.124427735805511475e-01,-4.188793897628784180e-01,-1.495549678802490234e+01,6.557894015312194824e+01
-4.124281108379364014e-01,-4.188814759254455566e-01,-1.495549774169921875e+01,6.558386492729187012e+01
-4.124097228050231934e-01,-4.188862442970275879e-01,-1.495549583435058594e+01,6.558889794349670410e+01
-4.123913347721099854e-01,-4.188908934593200684e-01,-1.495549774169921875e+01,6.559410595893859863e+01
-4.123715460300445557e-01,-4.188974797725677490e-01,-1.495550155639648438e+01,6.559883713722229004e+01
-4.123508036136627197e-01,-4.189078211784362793e-01,-1.495551681518554688e+01,6.560389113426208496e+01
-4.125064611434936523e-01,-4.188902676105499268e-01,-1.495552062988281250e+01,6.560890698432922363e+01
-4.124981760978698730e-01,-4.188976883888244629e-01,-1.495554924011230469e+01,6.561389398574829102e+01
-4.124888777732849121e-01,-4.189004302024841309e-01,-1.495556068420410156e+01,6.561926913261413574e+01
-4.124771952629089355e-01,-4.189046323299407959e-01,-1.495557975769042969e+01,6.562386107444763184e+01
-4.124642014503479004e-01,-4.189078211784362793e-01,-1.495559501647949219e+01,6.562910604476928711e+01
-4.124501645565032959e-01,-4.189103841781616211e-01,-1.495560836791992188e+01,6.563402795791625977e+01
-4.124358892440795898e-01,-4.189203679561614990e-01,-1.495562648773193359e+01,6.563912105560302734e+01
-4.124891161918640137e-01,-4.188868999481201172e-01,-1.495539188385009766e+01,6.564398312568664551e+01
-4.124806523323059082e-01,-4.188948273658752441e-01,-1.495539760589599609e+01,6.564907097816467285e+01
-4.124683141708374023e-01,-4.189101457595825195e-01,-1.495540332794189453e+01,6.565401315689086914e+01
-4.124557673931121826e-01,-4.189210236072540283e-01,-1.495540809631347656e+01,6.565916609764099121e+01
-4.124413728713989258e-01,-4.189327657222747803e-01,-1.495541095733642578e+01,6.566406106948852539e+01
-4.124266803264617920e-01,-4.189402163028717041e-01,-1.495540904998779297e+01,6.566902303695678711e+01
-4.124103188514709473e-01,-4.189502596855163574e-01,-1.495540904998779297e+01,6.567400598526000977e+01
-4.124357998371124268e-01,-4.188574254512786865e-01,-1.495546722412109375e+01,6.567904806137084961e+01
-4.124215543270111084e-01,-4.188655912876129150e-01,-1.495547580718994141e+01,6.568413901329040527e+01
-4.124072194099426270e-01,-4.188706874847412109e-01,-1.495548439025878906e+01,6.568914198875427246e+01
-4.123910665512084961e-01,-4.188765883445739746e-01,-1.495549106597900391e+01,6.569437909126281738e+01
-4.123747646808624268e-01,-4.188833832740783691e-01,-1.495549392700195312e+01,6.569916009902954102e+01
-4.123568236827850342e-01,-4.188910424709320068e-01,-1.495549869537353516e+01,6.570414614677429199e+01
-4.124513268470764160e-01,-4.188425540924072266e-01,-1.495549583435058594e+01,6.570915007591247559e+01
-4.124413430690765381e-01,-4.188537895679473877e-01,-1.495549678802490234e+01,6.571414399147033691e+01
-4.124298989772796631e-01,-4.188646376132965088e-01,-1.495549678802490234e+01,6.571918296813964844e+01
-4.124171137809753418e-01,-4.188757538795471191e-01,-1.495549964904785156e+01,6.572413492202758789e+01
-4.124032557010650635e-01,-4.188851714134216309e-01,-1.495550155639648438e+01,6.572912502288818359e+01
-4.123883545398712158e-01,-4.188890159130096436e-01,-1.495550060272216797e+01,6.573406815528869629e+01
-4.123727977275848389e-01,-4.188950061798095703e-01,-1.495550060272216797e+01,6.573913407325744629e+01
-4.124159216880798340e-01,-4.188578426837921143e-01,-1.495546340942382812e+01,6.574408507347106934e+01
-4.124055206775665283e-01,-4.188676774501800537e-01,-1.495548152923583984e+01,6.574907803535461426e+01
-4.123941063880920410e-01,-4.188784360885620117e-01,-1.495549774169921875e+01,6.575420904159545898e+01
-4.123819768428802490e-01,-4.188905060291290283e-01,-1.495551681518554688e+01,6.575941300392150879e+01
-4.123689234256744385e-01,-4.189046025276184082e-01,-1.495553588867187500e+01,6.576421403884887695e+01
-4.123549461364746094e-01,-4.189188480377197266e-01,-1.495555686950683594e+01,6.576914215087890625e+01
-4.123400747776031494e-01,-4.189332127571105957e-01,-1.495557880401611328e+01,6.577420592308044434e+01
-4.124149978160858154e-01,-4.187690913677215576e-01,-1.495547008514404297e+01,6.577924609184265137e+01
-4.124021828174591064e-01,-4.187719523906707764e-01,-1.495547199249267578e+01,6.578420305252075195e+01
-4.123872518539428711e-01,-4.187737107276916504e-01,-1.495547485351562500e+01,6.578920602798461914e+01
-4.123705327510833740e-01,-4.187741279602050781e-01,-1.495547866821289062e+01,6.579444193840026855e+01
-4.123550355434417725e-01,-4.187814295291900635e-01,-1.495548439025878906e+01,6.579930496215820312e+01
-4.123371243476867676e-01,-4.187849164009094238e-01,-1.495548725128173828e+01,6.580423402786254883e+01
-4.124264419078826904e-01,-4.187217652797698975e-01,-1.495542907714843750e+01,6.580927109718322754e+01
-4.124139547348022461e-01,-4.187256395816802979e-01,-1.495542144775390625e+01,6.581426811218261719e+01
-4.124012887477874756e-01,-4.187289476394653320e-01,-1.495542240142822266e+01,6.581947493553161621e+01
-4.123876988887786865e-01,-4.187313914299011230e-01,-1.495542240142822266e+01,6.582428312301635742e+01
-4.123730957508087158e-01,-4.187315404415130615e-01,-1.495542812347412109e+01,6.582957005500793457e+01
-4.123573005199432373e-01,-4.187325537204742432e-01,-1.495543193817138672e+01,6.583439397811889648e+01
-4.123404324054718018e-01,-4.187333583831787109e-01,-1.495543670654296875e+01,6.583943295478820801e+01
-4.124319851398468018e-01,-4.186761379241943359e-01,-1.495539951324462891e+01,6.584428811073303223e+01
-4.124216735363006592e-01,-4.186820089817047119e-01,-1.495540904998779297e+01,6.584940314292907715e+01
-4.124105870723724365e-01,-4.186883866786956787e-01,-1.495542049407958984e+01,6.585429596900939941e+01
-4.123989343643188477e-01,-4.186973571777343750e-01,-1.495543670654296875e+01,6.585941004753112793e+01
-4.123863577842712402e-01,-4.187058806419372559e-01,-1.495545101165771484e+01,6.586444211006164551e+01
-4.123729765415191650e-01,-4.187161028385162354e-01,-1.495546627044677734e+01,6.586930894851684570e+01
-4.123585522174835205e-01,-4.187262654304504395e-01,-1.495548152923583984e+01,6.587442994117736816e+01
-4.124054014682769775e-01,-4.186498224735260010e-01,-1.495546245574951172e+01,6.587938308715820312e+01
-4.123973548412322998e-01,-4.186481833457946777e-01,-1.495547103881835938e+01,6.588428997993469238e+01
-4.123884439468383789e-01,-4.186470210552215576e-01,-1.495548057556152344e+01,6.588944292068481445e+01
-4.123759567737579346e-01,-4.186580479145050049e-01,-1.495550346374511719e+01,6.589440798759460449e+01
-4.123633503913879395e-01,-4.186600148677825928e-01,-1.495551872253417969e+01,6.589950513839721680e+01
-4.123496115207672119e-01,-4.186602830886840820e-01,-1.495553684234619141e+01,6.590461397171020508e+01
-4.124635457992553711e-01,-4.185377061367034912e-01,-1.495542049407958984e+01,6.590929794311523438e+01
-4.124641716480255127e-01,-4.185495972633361816e-01,-1.495542621612548828e+01,6.591444492340087891e+01
-4.124636352062225342e-01,-4.185636341571807861e-01,-1.495543479919433594e+01,6.591947102546691895e+01
-4.124595820903778076e-01,-4.185779392719268799e-01,-1.495545291900634766e+01,6.592428207397460938e+01
-4.124550819396972656e-01,-4.185918569564819336e-01,-1.495546627044677734e+01,6.592957496643066406e+01
-4.124489724636077881e-01,-4.186066687107086182e-01,-1.495548152923583984e+01,6.593428397178649902e+01
-4.124411344528198242e-01,-4.186197817325592041e-01,-1.495549583435058594e+01,6.593947601318359375e+01
-4.124460518360137939e-01,-4.185140132904052734e-01,-1.495549488067626953e+01,6.594428300857543945e+01
-4.124348759651184082e-01,-4.185215830802917480e-01,-1.495551013946533203e+01,6.594957304000854492e+01
-4.124244749546051025e-01,-4.185246527194976807e-01,-1.495551776885986328e+01,6.595441412925720215e+01
-4.124121665954589844e-01,-4.185291826725006104e-01,-1.495553112030029297e+01,6.595979499816894531e+01
-4.123987555503845215e-01,-4.185341894626617432e-01,-1.495554542541503906e+01,6.596457505226135254e+01
-4.123842716217041016e-01,-4.185416698455810547e-01,-1.495556163787841797e+01,6.596958494186401367e+01
-4.123946726322174072e-01,-4.184675216674804688e-01,-1.495546150207519531e+01,6.597457909584045410e+01
-4.123812317848205566e-01,-4.184767007827758789e-01,-1.495547294616699219e+01,6.597957897186279297e+01
-4.123677909374237061e-01,-4.184885323047637939e-01,-1.495548725128173828e+01,6.598440909385681152e+01
-4.123541712760925293e-01,-4.184987246990203857e-01,-1.495550155639648438e+01,6.598957514762878418e+01
-4.123398661613464355e-01,-4.185103774070739746e-01,-1.495551681518554688e+01,6.599467897415161133e+01
-4.123247265815734863e-01,-4.185228645801544189e-01,-1.495553302764892578e+01,6.599958109855651855e+01
-4.123066663742065430e-01,-4.185326993465423584e-01,-1.495554542541503906e+01,6.600441098213195801e+01
-4.123923480510711670e-01,-4.183613359928131104e-01,-1.495544815063476562e+01,6.600958514213562012e+01
-4.123800694942474365e-01,-4.183642566204071045e-01,-1.495545291900634766e+01,6.601456809043884277e+01
-4.123671054840087891e-01,-4.183740913867950439e-01,-1.495547199249267578e+01,6.601975107192993164e+01
-4.123521745204925537e-01,-4.183794558048248291e-01,-1.495548343658447266e+01,6.602457094192504883e+01
-4.123358726501464844e-01,-4.183845520019531250e-01,-1.495549678802490234e+01,6.602974605560302734e+01
-4.123194217681884766e-01,-4.183816909790039062e-01,-1.495550441741943359e+01,6.603471207618713379e+01
-4.123016297817230225e-01,-4.183822274208068848e-01,-1.495551586151123047e+01,6.603971600532531738e+01
-4.123848080635070801e-01,-4.183605611324310303e-01,-1.495539283752441406e+01,6.604453396797180176e+01
-4.123728275299072266e-01,-4.183607399463653564e-01,-1.495539569854736328e+01,6.605003905296325684e+01
-4.123601913452148438e-01,-4.183601438999176025e-01,-1.495540332794189453e+01,6.605472993850708008e+01
-4.123469889163970947e-01,-4.183605909347534180e-01,-1.495541477203369141e+01,6.606000804901123047e+01
-4.123328030109405518e-01,-4.183612763881683350e-01,-1.495543098449707031e+01,6.606468009948730469e+01
-4.123144149780273438e-01,-4.183635711669921875e-01,-1.495543384552001953e+01,6.606976008415222168e+01
-4.124115407466888428e-01,-4.184239208698272705e-01,-1.495543098449707031e+01,6.607475304603576660e+01
-4.123992323875427246e-01,-4.184249937534332275e-01,-1.495544433593750000e+01,6.607976007461547852e+01
-4.123855829238891602e-01,-4.184170365333557129e-01,-1.495546436309814453e+01,6.608483314514160156e+01
-4.123707711696624756e-01,-4.184162318706512451e-01,-1.495548248291015625e+01,6.608992815017700195e+01
-4.123543798923492432e-01,-4.184167981147766113e-01,-1.495550251007080078e+01,6.609481596946716309e+01
-4.123382568359375000e-01,-4.184275269508361816e-01,-1.495552158355712891e+01,6.609990096092224121e+01
-4.123209416866302490e-01,-4.184341132640838623e-01,-1.495554256439208984e+01,6.610483694076538086e+01
-4.123218357563018799e-01,-4.184771180152893066e-01,-1.495535182952880859e+01,6.610990715026855469e+01
-4.123114645481109619e-01,-4.184808433055877686e-01,-1.495536708831787109e+01,6.611478996276855469e+01
-4.123004078865051270e-01,-4.184794425964355469e-01,-1.495537948608398438e+01,6.611992597579956055e+01
-4.122880995273590088e-01,-4.184764921665191650e-01,-1.495539188385009766e+01,6.612488794326782227e+01
-4.122740030288696289e-01,-4.184710681438446045e-01,-1.495539951324462891e+01,6.612991905212402344e+01
-4.122588038444519043e-01,-4.184677004814147949e-01,-1.495541191101074219e+01,6.613495206832885742e+01
-4.122424125671386719e-01,-4.184633493423461914e-01,-1.495542335510253906e+01,6.613986992835998535e+01
-4.122301340103149414e-01,-4.184539616107940674e-01,-1.495534801483154297e+01,6.614482903480529785e+01
-4.122153818607330322e-01,-4.184714555740356445e-01,-1.495537281036376953e+01,6.615001893043518066e+01
-4.122011661529541016e-01,-4.184847176074981689e-01,-1.495538806915283203e+01,6.615471911430358887e+01
-4.121859371662139893e-01,-4.184995889663696289e-01,-1.495540428161621094e+01,6.616009807586669922e+01
-4.121709764003753662e-01,-4.185124337673187256e-01,-1.495541763305664062e+01,6.616499209403991699e+01
-4.121544957160949707e-01,-4.185276925563812256e-01,-1.495543479919433594e+01,6.617002701759338379e+01
-4.122177958488464355e-01,-4.184305667877197266e-01,-1.495540046691894531e+01,6.617485094070434570e+01
-4.122052490711212158e-01,-4.184401631355285645e-01,-1.495541858673095703e+01,6.618003511428833008e+01
-4.121914505958557129e-01,-4.184464514255523682e-01,-1.495543766021728516e+01,6.618496012687683105e+01
-4.121768176555633545e-01,-4.184517264366149902e-01,-1.495545959472656250e+01,6.619007396697998047e+01
-4.121595323085784912e-01,-4.184522926807403564e-01,-1.495548057556152344e+01,6.619530010223388672e+01
-4.121417999267578125e-01,-4.184552133083343506e-01,-1.495550441741943359e+01,6.619982910156250000e+01
-4.121227562427520752e-01,-4.184579551219940186e-01,-1.495553112030029297e+01,6.620484209060668945e+01
-4.121904671192169189e-01,-4.183662235736846924e-01,-1.495535469055175781e+01,6.621005511283874512e+01
-4.121799767017364502e-01,-4.183735251426696777e-01,-1.495535469055175781e+01,6.621489405632019043e+01
-4.121696650981903076e-01,-4.183846712112426758e-01,-1.495535469055175781e+01,6.622012400627136230e+01
-4.121570885181427002e-01,-4.184006452560424805e-01,-1.495534324645996094e+01,6.622553300857543945e+01
-4.121442437171936035e-01,-4.184159338474273682e-01,-1.495533943176269531e+01,6.623004913330078125e+01
-4.121298193931579590e-01,-4.184304177761077881e-01,-1.495533847808837891e+01,6.623505401611328125e+01
-4.121139049530029297e-01,-4.184446930885314941e-01,-1.495533752441406250e+01,6.624013400077819824e+01
-4.122285842895507812e-01,-4.183485805988311768e-01,-1.495534896850585938e+01,6.624512696266174316e+01
-4.122177064418792725e-01,-4.183560013771057129e-01,-1.495534610748291016e+01,6.625013208389282227e+01
-4.122057557106018066e-01,-4.183637201786041260e-01,-1.495534515380859375e+01,6.625519394874572754e+01
-4.121867120265960693e-01,-4.183852970600128174e-01,-1.495536136627197266e+01,6.626050996780395508e+01
-4.121703803539276123e-01,-4.183934330940246582e-01,-1.495536231994628906e+01,6.626519203186035156e+01
-4.121527373790740967e-01,-4.184020459651947021e-01,-1.495536327362060547e+01,6.627033901214599609e+01
-4.121652841567993164e-01,-4.182973206043243408e-01,-1.495543098449707031e+01,6.627540898323059082e+01
-4.121511876583099365e-01,-4.183050394058227539e-01,-1.495544338226318359e+01,6.628014206886291504e+01
-4.121363162994384766e-01,-4.183137714862823486e-01,-1.495545768737792969e+01,6.628526115417480469e+01
-4.121174812316894531e-01,-4.183183908462524414e-01,-1.495546245574951172e+01,6.629029393196105957e+01
-4.120990335941314697e-01,-4.183284342288970947e-01,-1.495547199249267578e+01,6.629536700248718262e+01
-4.120791852474212646e-01,-4.183410406112670898e-01,-1.495548152923583984e+01,6.630030107498168945e+01
-4.120581746101379395e-01,-4.183599948883056641e-01,-1.495549678802490234e+01,6.630528306961059570e+01
-4.121942520141601562e-01,-4.182458221912384033e-01,-1.495538997650146484e+01,6.631028699874877930e+01
-4.121941626071929932e-01,-4.182481169700622559e-01,-1.495538902282714844e+01,6.631533002853393555e+01
-4.121935367584228516e-01,-4.182520806789398193e-01,-1.495538997650146484e+01,6.632031297683715820e+01
-4.121926724910736084e-01,-4.182627797126770020e-01,-1.495539093017578125e+01,6.632536196708679199e+01
-4.121907055377960205e-01,-4.182688593864440918e-01,-1.495539569854736328e+01,6.633036708831787109e+01
-4.121862947940826416e-01,-4.182745814323425293e-01,-1.495540237426757812e+01,6.633531498908996582e+01
-4.121806025505065918e-01,-4.182776510715484619e-01,-1.495540809631347656e+01,6.634029507637023926e+01
-4.121327698230743408e-01,-4.182585179805755615e-01,-1.495529174804687500e+01,6.634516000747680664e+01
-4.121292531490325928e-01,-4.182615280151367188e-01,-1.495528602600097656e+01,6.635032796859741211e+01
-4.121220707893371582e-01,-4.182636141777038574e-01,-1.495528221130371094e+01,6.635542511940002441e+01
-4.121147990226745605e-01,-4.182671904563903809e-01,-1.495527839660644531e+01,6.636039495468139648e+01
-4.121061861515045166e-01,-4.182717502117156982e-01,-1.495527648925781250e+01,6.636521911621093750e+01
-4.120983779430389404e-01,-4.182775914669036865e-01,-1.495528507232666016e+01,6.637041306495666504e+01
-4.120338559150695801e-01,-4.182530939579010010e-01,-1.495517158508300781e+01,6.637539911270141602e+01
-4.120217859745025635e-01,-4.182523787021636963e-01,-1.495517444610595703e+01,6.638038611412048340e+01
-4.120054244995117188e-01,-4.182550311088562012e-01,-1.495516109466552734e+01,6.638536095619201660e+01
-4.119890034198760986e-01,-4.182566106319427490e-01,-1.495515537261962891e+01,6.639033603668212891e+01
-4.119708538055419922e-01,-4.182589352130889893e-01,-1.495514488220214844e+01,6.639550805091857910e+01
-4.119510948657989502e-01,-4.182613790035247803e-01,-1.495513057708740234e+01,6.640031814575195312e+01
-4.119305908679962158e-01,-4.182661771774291992e-01,-1.495513153076171875e+01,6.640538096427917480e+01
-4.120148122310638428e-01,-4.182558357715606689e-01,-1.495522022247314453e+01,6.641034102439880371e+01
-4.120002686977386475e-01,-4.182600677013397217e-01,-1.495522308349609375e+01,6.641532397270202637e+01
-4.119869768619537354e-01,-4.182616472244262695e-01,-1.495522403717041016e+01,6.642050695419311523e+01
-4.119706153869628906e-01,-4.182644486427307129e-01,-1.495522880554199219e+01,6.642550706863403320e+01
-4.119530916213989258e-01,-4.182657599449157715e-01,-1.495523643493652344e+01,6.643051600456237793e+01
-4.119349718093872070e-01,-4.182644188404083252e-01,-1.495525550842285156e+01,6.643554306030273438e+01
-4.119158983230590820e-01,-4.182641506195068359e-01,-1.495527267456054688e+01,6.644049406051635742e+01
-4.119338095188140869e-01,-4.181945919990539551e-01,-1.495518112182617188e+01,6.644549894332885742e+01
-4.119161963462829590e-01,-4.182008504867553711e-01,-1.495518207550048828e+01,6.645047593116760254e+01
-4.118985533714294434e-01,-4.182077348232269287e-01,-1.495518302917480469e+01,6.645543813705444336e+01
-4.118793010711669922e-01,-4.182141721248626709e-01,-1.495518684387207031e+01,6.646082496643066406e+01
-4.118601679801940918e-01,-4.182156920433044434e-01,-1.495519351959228516e+01,6.646553206443786621e+01
-4.118395149707794189e-01,-4.182198941707611084e-01,-1.495520019531250000e+01,6.647041702270507812e+01
-4.119598865509033203e-01,-4.181259870529174805e-01,-1.495515060424804688e+01,6.647555303573608398e+01
-4.119529128074645996e-01,-4.181267321109771729e-01,-1.495515060424804688e+01,6.648066711425781250e+01
-4.119441509246826172e-01,-4.181228876113891602e-01,-1.495514583587646484e+01,6.648549103736877441e+01
-4.119344353675842285e-01,-4.181179404258728027e-01,-1.495513820648193359e+01,6.649051213264465332e+01
-4.119241237640380859e-01,-4.181134402751922607e-01,-1.495512962341308594e+01,6.649563193321228027e+01
-4.119135439395904541e-01,-4.181137681007385254e-01,-1.495512771606445312e+01,6.650062394142150879e+01
-4.119020998477935791e-01,-4.181139171123504639e-01,-1.495512485504150391e+01,6.650561809539794922e+01
-4.119908213615417480e-01,-4.181784987449645996e-01,-1.495531463623046875e+01,6.651065492630004883e+01
-4.119870066642761230e-01,-4.181877672672271729e-01,-1.495532321929931641e+01,6.651563596725463867e+01
-4.119820296764373779e-01,-4.181940257549285889e-01,-1.495533275604248047e+01,6.652063703536987305e+01
-4.119755327701568604e-01,-4.182005524635314941e-01,-1.495534133911132812e+01,6.652572393417358398e+01
-4.119672477245330811e-01,-4.182066321372985840e-01,-1.495534801483154297e+01,6.653072714805603027e+01
-4.119578003883361816e-01,-4.182136058807373047e-01,-1.495535659790039062e+01,6.653559613227844238e+01
-4.119477570056915283e-01,-4.182208776473999023e-01,-1.495536613464355469e+01,6.654066300392150879e+01
-4.119279980659484863e-01,-4.181844592094421387e-01,-1.495535469055175781e+01,6.654560899734497070e+01
-4.119201004505157471e-01,-4.181900322437286377e-01,-1.495536613464355469e+01,6.655088901519775391e+01
-4.119111299514770508e-01,-4.181963205337524414e-01,-1.495537853240966797e+01,6.655567502975463867e+01
-4.118996560573577881e-01,-4.182026684284210205e-01,-1.495539188385009766e+01,6.656090903282165527e+01
-4.118874967098236084e-01,-4.182094335556030273e-01,-1.495540332794189453e+01,6.656575298309326172e+01
-4.118737280368804932e-01,-4.182172715663909912e-01,-1.495541477203369141e+01,6.657060408592224121e+01
-4.119251370429992676e-01,-4.181570708751678467e-01,-1.495541286468505859e+01,6.657562398910522461e+01
-4.119144678115844727e-01,-4.181636869907379150e-01,-1.495540523529052734e+01,6.658074092864990234e+01
-4.119013249874114990e-01,-4.181677103042602539e-01,-1.495541095733642578e+01,6.658575010299682617e+01
-4.118874073028564453e-01,-4.181720912456512451e-01,-1.495541667938232422e+01,6.659071111679077148e+01
-4.118727445602416992e-01,-4.181760251522064209e-01,-1.495542526245117188e+01,6.659582614898681641e+01
-4.118569195270538330e-01,-4.181809127330780029e-01,-1.495543289184570312e+01,6.660093593597412109e+01
-4.118400812149047852e-01,-4.181870818138122559e-01,-1.495544242858886719e+01,6.660580110549926758e+01
-4.119115471839904785e-01,-4.181437194347381592e-01,-1.495533275604248047e+01,6.661070799827575684e+01
-4.118998944759368896e-01,-4.181478619575500488e-01,-1.495534324645996094e+01,6.661587500572204590e+01
-4.118868410587310791e-01,-4.181527495384216309e-01,-1.495535564422607422e+01,6.662094998359680176e+01
-4.118720293045043945e-01,-4.181571006774902344e-01,-1.495536231994628906e+01,6.662605714797973633e+01
-4.118562340736389160e-01,-4.181625247001647949e-01,-1.495537185668945312e+01,6.663099598884582520e+01
-4.118395745754241943e-01,-4.181674718856811523e-01,-1.495538234710693359e+01,6.663593101501464844e+01
-4.118206799030303955e-01,-4.181737005710601807e-01,-1.495540237426757812e+01,6.664091110229492188e+01
-4.119386672973632812e-01,-4.180645048618316650e-01,-1.495535278320312500e+01,6.664582109451293945e+01
-4.119268655776977539e-01,-4.180707335472106934e-01,-1.495535850524902344e+01,6.665087294578552246e+01
-4.119156599044799805e-01,-4.180796742439270020e-01,-1.495535659790039062e+01,6.665659594535827637e+01
-4.119021296501159668e-01,-4.180901646614074707e-01,-1.495536327362060547e+01,6.666115593910217285e+01
-4.118873476982116699e-01,-4.181047379970550537e-01,-1.495537185668945312e+01,6.666590905189514160e+01
-4.118714630603790283e-01,-4.181235432624816895e-01,-1.495538043975830078e+01,6.667082500457763672e+01
-4.119287729263305664e-01,-4.180242121219635010e-01,-1.495530223846435547e+01,6.667652392387390137e+01
-4.119157791137695312e-01,-4.180338680744171143e-01,-1.495530033111572266e+01,6.668091511726379395e+01
-4.119018018245697021e-01,-4.180450141429901123e-01,-1.495529556274414062e+01,6.668655204772949219e+01
-4.118861854076385498e-01,-4.180504083633422852e-01,-1.495527648925781250e+01,6.669102811813354492e+01
-4.118701517581939697e-01,-4.180593490600585938e-01,-1.495526885986328125e+01,6.669589495658874512e+01
-4.118529856204986572e-01,-4.180669486522674561e-01,-1.495526123046875000e+01,6.670107007026672363e+01
-4.118351936340332031e-01,-4.180702269077301025e-01,-1.495526409149169922e+01,6.670588707923889160e+01
-4.119678437709808350e-01,-4.181351959705352783e-01,-1.495529365539550781e+01,6.671103906631469727e+01
-4.119561612606048584e-01,-4.181452691555023193e-01,-1.495529651641845703e+01,6.671588492393493652e+01
-4.119435250759124756e-01,-4.181526601314544678e-01,-1.495530319213867188e+01,6.672098398208618164e+01
-4.119300544261932373e-01,-4.181634187698364258e-01,-1.495531082153320312e+01,6.672644615173339844e+01
-4.119158685207366943e-01,-4.181753396987915039e-01,-1.495532226562500000e+01,6.673121309280395508e+01
-4.118995070457458496e-01,-4.181895256042480469e-01,-1.495534420013427734e+01,6.673594212532043457e+01
-4.118822813034057617e-01,-4.182036519050598145e-01,-1.495536327362060547e+01,6.674118614196777344e+01
-4.120575487613677979e-01,-4.182169735431671143e-01,-1.495528030395507812e+01,6.674588704109191895e+01
-4.120500087738037109e-01,-4.182214140892028809e-01,-1.495528507232666016e+01,6.675120306015014648e+01
-4.120416045188903809e-01,-4.182278811931610107e-01,-1.495529079437255859e+01,6.675637292861938477e+01
-4.120320379734039307e-01,-4.182336628437042236e-01,-1.495529270172119141e+01,6.676115512847900391e+01
-4.120221436023712158e-01,-4.182394742965698242e-01,-1.495529556274414062e+01,6.676662302017211914e+01
-4.120111167430877686e-01,-4.182420372962951660e-01,-1.495530128479003906e+01,6.677116394042968750e+01
-4.120326042175292969e-01,-4.181788265705108643e-01,-1.495535564422607422e+01,6.677612113952636719e+01
-4.120251834392547607e-01,-4.181902408599853516e-01,-1.495536231994628906e+01,6.678118395805358887e+01
-4.120190441608428955e-01,-4.182017743587493896e-01,-1.495536518096923828e+01,6.678662109375000000e+01
-4.120105803012847900e-01,-4.182136356830596924e-01,-1.495537376403808594e+01,6.679109406471252441e+01
-4.120011031627655029e-01,-4.182254672050476074e-01,-1.495538139343261719e+01,6.679623103141784668e+01
-4.119906425476074219e-01,-4.182327985763549805e-01,-1.495539188385009766e+01,6.680121207237243652e+01
-4.119791686534881592e-01,-4.182426631450653076e-01,-1.495540142059326172e+01,6.680630707740783691e+01
-4.120129346847534180e-01,-4.181189835071563721e-01,-1.495534896850585938e+01,6.681125092506408691e+01
-4.120003581047058105e-01,-4.181264936923980713e-01,-1.495535278320312500e+01,6.681632208824157715e+01
-4.119878113269805908e-01,-4.181349277496337891e-01,-1.495535564422607422e+01,6.682120609283447266e+01
-4.119738638401031494e-01,-4.181467890739440918e-01,-1.495535564422607422e+01,6.682646703720092773e+01
-4.119583368301391602e-01,-4.181615114212036133e-01,-1.495535087585449219e+01,6.683128714561462402e+01
-4.119441807270050049e-01,-4.181657135486602783e-01,-1.495535945892333984e+01,6.683651995658874512e+01
-4.119693934917449951e-01,-4.180781245231628418e-01,-1.495534420013427734e+01,6.684132003784179688e+01
-4.119521677494049072e-01,-4.180864393711090088e-01,-1.495533084869384766e+01,6.684658813476562500e+01
-4.119317829608917236e-01,-4.181008636951446533e-01,-1.495532226562500000e+01,6.685131597518920898e+01
-4.119125306606292725e-01,-4.181117713451385498e-01,-1.495531272888183594e+01,6.685626196861267090e+01
-4.118922054767608643e-01,-4.181244075298309326e-01,-1.495530414581298828e+01,6.686137199401855469e+01
-4.118725061416625977e-01,-4.181354343891143799e-01,-1.495530414581298828e+01,6.686649203300476074e+01
-4.118511080741882324e-01,-4.181477725505828857e-01,-1.495530033111572266e+01,6.687128996849060059e+01
-4.120032489299774170e-01,-4.181052744388580322e-01,-1.495540904998779297e+01,6.687655711174011230e+01
-4.119918048381805420e-01,-4.181088209152221680e-01,-1.495541286468505859e+01,6.688116407394409180e+01
-4.119794070720672607e-01,-4.181102514266967773e-01,-1.495541954040527344e+01,6.688658595085144043e+01
-4.119661450386047363e-01,-4.181125164031982422e-01,-1.495542716979980469e+01,6.689141607284545898e+01
-4.119506776332855225e-01,-4.181159734725952148e-01,-1.495544338226318359e+01,6.689653110504150391e+01
-4.119343757629394531e-01,-4.181191027164459229e-01,-1.495545673370361328e+01,6.690149307250976562e+01
-4.119166135787963867e-01,-4.181216657161712646e-01,-1.495547199249267578e+01,6.690661501884460449e+01
-4.119363725185394287e-01,-4.181014895439147949e-01,-1.495539379119873047e+01,6.691152906417846680e+01
-4.119196534156799316e-01,-4.181046187877655029e-01,-1.495539569854736328e+01,6.691663599014282227e+01
-4.119013249874114990e-01,-4.181085228919982910e-01,-1.495539855957031250e+01,6.692145109176635742e+01
-4.118811786174774170e-01,-4.181139469146728516e-01,-1.495539951324462891e+01,6.692671608924865723e+01
-4.118623435497283936e-01,-4.181186556816101074e-01,-1.495540618896484375e+01,6.693157505989074707e+01
-4.118410944938659668e-01,-4.181231558322906494e-01,-1.495540714263916016e+01,6.693660998344421387e+01
-4.119687676429748535e-01,-4.181122481822967529e-01,-1.495538806915283203e+01,6.694144511222839355e+01
-4.119600653648376465e-01,-4.181184768676757812e-01,-1.495539665222167969e+01,6.694658398628234863e+01
-4.119504988193511963e-01,-4.181257188320159912e-01,-1.495540237426757812e+01,6.695156908035278320e+01
-4.119401276111602783e-01,-4.181325435638427734e-01,-1.495540809631347656e+01,6.695675611495971680e+01
-4.119267463684082031e-01,-4.181369245052337646e-01,-1.495540904998779297e+01,6.696169495582580566e+01
-4.119124710559844971e-01,-4.181420505046844482e-01,-1.495541381835937500e+01,6.696669411659240723e+01
-4.118966460227966309e-01,-4.181461930274963379e-01,-1.495542049407958984e+01,6.697157907485961914e+01
-4.119190871715545654e-01,-4.180700182914733887e-01,-1.495545101165771484e+01,6.697674202919006348e+01
-4.119081199169158936e-01,-4.180722534656524658e-01,-1.495546436309814453e+01,6.698158097267150879e+01
-4.118961989879608154e-01,-4.180744886398315430e-01,-1.495547866821289062e+01,6.698667001724243164e+01
-4.118811786174774170e-01,-4.180824458599090576e-01,-1.495548534393310547e+01,6.699152803421020508e+01
-4.118656814098358154e-01,-4.180879592895507812e-01,-1.495549678802490234e+01,6.699680113792419434e+01
-4.118488729000091553e-01,-4.180932343006134033e-01,-1.495550823211669922e+01,6.700151395797729492e+01
-4.119418561458587646e-01,-4.180442094802856445e-01,-1.495540237426757812e+01,6.700680613517761230e+01
-4.119217097759246826e-01,-4.180432558059692383e-01,-1.495542144775390625e+01,6.701149106025695801e+01
-4.119139015674591064e-01,-4.180426299571990967e-01,-1.495542812347412109e+01,6.701669907569885254e+01
-4.119055569171905518e-01,-4.180400967597961426e-01,-1.495543956756591797e+01,6.702161598205566406e+01
-4.118948280811309814e-01,-4.180389046669006348e-01,-1.495545578002929688e+01,6.702682805061340332e+01
-4.118835330009460449e-01,-4.180375039577484131e-01,-1.495547389984130859e+01,6.703148412704467773e+01
-4.118707776069641113e-01,-4.180367887020111084e-01,-1.495549106597900391e+01,6.703668308258056641e+01
-4.118130207061767578e-01,-4.180506765842437744e-01,-1.495539855957031250e+01,6.704170298576354980e+01
-4.117985665798187256e-01,-4.180519878864288330e-01,-1.495540714263916016e+01,6.704674911499023438e+01
-4.117825329303741455e-01,-4.180532395839691162e-01,-1.495541858673095703e+01,6.705161309242248535e+01
-4.117674529552459717e-01,-4.180494844913482666e-01,-1.495541954040527344e+01,6.705688595771789551e+01
-4.117505848407745361e-01,-4.180491864681243896e-01,-1.495542526245117188e+01,6.706202197074890137e+01
-4.117326736450195312e-01,-4.180487692356109619e-01,-1.495542907714843750e+01,6.706704902648925781e+01
-4.117137491703033447e-01,-4.180521667003631592e-01,-1.495542907714843750e+01,6.707165408134460449e+01
-4.118023216724395752e-01,-4.180519878864288330e-01,-1.495546054840087891e+01,6.707703614234924316e+01
-4.117908179759979248e-01,-4.180594384670257568e-01,-1.495547294616699219e+01,6.708176398277282715e+01
-4.117778837680816650e-01,-4.180613458156585693e-01,-1.495548057556152344e+01,6.708741712570190430e+01
-4.117644429206848145e-01,-4.180671274662017822e-01,-1.495548915863037109e+01,6.709166312217712402e+01
-4.117501974105834961e-01,-4.180711805820465088e-01,-1.495549774169921875e+01,6.709691810607910156e+01
-4.117350876331329346e-01,-4.180754721164703369e-01,-1.495550823211669922e+01,6.710183596611022949e+01
-4.117165207862854004e-01,-4.180834591388702393e-01,-1.495551872253417969e+01,6.710683703422546387e+01
-4.117809236049652100e-01,-4.180084764957427979e-01,-1.495545005798339844e+01,6.711179614067077637e+01
-4.117647409439086914e-01,-4.180141091346740723e-01,-1.495545959472656250e+01,6.711686706542968750e+01
-4.117466807365417480e-01,-4.180163443088531494e-01,-1.495546913146972656e+01,6.712177205085754395e+01
-4.117273092269897461e-01,-4.180224537849426270e-01,-1.495547866821289062e+01,6.712706494331359863e+01
-4.117065966129302979e-01,-4.180295467376708984e-01,-1.495548629760742188e+01,6.713189411163330078e+01
-4.116860926151275635e-01,-4.180384278297424316e-01,-1.495548915863037109e+01,6.713700509071350098e+01
-4.118157923221588135e-01,-4.179672300815582275e-01,-1.495547676086425781e+01,6.714179611206054688e+01
-4.118043482303619385e-01,-4.179727435111999512e-01,-1.495549011230468750e+01,6.714703297615051270e+01
-4.117895066738128662e-01,-4.179818630218505859e-01,-1.495550060272216797e+01,6.715194702148437500e+01
-4.117750823497772217e-01,-4.179903864860534668e-01,-1.495551300048828125e+01,6.715710401535034180e+01
-4.117593169212341309e-01,-4.180004596710205078e-01,-1.495552539825439453e+01,6.716206312179565430e+01
-4.117436110973358154e-01,-4.180085361003875732e-01,-1.495553874969482422e+01,6.716705012321472168e+01
-4.117262661457061768e-01,-4.180180430412292480e-01,-1.495555210113525391e+01,6.717187213897705078e+01
-4.118429124355316162e-01,-4.179365336894989014e-01,-1.495550155639648438e+01,6.717672896385192871e+01
-4.118370711803436279e-01,-4.179358184337615967e-01,-1.495551395416259766e+01,6.718196105957031250e+01
-4.118272662162780762e-01,-4.179399013519287109e-01,-1.495553398132324219e+01,6.718713212013244629e+01
-4.118178784847259521e-01,-4.179414212703704834e-01,-1.495555114746093750e+01,6.719207596778869629e+01
-4.118073284626007080e-01,-4.179433286190032959e-01,-1.495557403564453125e+01,6.719712305068969727e+01
-4.117974638938903809e-01,-4.179458320140838623e-01,-1.495560169219970703e+01,6.720194292068481445e+01
-4.117860496044158936e-01,-4.179494678974151611e-01,-1.495563030242919922e+01,6.720702314376831055e+01
-4.117690026760101318e-01,-4.179100692272186279e-01,-1.495547485351562500e+01,6.721192407608032227e+01
-4.117613732814788818e-01,-4.179175496101379395e-01,-1.495547962188720703e+01,6.721707701683044434e+01
-4.117526113986968994e-01,-4.179264307022094727e-01,-1.495547294616699219e+01,6.722194910049438477e+01
-4.117427766323089600e-01,-4.179374277591705322e-01,-1.495546436309814453e+01,6.722729992866516113e+01
-4.117316901683807373e-01,-4.179485440254211426e-01,-1.495545101165771484e+01,6.723203396797180176e+01
-4.117196798324584961e-01,-4.179603457450866699e-01,-1.495544147491455078e+01,6.723698902130126953e+01
-4.117383062839508057e-01,-4.179418683052062988e-01,-1.495559215545654297e+01,6.724196910858154297e+01
-4.117268919944763184e-01,-4.179459214210510254e-01,-1.495559787750244141e+01,6.724697208404541016e+01
-4.117146432399749756e-01,-4.179499447345733643e-01,-1.495560836791992188e+01,6.725196695327758789e+01
-4.117014706134796143e-01,-4.179537594318389893e-01,-1.495561790466308594e+01,6.725704407691955566e+01
-4.116860628128051758e-01,-4.179582595825195312e-01,-1.495563411712646484e+01,6.726252913475036621e+01
-4.116699099540710449e-01,-4.179630577564239502e-01,-1.495564842224121094e+01,6.726703810691833496e+01
-4.116521179676055908e-01,-4.179689884185791016e-01,-1.495566272735595703e+01,6.727195000648498535e+01
-4.116703569889068604e-01,-4.178662598133087158e-01,-1.495565128326416016e+01,6.727695393562316895e+01
-4.116586744785308838e-01,-4.178788661956787109e-01,-1.495567417144775391e+01,6.728195309638977051e+01
-4.116444587707519531e-01,-4.178881049156188965e-01,-1.495569610595703125e+01,6.728716301918029785e+01
-4.116297662258148193e-01,-4.179004132747650146e-01,-1.495572280883789062e+01,6.729212903976440430e+01
-4.116127789020538330e-01,-4.179171323776245117e-01,-1.495575237274169922e+01,6.729716801643371582e+01
-4.115950465202331543e-01,-4.179331064224243164e-01,-1.495578289031982422e+01,6.730197906494140625e+01
-4.116566181182861328e-01,-4.178268015384674072e-01,-1.495562362670898438e+01,6.730714011192321777e+01
-4.116405546665191650e-01,-4.178259670734405518e-01,-1.495562648773193359e+01,6.731227612495422363e+01
-4.116225838661193848e-01,-4.178325831890106201e-01,-1.495563316345214844e+01,6.731724309921264648e+01
-4.116040170192718506e-01,-4.178404211997985840e-01,-1.495564556121826172e+01,6.732212996482849121e+01
-4.115833640098571777e-01,-4.178570806980133057e-01,-1.495567131042480469e+01,6.732744193077087402e+01
-4.115616381168365479e-01,-4.178709685802459717e-01,-1.495569324493408203e+01,6.733226704597473145e+01
-4.115386307239532471e-01,-4.178846180438995361e-01,-1.495571613311767578e+01,6.733701109886169434e+01
-4.117341637611389160e-01,-4.178067445755004883e-01,-1.495568847656250000e+01,6.734202098846435547e+01
-4.117259085178375244e-01,-4.178123176097869873e-01,-1.495570182800292969e+01,6.734710812568664551e+01
-4.117158353328704834e-01,-4.178193807601928711e-01,-1.495571327209472656e+01,6.735226392745971680e+01
-4.117040038108825684e-01,-4.178260564804077148e-01,-1.495572185516357422e+01,6.735726213455200195e+01
-4.116915166378021240e-01,-4.178339242935180664e-01,-1.495574092864990234e+01,6.736237096786499023e+01
-4.116779863834381104e-01,-4.178406000137329102e-01,-1.495576381683349609e+01,6.736726498603820801e+01
-4.116635322570800781e-01,-4.178467988967895508e-01,-1.495579147338867188e+01,6.737233114242553711e+01
-4.117240607738494873e-01,-4.177633821964263916e-01,-1.495577049255371094e+01,6.737727904319763184e+01
-4.117125570774078369e-01,-4.177642464637756348e-01,-1.495578289031982422e+01,6.738232898712158203e+01
-4.117001295089721680e-01,-4.177652895450592041e-01,-1.495579528808593750e+01,6.738731408119201660e+01
-4.116862714290618896e-01,-4.177697598934173584e-01,-1.495579910278320312e+01,6.739258503913879395e+01
-4.116716086864471436e-01,-4.177742302417755127e-01,-1.495580863952636719e+01,6.739740896224975586e+01
-4.116556346416473389e-01,-4.177767634391784668e-01,-1.495581722259521484e+01,6.740232610702514648e+01
-4.116384685039520264e-01,-4.177749156951904297e-01,-1.495582771301269531e+01,6.740744400024414062e+01
-4.117306768894195557e-01,-4.177913963794708252e-01,-1.495577144622802734e+01,6.741237711906433105e+01
-4.117177724838256836e-01,-4.177963137626647949e-01,-1.495579051971435547e+01,6.741760301589965820e+01
-4.117039144039154053e-01,-4.178011417388916016e-01,-1.495580101013183594e+01,6.742245602607727051e+01
-4.116894602775573730e-01,-4.178083240985870361e-01,-1.495581912994384766e+01,6.742764115333557129e+01
-4.116738736629486084e-01,-4.178155362606048584e-01,-1.495583820343017578e+01,6.743248414993286133e+01
-4.116570353507995605e-01,-4.178215265274047852e-01,-1.495585632324218750e+01,6.743774795532226562e+01
-4.118263721466064453e-01,-4.177924692630767822e-01,-1.495580291748046875e+01,6.744246912002563477e+01
-4.118206501007080078e-01,-4.177917838096618652e-01,-1.495581626892089844e+01,6.744744610786437988e+01
-4.118120968341827393e-01,-4.177885055541992188e-01,-1.495582675933837891e+01,6.745238494873046875e+01
-4.118042588233947754e-01,-4.177758991718292236e-01,-1.495582199096679688e+01,6.745742106437683105e+01
-4.117947220802307129e-01,-4.177704155445098877e-01,-1.495582962036132812e+01,6.746258997917175293e+01
-4.117842018604278564e-01,-4.177654683589935303e-01,-1.495583629608154297e+01,6.746748614311218262e+01
-4.117729961872100830e-01,-4.177701473236083984e-01,-1.495585155487060547e+01,6.747282314300537109e+01
-4.117364585399627686e-01,-4.177725017070770264e-01,-1.495582294464111328e+01,6.747744703292846680e+01
-4.117223620414733887e-01,-4.177694022655487061e-01,-1.495583343505859375e+01,6.748244905471801758e+01
-4.117068350315093994e-01,-4.177603721618652344e-01,-1.495583248138427734e+01,6.748759794235229492e+01
-4.116909801959991455e-01,-4.177566468715667725e-01,-1.495584201812744141e+01,6.749269413948059082e+01
-4.116743505001068115e-01,-4.177532494068145752e-01,-1.495585346221923828e+01,6.749765610694885254e+01
-4.116574823856353760e-01,-4.177565276622772217e-01,-1.495587444305419922e+01,6.750259304046630859e+01
-4.116395115852355957e-01,-4.177567660808563232e-01,-1.495589160919189453e+01,6.750761103630065918e+01
-4.117471277713775635e-01,-4.178595244884490967e-01,-1.495580387115478516e+01,6.751258206367492676e+01
-4.117342531681060791e-01,-4.178637862205505371e-01,-1.495580768585205078e+01,6.751766705513000488e+01
-4.117218554019927979e-01,-4.178652167320251465e-01,-1.495581531524658203e+01,6.752259612083435059e+01
-4.117082059383392334e-01,-4.178654551506042480e-01,-1.495582389831542969e+01,6.752794194221496582e+01
-4.116931855678558350e-01,-4.178641438484191895e-01,-1.495583152770996094e+01,6.753262209892272949e+01
-4.116791188716888428e-01,-4.178694784641265869e-01,-1.495583152770996094e+01,6.753765606880187988e+01
-4.117899537086486816e-01,-4.178135693073272705e-01,-1.495581912994384766e+01,6.754257392883300781e+01
-4.117833375930786133e-01,-4.178113341331481934e-01,-1.495582485198974609e+01,6.754774713516235352e+01
-4.117723703384399414e-01,-4.178008437156677246e-01,-1.495583629608154297e+01,6.755265808105468750e+01
-4.117612242698669434e-01,-4.177966713905334473e-01,-1.495584583282470703e+01,6.755764293670654297e+01
-4.117484092712402344e-01,-4.177917838096618652e-01,-1.495585536956787109e+01,6.756281995773315430e+01
-4.117358922958374023e-01,-4.177929759025573730e-01,-1.495586299896240234e+01,6.756767606735229492e+01
-4.117215871810913086e-01,-4.177912175655364990e-01,-1.495587348937988281e+01,6.757261896133422852e+01
-4.117585122585296631e-01,-4.178705811500549316e-01,-1.495585536956787109e+01,6.757792592048645020e+01
-4.117424786090850830e-01,-4.178746342658996582e-01,-1.495586109161376953e+01,6.758264803886413574e+01
-4.117265641689300537e-01,-4.178785383701324463e-01,-1.495587253570556641e+01,6.758765697479248047e+01
-4.117093682289123535e-01,-4.178819656372070312e-01,-1.495588874816894531e+01,6.759276008605957031e+01
-4.116927683353424072e-01,-4.178840816020965576e-01,-1.495591449737548828e+01,6.759768104553222656e+01
-4.116742610931396484e-01,-4.178871810436248779e-01,-1.495593643188476562e+01,6.760263395309448242e+01
-4.116548895835876465e-01,-4.178914427757263184e-01,-1.495595932006835938e+01,6.760766506195068359e+01
-4.116429090499877930e-01,-4.177970588207244873e-01,-1.495574569702148438e+01,6.761266303062438965e+01
-4.116287529468536377e-01,-4.177978336811065674e-01,-1.495574665069580078e+01,6.761772513389587402e+01
-4.116135537624359131e-01,-4.177976548671722412e-01,-1.495574760437011719e+01,6.762266302108764648e+01
-4.115977287292480469e-01,-4.177983999252319336e-01,-1.495575141906738281e+01,6.762794494628906250e+01
-4.115797281265258789e-01,-4.178009033203125000e-01,-1.495575618743896484e+01,6.763281607627868652e+01
-4.115608930587768555e-01,-4.178037941455841064e-01,-1.495576190948486328e+01,6.763805198669433594e+01
-4.116260409355163574e-01,-4.177946448326110840e-01,-1.495567321777343750e+01,6.764283108711242676e+01
-4.116167426109313965e-01,-4.177916347980499268e-01,-1.495566749572753906e+01,6.764781808853149414e+01
-4.116052389144897461e-01,-4.177929461002349854e-01,-1.495566368103027344e+01,6.765284609794616699e+01
-4.115926623344421387e-01,-4.177945256233215332e-01,-1.495565795898437500e+01,6.765781807899475098e+01
-4.115792214870452881e-01,-4.178001582622528076e-01,-1.495565605163574219e+01,6.766299700736999512e+01
-4.115646779537200928e-01,-4.178037643432617188e-01,-1.495565223693847656e+01,6.766784501075744629e+01
-4.115493297576904297e-01,-4.178072512149810791e-01,-1.495564937591552734e+01,6.767282915115356445e+01
-4.115790128707885742e-01,-4.178320169448852539e-01,-1.495564270019531250e+01,6.767781710624694824e+01
-4.115662574768066406e-01,-4.178378283977508545e-01,-1.495564556121826172e+01,6.768288993835449219e+01
-4.115522801876068115e-01,-4.178448915481567383e-01,-1.495564460754394531e+01,6.768796110153198242e+01
-4.115372002124786377e-01,-4.178525507450103760e-01,-1.495563602447509766e+01,6.769319605827331543e+01
-4.115214943885803223e-01,-4.178599715232849121e-01,-1.495563220977783203e+01,6.769792914390563965e+01
-4.115048646926879883e-01,-4.178681075572967529e-01,-1.495562934875488281e+01,6.770287394523620605e+01
-4.115998148918151855e-01,-4.177817702293395996e-01,-1.495565509796142578e+01,6.770792508125305176e+01
-4.115842580795288086e-01,-4.177907109260559082e-01,-1.495565605163574219e+01,6.771288514137268066e+01
-4.115691781044006348e-01,-4.177950024604797363e-01,-1.495565795898437500e+01,6.771791005134582520e+01
-4.115527272224426270e-01,-4.177994430065155029e-01,-1.495565891265869141e+01,6.772294402122497559e+01
-4.115347266197204590e-01,-4.178001284599304199e-01,-1.495565509796142578e+01,6.772822213172912598e+01
-4.115154743194580078e-01,-4.178027808666229248e-01,-1.495565319061279297e+01,6.773289012908935547e+01
-4.114948511123657227e-01,-4.178052842617034912e-01,-1.495565032958984375e+01,6.773808097839355469e+01
-4.115728139877319336e-01,-4.177893102169036865e-01,-1.495571327209472656e+01,6.774294304847717285e+01
-4.115604460239410400e-01,-4.177933931350708008e-01,-1.495572376251220703e+01,6.774795794486999512e+01
-4.115462303161621094e-01,-4.177984595298767090e-01,-1.495573616027832031e+01,6.775289201736450195e+01
-4.115307629108428955e-01,-4.178041219711303711e-01,-1.495576190948486328e+01,6.775808501243591309e+01
-4.115135371685028076e-01,-4.178118407726287842e-01,-1.495578479766845703e+01,6.776321601867675781e+01
-4.114950001239776611e-01,-4.178224205970764160e-01,-1.495581340789794922e+01,6.776809406280517578e+01
-4.114769697189331055e-01,-4.178374707698822021e-01,-1.495584774017333984e+01,6.777306199073791504e+01
-4.115224778652191162e-01,-4.177733659744262695e-01,-1.495570087432861328e+01,6.777808594703674316e+01
-4.115074574947357178e-01,-4.177746176719665527e-01,-1.495570373535156250e+01,6.778306412696838379e+01
-4.114919900894165039e-01,-4.177755713462829590e-01,-1.495570564270019531e+01,6.778809404373168945e+01
-4.114725887775421143e-01,-4.177764654159545898e-01,-1.495571422576904297e+01,6.779332494735717773e+01
-4.114538133144378662e-01,-4.177787005901336670e-01,-1.495571994781494141e+01,6.779822492599487305e+01
-4.114337563514709473e-01,-4.177826941013336182e-01,-1.495572471618652344e+01,6.780307602882385254e+01
-4.115532934665679932e-01,-4.178122580051422119e-01,-1.495568084716796875e+01,6.780808711051940918e+01
-4.115393757820129395e-01,-4.178138077259063721e-01,-1.495569419860839844e+01,6.781304597854614258e+01
-4.115241169929504395e-01,-4.178144931793212891e-01,-1.495570945739746094e+01,6.781822013854980469e+01
-4.115074276924133301e-01,-4.178132414817810059e-01,-1.495572566986083984e+01,6.782324409484863281e+01
-4.114892184734344482e-01,-4.178136587142944336e-01,-1.495574283599853516e+01,6.782834506034851074e+01
-4.114696383476257324e-01,-4.178139865398406982e-01,-1.495576286315917969e+01,6.783317899703979492e+01
-4.114506244659423828e-01,-4.178201258182525635e-01,-1.495578861236572266e+01,6.783823204040527344e+01
-4.115515053272247314e-01,-4.178056418895721436e-01,-1.495564556121826172e+01,6.784323501586914062e+01
-4.115393161773681641e-01,-4.178098738193511963e-01,-1.495564556121826172e+01,6.784826707839965820e+01
-4.115259349346160889e-01,-4.178146421909332275e-01,-1.495564365386962891e+01,6.785319900512695312e+01
-4.115116596221923828e-01,-4.178201556205749512e-01,-1.495564556121826172e+01,6.785824894905090332e+01
-4.114964902400970459e-01,-4.178258776664733887e-01,-1.495565032958984375e+01,6.786334300041198730e+01
-4.114807844161987305e-01,-4.178296327590942383e-01,-1.495566177368164062e+01,6.786846899986267090e+01
-4.114642441272735596e-01,-4.178349971771240234e-01,-1.495567131042480469e+01,6.787333393096923828e+01
-4.115855991840362549e-01,-4.178255796432495117e-01,-1.495578193664550781e+01,6.787809801101684570e+01
-4.115794301033020020e-01,-4.178323149681091309e-01,-1.495580101013183594e+01,6.788341999053955078e+01
-4.115685224533081055e-01,-4.178420603275299072e-01,-1.495582580566406250e+01,6.789104795455932617e+01
-4.115577638149261475e-01,-4.178502857685089111e-01,-1.495584583282470703e+01,6.789545798301696777e+01
-4.115462899208068848e-01,-4.178585708141326904e-01,-1.495586490631103516e+01,6.789888095855712891e+01
-4.115346670150756836e-01,-4.178600013256072998e-01,-1.495587348937988281e+01,6.790386009216308594e+01
-4.115585088729858398e-01,-4.178428053855895996e-01,-1.495570373535156250e+01,6.790847897529602051e+01
-4.115497469902038574e-01,-4.178490638732910156e-01,-1.495571613311767578e+01,6.791318392753601074e+01
-4.115400910377502441e-01,-4.178546667098999023e-01,-1.495573139190673828e+01,6.791795396804809570e+01
-4.115295708179473877e-01,-4.178606271743774414e-01,-1.495574665069580078e+01,6.792287397384643555e+01
-4.115183055400848389e-01,-4.178659617900848389e-01,-1.495576477050781250e+01,6.792872095108032227e+01
-4.115043878555297852e-01,-4.178677499294281006e-01,-1.495578193664550781e+01,6.793312597274780273e+01
-4.114896953105926514e-01,-4.178714156150817871e-01,-1.495580101013183594e+01,6.793811202049255371e+01
-4.115725457668304443e-01,-4.178514778614044189e-01,-1.495574855804443359e+01,6.794312095642089844e+01
-4.115650653839111328e-01,-4.178537428379058838e-01,-1.495575618743896484e+01,6.794809412956237793e+01
-4.115555286407470703e-01,-4.178564250469207764e-01,-1.495576763153076172e+01,6.795324897766113281e+01
-4.115452170372009277e-01,-4.178592860698699951e-01,-1.495578193664550781e+01,6.795827007293701172e+01
-4.115340113639831543e-01,-4.178624153137207031e-01,-1.495579814910888672e+01,6.796327304840087891e+01
-4.115214645862579346e-01,-4.178664982318878174e-01,-1.495580387115478516e+01,6.796827507019042969e+01
-4.115082919597625732e-01,-4.178684651851654053e-01,-1.495581340789794922e+01,6.797324395179748535e+01
-4.115237593650817871e-01,-4.178700745105743408e-01,-1.495575714111328125e+01,6.797829198837280273e+01
-4.115114808082580566e-01,-4.178634583950042725e-01,-1.495576381683349609e+01,6.798346996307373047e+01
-4.114988148212432861e-01,-4.178630411624908447e-01,-1.495576858520507812e+01,6.798836994171142578e+01
-4.114843308925628662e-01,-4.178614020347595215e-01,-1.495577526092529297e+01,6.799366593360900879e+01
-4.114702343940734863e-01,-4.178614616394042969e-01,-1.495578002929687500e+01,6.799856495857238770e+01
-4.114544987678527832e-01,-4.178605675697326660e-01,-1.495578575134277344e+01,6.800345802307128906e+01
-4.114697575569152832e-01,-4.178676307201385498e-01,-1.495555019378662109e+01,6.800847506523132324e+01
-4.114545285701751709e-01,-4.178765416145324707e-01,-1.495554924011230469e+01,6.801342296600341797e+01
-4.114394783973693848e-01,-4.178872108459472656e-01,-1.495554637908935547e+01,6.801846814155578613e+01
-4.114233255386352539e-01,-4.179008603096008301e-01,-1.495554733276367188e+01,6.802345895767211914e+01
-4.114077389240264893e-01,-4.179185926914215088e-01,-1.495555210113525391e+01,6.802858710289001465e+01
-4.113904237747192383e-01,-4.179358780384063721e-01,-1.495555686950683594e+01,6.803353500366210938e+01
-4.113720953464508057e-01,-4.179531335830688477e-01,-1.495556259155273438e+01,6.803852915763854980e+01
-4.115386009216308594e-01,-4.178830087184906006e-01,-1.495563602447509766e+01,6.804371500015258789e+01
-4.115341901779174805e-01,-4.178952574729919434e-01,-1.495564079284667969e+01,6.804855012893676758e+01
-4.115283489227294922e-01,-4.179080426692962646e-01,-1.495565128326416016e+01,6.805354595184326172e+01
-4.115206003189086914e-01,-4.179194569587707520e-01,-1.495566749572753906e+01,6.805870795249938965e+01
-4.115103781223297119e-01,-4.179269373416900635e-01,-1.495566940307617188e+01,6.806367897987365723e+01
-4.114996194839477539e-01,-4.179354608058929443e-01,-1.495568180084228516e+01,6.806856894493103027e+01
-4.114883244037628174e-01,-4.179462492465972900e-01,-1.495569705963134766e+01,6.807354903221130371e+01
-4.114738106727600098e-01,-4.178637862205505371e-01,-1.495575428009033203e+01,6.807857012748718262e+01
-4.114591181278228760e-01,-4.178666472434997559e-01,-1.495577049255371094e+01,6.808367800712585449e+01
-4.114427268505096436e-01,-4.178704619407653809e-01,-1.495578575134277344e+01,6.808871412277221680e+01
-4.114261269569396973e-01,-4.178715646266937256e-01,-1.495578861236572266e+01,6.809375500679016113e+01
-4.114083647727966309e-01,-4.178749322891235352e-01,-1.495579814910888672e+01,6.809870505332946777e+01
-4.113897681236267090e-01,-4.178797304630279541e-01,-1.495580768585205078e+01,6.810367298126220703e+01
-4.114433526992797852e-01,-4.178390204906463623e-01,-1.495571136474609375e+01,6.810860204696655273e+01
-4.114334583282470703e-01,-4.178376793861389160e-01,-1.495571804046630859e+01,6.811366605758666992e+01
-4.114223420619964600e-01,-4.178363084793090820e-01,-1.495572566986083984e+01,6.811899113655090332e+01
-4.114107787609100342e-01,-4.178337752819061279e-01,-1.495575046539306641e+01,6.812367796897888184e+01
-4.113971889019012451e-01,-4.178311228752136230e-01,-1.495575809478759766e+01,6.812897014617919922e+01
-4.113825261592864990e-01,-4.178272783756256104e-01,-1.495576667785644531e+01,6.813369798660278320e+01
-4.113671183586120605e-01,-4.178234636783599854e-01,-1.495577907562255859e+01,6.813871192932128906e+01
-4.114423096179962158e-01,-4.177975058555603027e-01,-1.495561218261718750e+01,6.814370799064636230e+01
-4.114293456077575684e-01,-4.177977144718170166e-01,-1.495560836791992188e+01,6.814871215820312500e+01
-4.114145338535308838e-01,-4.177978038787841797e-01,-1.495560836791992188e+01,6.815372300148010254e+01
-4.113972783088684082e-01,-4.177939891815185547e-01,-1.495560932159423828e+01,6.815881896018981934e+01
-4.113782644271850586e-01,-4.177953302860260010e-01,-1.495561218261718750e+01,6.816376495361328125e+01
-4.113583266735076904e-01,-4.177990257740020752e-01,-1.495561790466308594e+01,6.816881203651428223e+01
-4.113392829895019531e-01,-4.178068935871124268e-01,-1.495562362670898438e+01,6.817377114295959473e+01
-4.114320278167724609e-01,-4.177857637405395508e-01,-1.495564079284667969e+01,6.817885303497314453e+01
-4.114203155040740967e-01,-4.177819788455963135e-01,-1.495563697814941406e+01,6.818382692337036133e+01
-4.114048182964324951e-01,-4.177837371826171875e-01,-1.495563888549804688e+01,6.818880510330200195e+01
-4.113889634609222412e-01,-4.177864789962768555e-01,-1.495563888549804688e+01,6.819410300254821777e+01
-4.113717377185821533e-01,-4.177926778793334961e-01,-1.495563888549804688e+01,6.819880795478820801e+01
-4.113533496856689453e-01,-4.178037345409393311e-01,-1.495563888549804688e+01,6.820380401611328125e+01
-4.114108085632324219e-01,-4.177516698837280273e-01,-1.495568084716796875e+01,6.820881700515747070e+01
-4.113936424255371094e-01,-4.177458286285400391e-01,-1.495568275451660156e+01,6.821381402015686035e+01
-4.113748371601104736e-01,-4.177389144897460938e-01,-1.495568370819091797e+01,6.821880507469177246e+01
-4.113582372665405273e-01,-4.177481532096862793e-01,-1.495568656921386719e+01,6.822381305694580078e+01
-4.113385081291198730e-01,-4.177463352680206299e-01,-1.495569133758544922e+01,6.822898197174072266e+01
-4.113181233406066895e-01,-4.177451431751251221e-01,-1.495569801330566406e+01,6.823387598991394043e+01
-4.112968742847442627e-01,-4.177411496639251709e-01,-1.495570659637451172e+01,6.823906493186950684e+01
-4.114096462726593018e-01,-4.178560972213745117e-01,-1.495571994781494141e+01,6.824395108222961426e+01
-4.113976359367370605e-01,-4.178623855113983154e-01,-1.495572757720947266e+01,6.824896192550659180e+01
-4.113853275775909424e-01,-4.178730249404907227e-01,-1.495574474334716797e+01,6.825389504432678223e+01
-4.113717973232269287e-01,-4.178796112537384033e-01,-1.495575523376464844e+01,6.825918793678283691e+01
-4.113570749759674072e-01,-4.178848862648010254e-01,-1.495576381683349609e+01,6.826387405395507812e+01
-4.113424718379974365e-01,-4.178867042064666748e-01,-1.495576286315917969e+01,6.826896715164184570e+01
-4.113269150257110596e-01,-4.178903698921203613e-01,-1.495576667785644531e+01,6.827406907081604004e+01
-4.113827645778656006e-01,-4.178459942340850830e-01,-1.495576572418212891e+01,6.827906703948974609e+01
-4.113662242889404297e-01,-4.178591668605804443e-01,-1.495578479766845703e+01,6.828407311439514160e+01
-4.113512635231018066e-01,-4.178710281848907471e-01,-1.495580101013183594e+01,6.828913903236389160e+01
-4.113354980945587158e-01,-4.178856015205383301e-01,-1.495582199096679688e+01,6.829432797431945801e+01
-4.113200604915618896e-01,-4.178994894027709961e-01,-1.495584583282470703e+01,6.829921698570251465e+01
-4.113028347492218018e-01,-4.179150760173797607e-01,-1.495587062835693359e+01,6.830396103858947754e+01
-4.114282429218292236e-01,-4.178736209869384766e-01,-1.495578670501708984e+01,6.830911993980407715e+01
-4.114170968532562256e-01,-4.178758263587951660e-01,-1.495580101013183594e+01,6.831405901908874512e+01
-4.114047288894653320e-01,-4.178754091262817383e-01,-1.495581531524658203e+01,6.831911110877990723e+01
-4.113913774490356445e-01,-4.178796112537384033e-01,-1.495582962036132812e+01,6.832410192489624023e+01
-4.113770723342895508e-01,-4.178856015205383301e-01,-1.495584201812744141e+01,6.832928109169006348e+01
-4.113599061965942383e-01,-4.178954958915710449e-01,-1.495584487915039062e+01,6.833419895172119141e+01
-4.113423228263854980e-01,-4.179040193557739258e-01,-1.495585250854492188e+01,6.833920097351074219e+01
-4.114226400852203369e-01,-4.178508818149566650e-01,-1.495579624176025391e+01,6.834407806396484375e+01
-4.114112257957458496e-01,-4.178479611873626709e-01,-1.495580577850341797e+01,6.834913301467895508e+01
-4.113983511924743652e-01,-4.178461432456970215e-01,-1.495581722259521484e+01,6.835412001609802246e+01
-4.113836288452148438e-01,-4.178437590599060059e-01,-1.495582866668701172e+01,6.835940909385681152e+01
-4.113674163818359375e-01,-4.178406596183776855e-01,-1.495584487915039062e+01,6.836417198181152344e+01
-4.113498032093048096e-01,-4.178377389907836914e-01,-1.495585918426513672e+01,6.836926507949829102e+01
-4.113307893276214600e-01,-4.178348481655120850e-01,-1.495587444305419922e+01,6.837418699264526367e+01
-4.114142060279846191e-01,-4.178959727287292480e-01,-1.495584201812744141e+01,6.837929415702819824e+01
-4.114029407501220703e-01,-4.178988039493560791e-01,-1.495585060119628906e+01,6.838419508934020996e+01
-4.113906919956207275e-01,-4.179019331932067871e-01,-1.495585823059082031e+01,6.838921093940734863e+01
-4.113775193691253662e-01,-4.179050922393798828e-01,-1.495586585998535156e+01,6.839441704750061035e+01
-4.113609194755554199e-01,-4.179086685180664062e-01,-1.495587635040283203e+01,6.839929103851318359e+01
-4.113438725471496582e-01,-4.179115593433380127e-01,-1.495588302612304688e+01,6.840418314933776855e+01
-4.114149510860443115e-01,-4.178329110145568848e-01,-1.495579719543457031e+01,6.840924215316772461e+01
-4.114032387733459473e-01,-4.178386032581329346e-01,-1.495579433441162109e+01,6.841419100761413574e+01
-4.113888740539550781e-01,-4.178411662578582764e-01,-1.495579528808593750e+01,6.841922307014465332e+01
-4.113736450672149658e-01,-4.178438782691955566e-01,-1.495579814910888672e+01,6.842419910430908203e+01
-4.113560020923614502e-01,-4.178465008735656738e-01,-1.495580959320068359e+01,6.842943811416625977e+01
-4.113374948501586914e-01,-4.178504645824432373e-01,-1.495581722259521484e+01,6.843421101570129395e+01
-4.113176167011260986e-01,-4.178563356399536133e-01,-1.495582675933837891e+01,6.843939709663391113e+01
-4.114125967025756836e-01,-4.178784191608428955e-01,-1.495583534240722656e+01,6.844422507286071777e+01
-4.114014506340026855e-01,-4.178801476955413818e-01,-1.495584392547607422e+01,6.844926905632019043e+01
-4.113890230655670166e-01,-4.178788661956787109e-01,-1.495584869384765625e+01,6.845430803298950195e+01
-4.113732278347015381e-01,-4.178697466850280762e-01,-1.495584869384765625e+01,6.845952701568603516e+01
-4.113565683364868164e-01,-4.178655743598937988e-01,-1.495585060119628906e+01,6.846443915367126465e+01
-4.113384187221527100e-01,-4.178629219532012939e-01,-1.495585536956787109e+01,6.846935701370239258e+01
-4.113245904445648193e-01,-4.178305566310882568e-01,-1.495571327209472656e+01,6.847455596923828125e+01
-4.113040268421173096e-01,-4.178261458873748779e-01,-1.495570564270019531e+01,6.847937893867492676e+01
-4.112838208675384521e-01,-4.178242981433868408e-01,-1.495570087432861328e+01,6.848431515693664551e+01
-4.112636744976043701e-01,-4.178257584571838379e-01,-1.495569705963134766e+01,6.848951101303100586e+01
-4.112425446510314941e-01,-4.178248643875122070e-01,-1.495568943023681641e+01,6.849448800086975098e+01
-4.112203419208526611e-01,-4.178253114223480225e-01,-1.495568275451660156e+01,6.849951505661010742e+01
-4.111968874931335449e-01,-4.178241193294525146e-01,-1.495567512512207031e+01,6.850434899330139160e+01
-4.113934040069580078e-01,-4.178377687931060791e-01,-1.495583057403564453e+01,6.850943994522094727e+01
-4.113821685314178467e-01,-4.178457260131835938e-01,-1.495584106445312500e+01,6.851431798934936523e+01
-4.113695621490478516e-01,-4.178549051284790039e-01,-1.495585346221923828e+01,6.851943612098693848e+01
-4.113588631153106689e-01,-4.178708195686340332e-01,-1.495587539672851562e+01,6.852432703971862793e+01
-4.113455116748809814e-01,-4.178828299045562744e-01,-1.495589447021484375e+01,6.852961111068725586e+01
-4.113314151763916016e-01,-4.178956747055053711e-01,-1.495591640472412109e+01,6.853445100784301758e+01
-4.113160073757171631e-01,-4.179029464721679688e-01,-1.495593357086181641e+01,6.853951096534729004e+01
-4.113861620426177979e-01,-4.178048372268676758e-01,-1.495588874816894531e+01,6.854441714286804199e+01
-4.113759696483612061e-01,-4.178048670291900635e-01,-1.495589542388916016e+01,6.854949402809143066e+01
-4.113624989986419678e-01,-4.178093969821929932e-01,-1.495589447021484375e+01,6.855439710617065430e+01
-4.113490581512451172e-01,-4.178072512149810791e-01,-1.495589828491210938e+01,6.855971002578735352e+01
-4.113337397575378418e-01,-4.178041517734527588e-01,-1.495589923858642578e+01,6.856455802917480469e+01
-4.113163352012634277e-01,-4.178019762039184570e-01,-1.495589447021484375e+01,6.856952214241027832e+01
-4.113003313541412354e-01,-4.178055226802825928e-01,-1.495590019226074219e+01,6.857445001602172852e+01
-4.113567471504211426e-01,-4.178246557712554932e-01,-1.495576858520507812e+01,6.857951498031616211e+01
-4.113345444202423096e-01,-4.178229570388793945e-01,-1.495574474334716797e+01,6.858447813987731934e+01
-4.113079607486724854e-01,-4.178127944469451904e-01,-1.495572757720947266e+01,6.858956503868103027e+01
-4.112818539142608643e-01,-4.178103208541870117e-01,-1.495570945739746094e+01,6.859474611282348633e+01
-4.112545251846313477e-01,-4.178096950054168701e-01,-1.495569515228271484e+01,6.859952497482299805e+01
-4.112266600131988525e-01,-4.178183078765869141e-01,-1.495569038391113281e+01,6.860449504852294922e+01
-4.114002585411071777e-01,-4.178044199943542480e-01,-1.495589828491210938e+01,6.860958313941955566e+01
-4.113884568214416504e-01,-4.178022742271423340e-01,-1.495589637756347656e+01,6.861452507972717285e+01
-4.113778769969940186e-01,-4.178095161914825439e-01,-1.495588684082031250e+01,6.861968708038330078e+01
-4.113648831844329834e-01,-4.178110659122467041e-01,-1.495588111877441406e+01,6.862450599670410156e+01
-4.113507866859436035e-01,-4.178135991096496582e-01,-1.495587253570556641e+01,6.862964510917663574e+01
-4.113343060016632080e-01,-4.178142547607421875e-01,-1.495587062835693359e+01,6.863459610939025879e+01
-4.113169610500335693e-01,-4.178164303302764893e-01,-1.495586585998535156e+01,6.863961696624755859e+01
-4.113942682743072510e-01,-4.178914129734039307e-01,-1.495586204528808594e+01,6.864461994171142578e+01
-4.113837182521820068e-01,-4.178948104381561279e-01,-1.495587444305419922e+01,6.865010714530944824e+01
-4.113711416721343994e-01,-4.179033935070037842e-01,-1.495588684082031250e+01,6.865466809272766113e+01
-4.113577306270599365e-01,-4.179131388664245605e-01,-1.495590400695800781e+01,6.865994405746459961e+01
-4.113431274890899658e-01,-4.179211854934692383e-01,-1.495592117309570312e+01,6.866474914550781250e+01
-4.113270044326782227e-01,-4.179295301437377930e-01,-1.495592975616455078e+01,6.866964793205261230e+01
-4.113100171089172363e-01,-4.179356396198272705e-01,-1.495594120025634766e+01,6.867473196983337402e+01
-4.113478958606719971e-01,-4.178410172462463379e-01,-1.495587444305419922e+01,6.867966008186340332e+01
-4.113366007804870605e-01,-4.178394973278045654e-01,-1.495587921142578125e+01,6.868474006652832031e+01
-4.113244116306304932e-01,-4.178413748741149902e-01,-1.495588493347167969e+01,6.868994212150573730e+01
-4.113113582134246826e-01,-4.178440868854522705e-01,-1.495589256286621094e+01,6.869488096237182617e+01
-4.112975299358367920e-01,-4.178503155708312988e-01,-1.495590591430664062e+01,6.869969201087951660e+01
-4.112825393676757812e-01,-4.178550541400909424e-01,-1.495591735839843750e+01,6.870460796356201172e+01
-4.113226234912872314e-01,-4.179032444953918457e-01,-1.495589256286621094e+01,6.870978403091430664e+01
-4.113113284111022949e-01,-4.179078638553619385e-01,-1.495590686798095703e+01,6.871472811698913574e+01
-4.112987220287322998e-01,-4.179094433784484863e-01,-1.495591163635253906e+01,6.871988701820373535e+01
-4.112854301929473877e-01,-4.179127514362335205e-01,-1.495591640472412109e+01,6.872475314140319824e+01
-4.112710952758789062e-01,-4.179196655750274658e-01,-1.495591640472412109e+01,6.872996306419372559e+01
-4.112559258937835693e-01,-4.179261028766632080e-01,-1.495592021942138672e+01,6.873477792739868164e+01
-4.112397134304046631e-01,-4.179332852363586426e-01,-1.495592308044433594e+01,6.873980093002319336e+01
-4.112378656864166260e-01,-4.178690910339355469e-01,-1.495583724975585938e+01,6.874473595619201660e+01
-4.112206697463989258e-01,-4.178644716739654541e-01,-1.495582675933837891e+01,6.874992012977600098e+01
-4.112045466899871826e-01,-4.178683459758758545e-01,-1.495582675933837891e+01,6.875488805770874023e+01
-4.111871421337127686e-01,-4.178735315799713135e-01,-1.495582771301269531e+01,6.876007103919982910e+01
-4.111703038215637207e-01,-4.178842306137084961e-01,-1.495582962036132812e+01,6.876489496231079102e+01
-4.111517369747161865e-01,-4.178920090198516846e-01,-1.495583152770996094e+01,6.876992893218994141e+01
-4.112600088119506836e-01,-4.178272485733032227e-01,-1.495586967468261719e+01,6.877488112449645996e+01
-4.112427830696105957e-01,-4.178182780742645264e-01,-1.495586490631103516e+01,6.877994799613952637e+01
-4.112263619899749756e-01,-4.178128838539123535e-01,-1.495586585998535156e+01,6.878490495681762695e+01
-4.112085103988647461e-01,-4.178072512149810791e-01,-1.495586681365966797e+01,6.878994297981262207e+01
-4.111914336681365967e-01,-4.178083539009094238e-01,-1.495587158203125000e+01,6.879523611068725586e+01
-4.111727774143218994e-01,-4.178065061569213867e-01,-1.495587444305419922e+01,6.879995799064636230e+01
-4.111534059047698975e-01,-4.178063571453094482e-01,-1.495587825775146484e+01,6.880488514900207520e+01
-4.112373590469360352e-01,-4.178960621356964111e-01,-1.495589160919189453e+01,6.881013512611389160e+01
-4.112257063388824463e-01,-4.178979694843292236e-01,-1.495589256286621094e+01,6.881487298011779785e+01
-4.112127125263214111e-01,-4.179006814956665039e-01,-1.495589160919189453e+01,6.881999611854553223e+01
-4.111988544464111328e-01,-4.179037809371948242e-01,-1.495589160919189453e+01,6.882508301734924316e+01
-4.111844599246978760e-01,-4.179077446460723877e-01,-1.495590019226074219e+01,6.883009099960327148e+01
-4.111689329147338867e-01,-4.179118871688842773e-01,-1.495590686798095703e+01,6.883510804176330566e+01
-4.111523032188415527e-01,-4.179188907146453857e-01,-1.495591259002685547e+01,6.884006905555725098e+01
-4.112005829811096191e-01,-4.179074466228485107e-01,-1.495590591430664062e+01,6.884498214721679688e+01
-4.111892282962799072e-01,-4.179100096225738525e-01,-1.495591354370117188e+01,6.885006213188171387e+01
-4.111768603324890137e-01,-4.179121553897857666e-01,-1.495592403411865234e+01,6.885503697395324707e+01
-4.111637175083160400e-01,-4.179128110408782959e-01,-1.495593929290771484e+01,6.886028695106506348e+01
-4.111495316028594971e-01,-4.179151356220245361e-01,-1.495595359802246094e+01,6.886520910263061523e+01
-4.111341834068298340e-01,-4.179184138774871826e-01,-1.495596790313720703e+01,6.887025499343872070e+01
-4.112218916416168213e-01,-4.178837835788726807e-01,-1.495588493347167969e+01,6.887505197525024414e+01
-4.112126231193542480e-01,-4.178858697414398193e-01,-1.495588302612304688e+01,6.888020014762878418e+01
-4.112025499343872070e-01,-4.178895652294158936e-01,-1.495588302612304688e+01,6.888499593734741211e+01
-4.111923575401306152e-01,-4.179093539714813232e-01,-1.495589542388916016e+01,6.889022493362426758e+01
-4.111806452274322510e-01,-4.179162383079528809e-01,-1.495590305328369141e+01,6.889527392387390137e+01
-4.111680388450622559e-01,-4.179227352142333984e-01,-1.495591259002685547e+01,6.890022706985473633e+01
-4.111526608467102051e-01,-4.179203510284423828e-01,-1.495592212677001953e+01,6.890513014793395996e+01
-4.111855924129486084e-01,-4.178844988346099854e-01,-1.495587444305419922e+01,6.891022205352783203e+01
-4.111734926700592041e-01,-4.178867936134338379e-01,-1.495587825775146484e+01,6.891516494750976562e+01
-4.111600220203399658e-01,-4.178870320320129395e-01,-1.495588302612304688e+01,6.892020201683044434e+01
-4.111482501029968262e-01,-4.178788363933563232e-01,-1.495588779449462891e+01,6.892525601387023926e+01
-4.111335873603820801e-01,-4.178777337074279785e-01,-1.495589447021484375e+01,6.893028211593627930e+01
-4.111177921295166016e-01,-4.178756475448608398e-01,-1.495590400695800781e+01,6.893512797355651855e+01
-4.111010134220123291e-01,-4.178791046142578125e-01,-1.495591449737548828e+01,6.894018697738647461e+01
-4.111980199813842773e-01,-4.178094863891601562e-01,-1.495590019226074219e+01,6.894515299797058105e+01
-4.111868739128112793e-01,-4.178178608417510986e-01,-1.495589637756347656e+01,6.895020604133605957e+01
-4.111724793910980225e-01,-4.178291559219360352e-01,-1.495590400695800781e+01,6.895530295372009277e+01
-4.111577868461608887e-01,-4.178385436534881592e-01,-1.495590496063232422e+01,6.896037197113037109e+01
-4.111416935920715332e-01,-4.178481996059417725e-01,-1.495590686798095703e+01,6.896526098251342773e+01
-4.111257195472717285e-01,-4.178526401519775391e-01,-1.495590782165527344e+01,6.897021293640136719e+01
-4.111840426921844482e-01,-4.177806377410888672e-01,-1.495585346221923828e+01,6.897531604766845703e+01
-4.111812412738800049e-01,-4.177847206592559814e-01,-1.495584774017333984e+01,6.898032712936401367e+01
-4.111787080764770508e-01,-4.177817106246948242e-01,-1.495585155487060547e+01,6.898527312278747559e+01
-4.111754298210144043e-01,-4.177863597869873047e-01,-1.495584964752197266e+01,6.899027800559997559e+01
-4.111708700656890869e-01,-4.177921712398529053e-01,-1.495584774017333984e+01,6.899548101425170898e+01
-4.111646115779876709e-01,-4.177977144718170166e-01,-1.495584678649902344e+01,6.900047111511230469e+01
-4.111570715904235840e-01,-4.177996814250946045e-01,-1.495585250854492188e+01,6.900526905059814453e+01
-4.110956788063049316e-01,-4.178037345409393311e-01,-1.495583152770996094e+01,6.901027297973632812e+01
-4.110915362834930420e-01,-4.178068935871124268e-01,-1.495583248138427734e+01,6.901527500152587891e+01
-4.110866487026214600e-01,-4.178146123886108398e-01,-1.495583438873291016e+01,6.902048301696777344e+01
-4.110806882381439209e-01,-4.178194105625152588e-01,-1.495583915710449219e+01,6.902542304992675781e+01
-4.110737144947052002e-01,-4.178244769573211670e-01,-1.495584583282470703e+01,6.903038811683654785e+01
-4.110642671585083008e-01,-4.178270995616912842e-01,-1.495585346221923828e+01,6.903540897369384766e+01
-4.110544323921203613e-01,-4.178321063518524170e-01,-1.495586109161376953e+01,6.904039812088012695e+01
-4.110161066055297852e-01,-4.178235530853271484e-01,-1.495575714111328125e+01,6.904536199569702148e+01
-4.110028147697448730e-01,-4.178322255611419678e-01,-1.495575618743896484e+01,6.905038809776306152e+01
-4.109883606433868408e-01,-4.178369939327239990e-01,-1.495575809478759766e+01,6.905542612075805664e+01
-4.109725356101989746e-01,-4.178421199321746826e-01,-1.495576095581054688e+01,6.906066799163818359e+01
-4.109569191932678223e-01,-4.178431630134582520e-01,-1.495576477050781250e+01,6.906537508964538574e+01
-4.109398424625396729e-01,-4.178473055362701416e-01,-1.495576858520507812e+01,6.907039594650268555e+01
-4.110189676284790039e-01,-4.179004728794097900e-01,-1.495575237274169922e+01,6.907565808296203613e+01
-4.110091924667358398e-01,-4.179061651229858398e-01,-1.495576000213623047e+01,6.908048105239868164e+01
-4.109984636306762695e-01,-4.179070293903350830e-01,-1.495575904846191406e+01,6.908552312850952148e+01
-4.109869599342346191e-01,-4.179069101810455322e-01,-1.495576190948486328e+01,6.909048700332641602e+01
-4.109743535518646240e-01,-4.179072380065917969e-01,-1.495576858520507812e+01,6.909566307067871094e+01
-4.109607040882110596e-01,-4.179143309593200684e-01,-1.495577526092529297e+01,6.910045313835144043e+01
-4.109460413455963135e-01,-4.179186522960662842e-01,-1.495578479766845703e+01,6.910552501678466797e+01
-4.109930992126464844e-01,-4.179305732250213623e-01,-1.495570945739746094e+01,6.911052012443542480e+01
-4.109835028648376465e-01,-4.179376661777496338e-01,-1.495571708679199219e+01,6.911548995971679688e+01
-4.109729528427124023e-01,-4.179445803165435791e-01,-1.495572662353515625e+01,6.912051606178283691e+01
-4.109613895416259766e-01,-4.179512858390808105e-01,-1.495573425292968750e+01,6.912557792663574219e+01
-4.109488129615783691e-01,-4.179559051990509033e-01,-1.495574188232421875e+01,6.913055992126464844e+01
-4.109353423118591309e-01,-4.179618954658508301e-01,-1.495574951171875000e+01,6.913555097579956055e+01
-4.109209179878234863e-01,-4.179683029651641846e-01,-1.495575618743896484e+01,6.914061498641967773e+01
-4.109883904457092285e-01,-4.179393947124481201e-01,-1.495570945739746094e+01,6.914552092552185059e+01
-4.109765291213989258e-01,-4.179456233978271484e-01,-1.495572376251220703e+01,6.915067195892333984e+01
-4.109644889831542969e-01,-4.179527163505554199e-01,-1.495574188232421875e+01,6.915564012527465820e+01
-4.109524786472320557e-01,-4.179604351520538330e-01,-1.495577049255371094e+01,6.916081309318542480e+01
-4.109395742416381836e-01,-4.179683625698089600e-01,-1.495579528808593750e+01,6.916564393043518066e+01
-4.109258353710174561e-01,-4.179757833480834961e-01,-1.495582103729248047e+01,6.917065405845642090e+01
-4.110158681869506836e-01,-4.179534912109375000e-01,-1.495571899414062500e+01,6.917559099197387695e+01
-4.110094606876373291e-01,-4.179654419422149658e-01,-1.495572566986083984e+01,6.918056106567382812e+01
-4.110018610954284668e-01,-4.179763197898864746e-01,-1.495573806762695312e+01,6.918566894531250000e+01
-4.109932184219360352e-01,-4.179878532886505127e-01,-1.495575046539306641e+01,6.919060993194580078e+01
-4.109836220741271973e-01,-4.179963469505310059e-01,-1.495576381683349609e+01,6.919658708572387695e+01
-4.109731614589691162e-01,-4.180071651935577393e-01,-1.495577812194824219e+01,6.920069003105163574e+01
-4.109617769718170166e-01,-4.180182814598083496e-01,-1.495579338073730469e+01,6.920563197135925293e+01
-4.109119176864624023e-01,-4.180103540420532227e-01,-1.495567798614501953e+01,6.921068000793457031e+01
-4.109013676643371582e-01,-4.180159568786621094e-01,-1.495568752288818359e+01,6.921553397178649902e+01
-4.108897447586059570e-01,-4.180218577384948730e-01,-1.495569515228271484e+01,6.922053194046020508e+01
-4.108769297599792480e-01,-4.180259108543395996e-01,-1.495569419860839844e+01,6.922579813003540039e+01
-4.108634293079376221e-01,-4.180319905281066895e-01,-1.495569610595703125e+01,6.923084592819213867e+01
-4.108487367630004883e-01,-4.180389940738677979e-01,-1.495569610595703125e+01,6.923578596115112305e+01
-4.108317494392395020e-01,-4.180471003055572510e-01,-1.495570564270019531e+01,6.924066901206970215e+01
-4.108780622482299805e-01,-4.180255532264709473e-01,-1.495567798614501953e+01,6.924580407142639160e+01
-4.108670949935913086e-01,-4.180324077606201172e-01,-1.495568752288818359e+01,6.925071692466735840e+01
-4.108570218086242676e-01,-4.180319905281066895e-01,-1.495569324493408203e+01,6.925657105445861816e+01
-4.108442068099975586e-01,-4.180361330509185791e-01,-1.495569705963134766e+01,6.926109409332275391e+01
-4.108296632766723633e-01,-4.180384576320648193e-01,-1.495569801330566406e+01,6.926581001281738281e+01
-4.108137786388397217e-01,-4.180391430854797363e-01,-1.495569705963134766e+01,6.927071714401245117e+01
-4.109705686569213867e-01,-4.180641770362854004e-01,-1.495575237274169922e+01,6.927576398849487305e+01
-4.109687507152557373e-01,-4.180658757686614990e-01,-1.495576381683349609e+01,6.928081202507019043e+01
-4.109660089015960693e-01,-4.180673956871032715e-01,-1.495577621459960938e+01,6.928577804565429688e+01
-4.109629094600677490e-01,-4.180668294429779053e-01,-1.495578861236572266e+01,6.929099106788635254e+01
-4.109590649604797363e-01,-4.180677831172943115e-01,-1.495580101013183594e+01,6.929603815078735352e+01
-4.109541177749633789e-01,-4.180689156055450439e-01,-1.495581436157226562e+01,6.930082011222839355e+01
-4.109483063220977783e-01,-4.180733561515808105e-01,-1.495583057403564453e+01,6.930596494674682617e+01
-4.109530448913574219e-01,-4.180580675601959229e-01,-1.495563983917236328e+01,6.931082701683044434e+01
-4.109454154968261719e-01,-4.180605709552764893e-01,-1.495563983917236328e+01,6.931585812568664551e+01
-4.109371900558471680e-01,-4.180589616298675537e-01,-1.495564746856689453e+01,6.932080507278442383e+01
-4.109280407428741455e-01,-4.180610179901123047e-01,-1.495565223693847656e+01,6.932655811309814453e+01
-4.109180569648742676e-01,-4.180638194084167480e-01,-1.495565891265869141e+01,6.933109498023986816e+01
-4.109071195125579834e-01,-4.180712103843688965e-01,-1.495566368103027344e+01,6.933593606948852539e+01
-4.108953475952148438e-01,-4.180767238140106201e-01,-1.495567035675048828e+01,6.934093809127807617e+01
-4.109377562999725342e-01,-4.180114865303039551e-01,-1.495564174652099609e+01,6.934583210945129395e+01
-4.109254479408264160e-01,-4.180131852626800537e-01,-1.495564174652099609e+01,6.935100102424621582e+01
-4.109093248844146729e-01,-4.180196821689605713e-01,-1.495564365386962891e+01,6.935646200180053711e+01
-4.108933508396148682e-01,-4.180227816104888916e-01,-1.495564270019531250e+01,6.936120104789733887e+01
-4.108758270740509033e-01,-4.180254042148590088e-01,-1.495564174652099609e+01,6.936666512489318848e+01
-4.108591079711914062e-01,-4.180244207382202148e-01,-1.495565128326416016e+01,6.937117910385131836e+01
-4.109309017658233643e-01,-4.179814755916595459e-01,-1.495571613311767578e+01,6.937658405303955078e+01
-4.109218716621398926e-01,-4.179871976375579834e-01,-1.495572471618652344e+01,6.938113808631896973e+01
-4.109087884426116943e-01,-4.179889857769012451e-01,-1.495572853088378906e+01,6.938635396957397461e+01
-4.108959138393402100e-01,-4.179933369159698486e-01,-1.495573520660400391e+01,6.939114499092102051e+01
-4.108815491199493408e-01,-4.179973900318145752e-01,-1.495574092864990234e+01,6.939655995368957520e+01
-4.108675420284271240e-01,-4.180021584033966064e-01,-1.495574665069580078e+01,6.940109705924987793e+01
-4.108519554138183594e-01,-4.180065393447875977e-01,-1.495575332641601562e+01,6.940641403198242188e+01
-4.109265208244323730e-01,-4.179745912551879883e-01,-1.495578384399414062e+01,6.941113495826721191e+01
-4.109168946743011475e-01,-4.179796874523162842e-01,-1.495579719543457031e+01,6.941639113426208496e+01
-4.109075367450714111e-01,-4.179858267307281494e-01,-1.495581340789794922e+01,6.942109704017639160e+01
-4.108969569206237793e-01,-4.179934859275817871e-01,-1.495582962036132812e+01,6.942681097984313965e+01
-4.108849167823791504e-01,-4.180020093917846680e-01,-1.495584869384765625e+01,6.943137407302856445e+01
-4.108705818653106689e-01,-4.180039465427398682e-01,-1.495586395263671875e+01,6.943666410446166992e+01
-4.109306335449218750e-01,-4.179619550704956055e-01,-1.495572948455810547e+01,6.944110798835754395e+01
-4.109175801277160645e-01,-4.179552495479583740e-01,-1.495573139190673828e+01,6.944669795036315918e+01
-4.109033346176147461e-01,-4.179448187351226807e-01,-1.495572757720947266e+01,6.945123100280761719e+01
-4.108890891075134277e-01,-4.179386794567108154e-01,-1.495572662353515625e+01,6.945649814605712891e+01
-4.108750522136688232e-01,-4.179319739341735840e-01,-1.495572471618652344e+01,6.946143507957458496e+01
-4.108603298664093018e-01,-4.179251194000244141e-01,-1.495572853088378906e+01,6.946660113334655762e+01
-4.108437895774841309e-01,-4.179179966449737549e-01,-1.495573234558105469e+01,6.947119903564453125e+01
-4.108867049217224121e-01,-4.180254340171813965e-01,-1.495565700531005859e+01,6.947698402404785156e+01
-4.108789861202239990e-01,-4.180273711681365967e-01,-1.495566463470458984e+01,6.948124694824218750e+01
-4.108689129352569580e-01,-4.180311858654022217e-01,-1.495566844940185547e+01,6.948687314987182617e+01
-4.108576774597167969e-01,-4.180363118648529053e-01,-1.495567226409912109e+01,6.949133610725402832e+01
-4.108452200889587402e-01,-4.180462658405303955e-01,-1.495567226409912109e+01,6.949685692787170410e+01
-4.108320772647857666e-01,-4.180545210838317871e-01,-1.495567607879638672e+01,6.950132393836975098e+01
-4.108181595802307129e-01,-4.180628061294555664e-01,-1.495567989349365234e+01,6.950687193870544434e+01
-4.108112156391143799e-01,-4.180277287960052490e-01,-1.495572662353515625e+01,6.951134896278381348e+01
-4.107979238033294678e-01,-4.180276393890380859e-01,-1.495573616027832031e+01,6.951684403419494629e+01
-4.107829928398132324e-01,-4.180263280868530273e-01,-1.495574760437011719e+01,6.952133202552795410e+01
-4.107662737369537354e-01,-4.180261194705963135e-01,-1.495576286315917969e+01,6.952661013603210449e+01
-4.107502996921539307e-01,-4.180348217487335205e-01,-1.495577239990234375e+01,6.953132915496826172e+01
-4.107320904731750488e-01,-4.180389046669006348e-01,-1.495578479766845703e+01,6.953652906417846680e+01
-4.108299911022186279e-01,-4.180859923362731934e-01,-1.495574760437011719e+01,6.954141092300415039e+01
-4.108186364173889160e-01,-4.180884957313537598e-01,-1.495576000213623047e+01,6.954643011093139648e+01
-4.108062982559204102e-01,-4.180938005447387695e-01,-1.495577335357666016e+01,6.955149006843566895e+01
-4.107929766178131104e-01,-4.180990755558013916e-01,-1.495578956604003906e+01,6.955648612976074219e+01
-4.107769727706909180e-01,-4.181035757064819336e-01,-1.495580673217773438e+01,6.956154608726501465e+01
-4.107604324817657471e-01,-4.181087613105773926e-01,-1.495582485198974609e+01,6.956658697128295898e+01
-4.107426702976226807e-01,-4.181136786937713623e-01,-1.495584297180175781e+01,6.957143306732177734e+01
-4.107595682144165039e-01,-4.180415868759155273e-01,-1.495572280883789062e+01,6.957674098014831543e+01
-4.107465147972106934e-01,-4.180439710617065430e-01,-1.495572948455810547e+01,6.958141899108886719e+01
-4.107321500778198242e-01,-4.180472195148468018e-01,-1.495573806762695312e+01,6.958677792549133301e+01
-4.107166826725006104e-01,-4.180538058280944824e-01,-1.495575141906738281e+01,6.959143304824829102e+01
-4.106993079185485840e-01,-4.180588424205780029e-01,-1.495576286315917969e+01,6.959682106971740723e+01
-4.106803238391876221e-01,-4.180644154548645020e-01,-1.495577526092529297e+01,6.960143208503723145e+01
-4.106600582599639893e-01,-4.180709123611450195e-01,-1.495578765869140625e+01,6.960670804977416992e+01
-4.107321500778198242e-01,-4.180810451507568359e-01,-1.495574760437011719e+01,6.961142492294311523e+01
-4.107188880443572998e-01,-4.180836677551269531e-01,-1.495574951171875000e+01,6.961672711372375488e+01
-4.107046425342559814e-01,-4.180871248245239258e-01,-1.495575141906738281e+01,6.962143111228942871e+01
-4.106867909431457520e-01,-4.180978536605834961e-01,-1.495576000213623047e+01,6.962697315216064453e+01
-4.106693267822265625e-01,-4.181046187877655029e-01,-1.495576858520507812e+01,6.963145995140075684e+01
-4.106505811214447021e-01,-4.181118607521057129e-01,-1.495578002929687500e+01,6.963670301437377930e+01
-4.107544720172882080e-01,-4.180614948272705078e-01,-1.495578956604003906e+01,6.964155292510986328e+01
-4.107397794723510742e-01,-4.180640280246734619e-01,-1.495578861236572266e+01,6.964681100845336914e+01
-4.107238054275512695e-01,-4.180667400360107422e-01,-1.495578575134277344e+01,6.965156292915344238e+01
-4.107093811035156250e-01,-4.180665612220764160e-01,-1.495578861236572266e+01,6.965680408477783203e+01
-4.106925725936889648e-01,-4.180681705474853516e-01,-1.495579338073730469e+01,6.966180801391601562e+01
-4.106749296188354492e-01,-4.180687367916107178e-01,-1.495580005645751953e+01,6.966680812835693359e+01
-4.106549322605133057e-01,-4.180689752101898193e-01,-1.495581340789794922e+01,6.967155194282531738e+01
-4.107746779918670654e-01,-4.180789887905120850e-01,-1.495579814910888672e+01,6.967667102813720703e+01
-4.107648730278015137e-01,-4.180795848369598389e-01,-1.495579719543457031e+01,6.968155312538146973e+01
-4.107538163661956787e-01,-4.180791079998016357e-01,-1.495579624176025391e+01,6.968703413009643555e+01
-4.107413887977600098e-01,-4.180785417556762695e-01,-1.495579242706298828e+01,6.969157814979553223e+01
-4.107285141944885254e-01,-4.180795550346374512e-01,-1.495578765869140625e+01,6.969671511650085449e+01
-4.107151329517364502e-01,-4.180831313133239746e-01,-1.495578384399414062e+01,6.970140695571899414e+01
-4.107030332088470459e-01,-4.180858433246612549e-01,-1.495578765869140625e+01,6.970705509185791016e+01
-4.107591211795806885e-01,-4.181786775588989258e-01,-1.495571517944335938e+01,6.971156311035156250e+01
-4.107547998428344727e-01,-4.181905090808868408e-01,-1.495572376251220703e+01,6.971692895889282227e+01
-4.107494950294494629e-01,-4.181973636150360107e-01,-1.495573806762695312e+01,6.972167992591857910e+01
-4.107429981231689453e-01,-4.182082414627075195e-01,-1.495575141906738281e+01,6.972698593139648438e+01
-4.107354283332824707e-01,-4.182201325893402100e-01,-1.495576667785644531e+01,6.973168802261352539e+01
-4.107266664505004883e-01,-4.182331264019012451e-01,-1.495577716827392578e+01,6.973701405525207520e+01
-4.107223153114318848e-01,-4.181776642799377441e-01,-1.495577430725097656e+01,6.974158596992492676e+01
-4.107128977775573730e-01,-4.181780219078063965e-01,-1.495578098297119141e+01,6.974680304527282715e+01
-4.106999039649963379e-01,-4.181764721870422363e-01,-1.495578956604003906e+01,6.975183892250061035e+01
-4.106868803501129150e-01,-4.181785881519317627e-01,-1.495579910278320312e+01,6.975701808929443359e+01
-4.106724560260772705e-01,-4.181821048259735107e-01,-1.495580673217773438e+01,6.976184296607971191e+01
-4.106584489345550537e-01,-4.181920886039733887e-01,-1.495581150054931641e+01,6.976681613922119141e+01
-4.106429517269134521e-01,-4.181997478008270264e-01,-1.495581722259521484e+01,6.977177810668945312e+01
-4.107684493064880371e-01,-4.181511998176574707e-01,-1.495581054687500000e+01,6.977680110931396484e+01
-4.107577204704284668e-01,-4.181517064571380615e-01,-1.495581531524658203e+01,6.978177404403686523e+01
-4.107427299022674561e-01,-4.181496798992156982e-01,-1.495581626892089844e+01,6.978698205947875977e+01
-4.107289016246795654e-01,-4.181511998176574707e-01,-1.495582103729248047e+01,6.979188013076782227e+01
-4.107140302658081055e-01,-4.181545674800872803e-01,-1.495582294464111328e+01,6.979691910743713379e+01
-4.106997847557067871e-01,-4.181668758392333984e-01,-1.495582199096679688e+01,6.980177092552185059e+01
-4.106835722923278809e-01,-4.181762337684631348e-01,-1.495582199096679688e+01,6.980689001083374023e+01
-4.107894897460937500e-01,-4.182003736495971680e-01,-1.495591163635253906e+01,6.981177902221679688e+01
-4.107776582241058350e-01,-4.181985855102539062e-01,-1.495592021942138672e+01,6.981687998771667480e+01
-4.107664525508880615e-01,-4.181984364986419678e-01,-1.495594024658203125e+01,6.982177615165710449e+01
-4.107539951801300049e-01,-4.181986153125762939e-01,-1.495596027374267578e+01,6.982716107368469238e+01
-4.107419848442077637e-01,-4.182038009166717529e-01,-1.495598030090332031e+01,6.983189392089843750e+01
-4.107282161712646484e-01,-4.182064533233642578e-01,-1.495600032806396484e+01,6.983691906929016113e+01
-4.107350707054138184e-01,-4.181311726570129395e-01,-1.495579814910888672e+01,6.984194493293762207e+01
-4.107245206832885742e-01,-4.181341230869293213e-01,-1.495580768585205078e+01,6.984695601463317871e+01
-4.107136130332946777e-01,-4.181371033191680908e-01,-1.495581817626953125e+01,6.985195493698120117e+01
-4.107013642787933350e-01,-4.181405007839202881e-01,-1.495582866668701172e+01,6.985698008537292480e+01
-4.106890857219696045e-01,-4.181442260742187500e-01,-1.495583248138427734e+01,6.986245512962341309e+01
-4.106749594211578369e-01,-4.181477427482604980e-01,-1.495583915710449219e+01,6.986688303947448730e+01
-4.106599390506744385e-01,-4.181522727012634277e-01,-1.495584678649902344e+01,6.987195515632629395e+01
-4.107250571250915527e-01,-4.181793928146362305e-01,-1.495572471618652344e+01,6.987712001800537109e+01
-4.107180535793304443e-01,-4.181843698024749756e-01,-1.495570755004882812e+01,6.988194608688354492e+01
-4.107104539871215820e-01,-4.181854128837585449e-01,-1.495569324493408203e+01,6.988713097572326660e+01
-4.107017517089843750e-01,-4.181859195232391357e-01,-1.495568180084228516e+01,6.989220309257507324e+01
-4.106926023960113525e-01,-4.181854426860809326e-01,-1.495568656921386719e+01,6.989709901809692383e+01
-4.106822013854980469e-01,-4.181862771511077881e-01,-1.495568561553955078e+01,6.990207195281982422e+01
-4.106709957122802734e-01,-4.181881248950958252e-01,-1.495568466186523438e+01,6.990715408325195312e+01
-4.107126593589782715e-01,-4.182288944721221924e-01,-1.495580673217773438e+01,6.991206812858581543e+01
-4.107052683830261230e-01,-4.182364344596862793e-01,-1.495581150054931641e+01,6.991711807250976562e+01
-4.106970727443695068e-01,-4.182429015636444092e-01,-1.495581626892089844e+01,6.992206311225891113e+01
-4.106881022453308105e-01,-4.182383716106414795e-01,-1.495582485198974609e+01,6.992729496955871582e+01
-4.106779694557189941e-01,-4.182393252849578857e-01,-1.495583152770996094e+01,6.993207693099975586e+01
-4.106667041778564453e-01,-4.182407557964324951e-01,-1.495583820343017578e+01,6.993712806701660156e+01
-4.107152819633483887e-01,-4.182241857051849365e-01,-1.495577907562255859e+01,6.994207906723022461e+01
-4.107073545455932617e-01,-4.182255268096923828e-01,-1.495578098297119141e+01,6.994718813896179199e+01
-4.106980264186859131e-01,-4.182268381118774414e-01,-1.495578384399414062e+01,6.995219993591308594e+01
-4.106871187686920166e-01,-4.182289838790893555e-01,-1.495578956604003906e+01,6.995724105834960938e+01
-4.106745719909667969e-01,-4.182347357273101807e-01,-1.495579433441162109e+01,6.996233105659484863e+01
-4.106606841087341309e-01,-4.182392656803131104e-01,-1.495580101013183594e+01,6.996727395057678223e+01
-4.106457233428955078e-01,-4.182432591915130615e-01,-1.495581245422363281e+01,6.997220301628112793e+01
-4.107561707496643066e-01,-4.181744158267974854e-01,-1.495588111877441406e+01,6.997714996337890625e+01
-4.107692539691925049e-01,-4.181756079196929932e-01,-1.495589542388916016e+01,6.998208594322204590e+01
-4.107834696769714355e-01,-4.181761741638183594e-01,-1.495590972900390625e+01,6.998729109764099121e+01
-4.107376635074615479e-01,-4.181888997554779053e-01,-1.495592880249023438e+01,6.999247908592224121e+01
-4.107392430305480957e-01,-4.181842803955078125e-01,-1.495594215393066406e+01,6.999734115600585938e+01
-4.107394814491271973e-01,-4.181761145591735840e-01,-1.495594978332519531e+01,7.000219392776489258e+01
-4.107363820075988770e-01,-4.181655347347259521e-01,-1.495594310760498047e+01,7.000730800628662109e+01
-4.106883108615875244e-01,-4.181938171386718750e-01,-1.495594882965087891e+01,7.001221609115600586e+01
-4.106788933277130127e-01,-4.182059168815612793e-01,-1.495596313476562500e+01,7.001737499237060547e+01
-4.106682837009429932e-01,-4.182103276252746582e-01,-1.495598793029785156e+01,7.002233409881591797e+01
-4.106563627719879150e-01,-4.182201921939849854e-01,-1.495600891113281250e+01,7.002756810188293457e+01
-4.106434881687164307e-01,-4.182292222976684570e-01,-1.495603466033935547e+01,7.003228092193603516e+01
-4.106296002864837646e-01,-4.182367026805877686e-01,-1.495606422424316406e+01,7.003726601600646973e+01
-4.105760455131530762e-01,-4.181253314018249512e-01,-1.495585441589355469e+01,7.004225492477416992e+01
-4.105602502822875977e-01,-4.181282222270965576e-01,-1.495585823059082031e+01,7.004727697372436523e+01
-4.105429947376251221e-01,-4.181310832500457764e-01,-1.495586395263671875e+01,7.005225300788879395e+01
-4.105277657508850098e-01,-4.181371927261352539e-01,-1.495587253570556641e+01,7.005742096900939941e+01
-4.105097055435180664e-01,-4.181416034698486328e-01,-1.495588111877441406e+01,7.006244897842407227e+01
-4.104908406734466553e-01,-4.181462824344635010e-01,-1.495589065551757812e+01,7.006743001937866211e+01
-4.104711413383483887e-01,-4.181496202945709229e-01,-1.495590114593505859e+01,7.007232308387756348e+01
-4.106001555919647217e-01,-4.181606471538543701e-01,-1.495595741271972656e+01,7.007739996910095215e+01
-4.105899035930633545e-01,-4.181675910949707031e-01,-1.495596122741699219e+01,7.008232307434082031e+01
-4.105784595012664795e-01,-4.181839525699615479e-01,-1.495595169067382812e+01,7.008748793601989746e+01
-4.105663895606994629e-01,-4.181947112083435059e-01,-1.495595264434814453e+01,7.009257197380065918e+01
-4.105534255504608154e-01,-4.182059764862060547e-01,-1.495595550537109375e+01,7.009750294685363770e+01
-4.105383753776550293e-01,-4.182110428810119629e-01,-1.495597457885742188e+01,7.010244107246398926e+01
-4.105223417282104492e-01,-4.182194471359252930e-01,-1.495598697662353516e+01,7.010744214057922363e+01
-4.105890691280364990e-01,-4.181633293628692627e-01,-1.495599651336669922e+01,7.011244606971740723e+01
-4.105730056762695312e-01,-4.181666076183319092e-01,-1.495599842071533203e+01,7.011759495735168457e+01
-4.105564653873443604e-01,-4.181717932224273682e-01,-1.495601177215576172e+01,7.012245297431945801e+01
-4.105402231216430664e-01,-4.181806743144989014e-01,-1.495602416992187500e+01,7.012771201133728027e+01
-4.105241000652313232e-01,-4.181945621967315674e-01,-1.495603752136230469e+01,7.013250803947448730e+01
-4.105088412761688232e-01,-4.181986749172210693e-01,-1.495604610443115234e+01,7.013745808601379395e+01
-4.106529355049133301e-01,-4.182296991348266602e-01,-1.495594501495361328e+01,7.014244794845581055e+01
-4.106465578079223633e-01,-4.182472825050354004e-01,-1.495594882965087891e+01,7.014752101898193359e+01
-4.106355905532836914e-01,-4.182615578174591064e-01,-1.495594882965087891e+01,7.015242910385131836e+01
-4.106249213218688965e-01,-4.182790219783782959e-01,-1.495595264434814453e+01,7.015741515159606934e+01
-4.106128215789794922e-01,-4.182983934879302979e-01,-1.495595932006835938e+01,7.016256403923034668e+01
-4.106011986732482910e-01,-4.183166325092315674e-01,-1.495597076416015625e+01,7.016756200790405273e+01
-4.105879664421081543e-01,-4.183362722396850586e-01,-1.495598125457763672e+01,7.017255401611328125e+01
-4.106411039829254150e-01,-4.182443618774414062e-01,-1.495592403411865234e+01,7.017778015136718750e+01
-4.106301069259643555e-01,-4.182499051094055176e-01,-1.495592784881591797e+01,7.018258213996887207e+01
-4.106178879737854004e-01,-4.182517528533935547e-01,-1.495593070983886719e+01,7.018755102157592773e+01
-4.106048047542572021e-01,-4.182527065277099609e-01,-1.495593452453613281e+01,7.019270515441894531e+01
-4.105910062789916992e-01,-4.182524085044860840e-01,-1.495594120025634766e+01,7.019761610031127930e+01
-4.105764031410217285e-01,-4.182536900043487549e-01,-1.495594787597656250e+01,7.020255708694458008e+01
-4.105610251426696777e-01,-4.182552397251129150e-01,-1.495595645904541016e+01,7.020758414268493652e+01
-4.106265902519226074e-01,-4.182259738445281982e-01,-1.495593261718750000e+01,7.021256995201110840e+01
-4.106176793575286865e-01,-4.182284176349639893e-01,-1.495593929290771484e+01,7.021767210960388184e+01
-4.106079638004302979e-01,-4.182344377040863037e-01,-1.495594692230224609e+01,7.022270512580871582e+01
-4.105975925922393799e-01,-4.182414412498474121e-01,-1.495595741271972656e+01,7.022778010368347168e+01
-4.105846881866455078e-01,-4.182517826557159424e-01,-1.495597171783447266e+01,7.023266506195068359e+01
-4.105709493160247803e-01,-4.182617366313934326e-01,-1.495598411560058594e+01,7.023763895034790039e+01
-4.105498194694519043e-01,-4.181993305683135986e-01,-1.495590400695800781e+01,7.024269795417785645e+01
-4.105371534824371338e-01,-4.182028770446777344e-01,-1.495590019226074219e+01,7.024764800071716309e+01
-4.105221033096313477e-01,-4.182083606719970703e-01,-1.495589542388916016e+01,7.025269794464111328e+01
-4.105061888694763184e-01,-4.182153642177581787e-01,-1.495588970184326172e+01,7.025771212577819824e+01
-4.104895889759063721e-01,-4.182264804840087891e-01,-1.495588970184326172e+01,7.026281809806823730e+01
-4.104717373847961426e-01,-4.182375669479370117e-01,-1.495588874816894531e+01,7.026770806312561035e+01
-4.104530513286590576e-01,-4.182523190975189209e-01,-1.495588874816894531e+01,7.027282500267028809e+01
-4.105219244956970215e-01,-4.182763993740081787e-01,-1.495600223541259766e+01,7.027771592140197754e+01
-4.105116128921508789e-01,-4.182798266410827637e-01,-1.495600891113281250e+01,7.028269314765930176e+01
-4.104996323585510254e-01,-4.182860255241394043e-01,-1.495601558685302734e+01,7.028789997100830078e+01
-4.104864597320556641e-01,-4.182843267917633057e-01,-1.495602607727050781e+01,7.029308295249938965e+01
-4.104722142219543457e-01,-4.182879030704498291e-01,-1.495603561401367188e+01,7.029785513877868652e+01
-4.104569554328918457e-01,-4.182920455932617188e-01,-1.495604610443115234e+01,7.030282711982727051e+01
-4.104407131671905518e-01,-4.182965755462646484e-01,-1.495605659484863281e+01,7.030785107612609863e+01
-4.105449318885803223e-01,-4.182243645191192627e-01,-1.495604610443115234e+01,7.031284809112548828e+01
-4.105346500873565674e-01,-4.182295203208923340e-01,-1.495606040954589844e+01,7.031784796714782715e+01
-4.105237424373626709e-01,-4.182349443435668945e-01,-1.495607376098632812e+01,7.032282900810241699e+01
-4.105122089385986328e-01,-4.182385206222534180e-01,-1.495609951019287109e+01,7.032806396484375000e+01
-4.104996323585510254e-01,-4.182443022727966309e-01,-1.495612621307373047e+01,7.033270597457885742e+01
-4.104862511157989502e-01,-4.182495474815368652e-01,-1.495615959167480469e+01,7.033777403831481934e+01
-4.105333983898162842e-01,-4.181737601757049561e-01,-1.495602226257324219e+01,7.034282994270324707e+01
-4.105242788791656494e-01,-4.181827902793884277e-01,-1.495602893829345703e+01,7.034781098365783691e+01
-4.105143845081329346e-01,-4.181934297084808350e-01,-1.495603656768798828e+01,7.035295510292053223e+01
-4.105030000209808350e-01,-4.181859195232391357e-01,-1.495604324340820312e+01,7.035799503326416016e+01
-4.104907214641571045e-01,-4.181890189647674561e-01,-1.495605182647705078e+01,7.036312913894653320e+01
-4.104773104190826416e-01,-4.181891381740570068e-01,-1.495605850219726562e+01,7.036801505088806152e+01
-4.104629158973693848e-01,-4.181887209415435791e-01,-1.495606517791748047e+01,7.037297105789184570e+01
-4.105417430400848389e-01,-4.180844724178314209e-01,-1.495609569549560547e+01,7.037822604179382324e+01
-4.105328023433685303e-01,-4.180911183357238770e-01,-1.495610618591308594e+01,7.038305592536926270e+01
-4.105224907398223877e-01,-4.181019067764282227e-01,-1.495611953735351562e+01,7.038787412643432617e+01
-4.105082154273986816e-01,-4.181164503097534180e-01,-1.495614433288574219e+01,7.039306807518005371e+01
-4.104942679405212402e-01,-4.181284308433532715e-01,-1.495616245269775391e+01,7.039792799949645996e+01
-4.104790389537811279e-01,-4.181399047374725342e-01,-1.495618057250976562e+01,7.040300107002258301e+01
-4.105876684188842773e-01,-4.180079996585845947e-01,-1.495602321624755859e+01,7.040794897079467773e+01
-4.105887711048126221e-01,-4.180106222629547119e-01,-1.495602416992187500e+01,7.041295909881591797e+01
-4.105886220932006836e-01,-4.180133044719696045e-01,-1.495602607727050781e+01,7.041809511184692383e+01
-4.105874598026275635e-01,-4.180122017860412598e-01,-1.495603370666503906e+01,7.042315101623535156e+01
-4.105853736400604248e-01,-4.180144071578979492e-01,-1.495603847503662109e+01,7.042831707000732422e+01
-4.105827212333679199e-01,-4.180166423320770264e-01,-1.495604324340820312e+01,7.043309593200683594e+01
-4.105776250362396240e-01,-4.180205762386322021e-01,-1.495604515075683594e+01,7.043807911872863770e+01
-4.104503393173217773e-01,-4.179675281047821045e-01,-1.495612049102783203e+01,7.044312810897827148e+01
-4.104389250278472900e-01,-4.179708659648895264e-01,-1.495613861083984375e+01,7.044811701774597168e+01
-4.104260802268981934e-01,-4.179779589176177979e-01,-1.495615196228027344e+01,7.045310592651367188e+01
-4.104120135307312012e-01,-4.179830253124237061e-01,-1.495617008209228516e+01,7.045808100700378418e+01
-4.103965461254119873e-01,-4.179895222187042236e-01,-1.495619010925292969e+01,7.046328997611999512e+01
-4.103812575340270996e-01,-4.179959595203399658e-01,-1.495621013641357422e+01,7.046847701072692871e+01
-4.103643000125885010e-01,-4.180034399032592773e-01,-1.495623207092285156e+01,7.047305798530578613e+01
-4.104098677635192871e-01,-4.180036485195159912e-01,-1.495612144470214844e+01,7.047808909416198730e+01
-4.103984534740447998e-01,-4.180144369602203369e-01,-1.495613193511962891e+01,7.048324012756347656e+01
-4.103825092315673828e-01,-4.180165827274322510e-01,-1.495614242553710938e+01,7.048827910423278809e+01
-4.103672802448272705e-01,-4.180244803428649902e-01,-1.495615386962890625e+01,7.049335408210754395e+01
-4.103508293628692627e-01,-4.180327653884887695e-01,-1.495616912841796875e+01,7.049815511703491211e+01
-4.103334248065948486e-01,-4.180436134338378906e-01,-1.495619106292724609e+01,7.050323796272277832e+01
-4.104343056678771973e-01,-4.179287254810333252e-01,-1.495610904693603516e+01,7.050817894935607910e+01
-4.104227423667907715e-01,-4.179296493530273438e-01,-1.495610713958740234e+01,7.051318407058715820e+01
-4.104103744029998779e-01,-4.179310798645019531e-01,-1.495611286163330078e+01,7.051820302009582520e+01
-4.103962182998657227e-01,-4.179329574108123779e-01,-1.495611381530761719e+01,7.052322912216186523e+01
-4.103805124759674072e-01,-4.179349243640899658e-01,-1.495611381530761719e+01,7.052846813201904297e+01
-4.103650450706481934e-01,-4.179388284683227539e-01,-1.495611095428466797e+01,7.053318595886230469e+01
-4.103479683399200439e-01,-4.179428219795227051e-01,-1.495611000061035156e+01,7.053817296028137207e+01
-4.103679060935974121e-01,-4.179338216781616211e-01,-1.495617389678955078e+01,7.054323101043701172e+01
-4.103597402572631836e-01,-4.179363250732421875e-01,-1.495617580413818359e+01,7.054816508293151855e+01
-4.103508889675140381e-01,-4.179384112358093262e-01,-1.495618057250976562e+01,7.055329298973083496e+01
-4.103417396545410156e-01,-4.179424047470092773e-01,-1.495618438720703125e+01,7.055828499794006348e+01
-4.103322923183441162e-01,-4.179493784904479980e-01,-1.495619106292724609e+01,7.056343007087707520e+01
-4.103195965290069580e-01,-4.179556369781494141e-01,-1.495619869232177734e+01,7.056831312179565430e+01
-4.103069007396697998e-01,-4.179655909538269043e-01,-1.495620632171630859e+01,7.057330799102783203e+01
-4.103032648563385010e-01,-4.179717600345611572e-01,-1.495620632171630859e+01,7.057832193374633789e+01
-4.102903604507446289e-01,-4.179924726486206055e-01,-1.495622444152832031e+01,7.058337903022766113e+01
-4.102747738361358643e-01,-4.180095493793487549e-01,-1.495624065399169922e+01,7.058852910995483398e+01
-4.102588593959808350e-01,-4.180266261100769043e-01,-1.495625782012939453e+01,7.059359598159790039e+01
-4.102420210838317871e-01,-4.180378913879394531e-01,-1.495626831054687500e+01,7.059829998016357422e+01
-4.102248847484588623e-01,-4.180516302585601807e-01,-1.495628261566162109e+01,7.060335206985473633e+01
-4.103707671165466309e-01,-4.178579449653625488e-01,-1.495618343353271484e+01,7.060835504531860352e+01
-4.103628695011138916e-01,-4.178512990474700928e-01,-1.495619201660156250e+01,7.061330795288085938e+01
-4.103547632694244385e-01,-4.178496003150939941e-01,-1.495619583129882812e+01,7.061846208572387695e+01
-4.103463888168334961e-01,-4.178441464900970459e-01,-1.495619869232177734e+01,7.062336301803588867e+01
-4.103371798992156982e-01,-4.178380370140075684e-01,-1.495619773864746094e+01,7.062846207618713379e+01
-4.103272259235382080e-01,-4.178315401077270508e-01,-1.495619964599609375e+01,7.063344693183898926e+01
-4.103164076805114746e-01,-4.178260564804077148e-01,-1.495620441436767578e+01,7.063844799995422363e+01
-4.103353023529052734e-01,-4.178597033023834229e-01,-1.495621013641357422e+01,7.064345407485961914e+01
-4.103228449821472168e-01,-4.178556203842163086e-01,-1.495620250701904297e+01,7.064849495887756348e+01
-4.103110134601593018e-01,-4.178513884544372559e-01,-1.495620155334472656e+01,7.065342998504638672e+01
-4.102977812290191650e-01,-4.178475141525268555e-01,-1.495620250701904297e+01,7.065849304199218750e+01
-4.102855920791625977e-01,-4.178471863269805908e-01,-1.495621871948242188e+01,7.066357994079589844e+01
-4.102715253829956055e-01,-4.178454279899597168e-01,-1.495623016357421875e+01,7.066849708557128906e+01
-4.102566242218017578e-01,-4.178440570831298828e-01,-1.495624542236328125e+01,7.067356705665588379e+01
-4.103581905364990234e-01,-4.178465306758880615e-01,-1.495632457733154297e+01,7.067837405204772949e+01
-4.103434085845947266e-01,-4.178514778614044189e-01,-1.495633316040039062e+01,7.068356013298034668e+01
-4.103272855281829834e-01,-4.178564250469207764e-01,-1.495634269714355469e+01,7.068883299827575684e+01
-4.103113710880279541e-01,-4.178621470928192139e-01,-1.495635223388671875e+01,7.069371914863586426e+01
-4.102937579154968262e-01,-4.178676307201385498e-01,-1.495636177062988281e+01,7.069854593276977539e+01
-4.102752804756164551e-01,-4.178728163242340088e-01,-1.495637321472167969e+01,7.070355510711669922e+01
-4.103563725948333740e-01,-4.177663028240203857e-01,-1.495628070831298828e+01,7.070868110656738281e+01
-4.103493094444274902e-01,-4.177720844745635986e-01,-1.495628738403320312e+01,7.071355509757995605e+01
-4.103408455848693848e-01,-4.177797436714172363e-01,-1.495629501342773438e+01,7.071857404708862305e+01
-4.103305935859680176e-01,-4.177885651588439941e-01,-1.495629787445068359e+01,7.072366213798522949e+01
-4.103189408779144287e-01,-4.177970290184020996e-01,-1.495630359649658203e+01,7.072871994972229004e+01
-4.103062748908996582e-01,-4.178068041801452637e-01,-1.495631027221679688e+01,7.073351311683654785e+01
-4.102928340435028076e-01,-4.178181290626525879e-01,-1.495631885528564453e+01,7.073856902122497559e+01
-4.103272259235382080e-01,-4.177828133106231689e-01,-1.495633220672607422e+01,7.074357914924621582e+01
-4.103156328201293945e-01,-4.177849590778350830e-01,-1.495634460449218750e+01,7.074859404563903809e+01
-4.103032350540161133e-01,-4.177880585193634033e-01,-1.495635890960693359e+01,7.075369501113891602e+01
-4.102869331836700439e-01,-4.177956879138946533e-01,-1.495637226104736328e+01,7.075869011878967285e+01
-4.102709591388702393e-01,-4.177998602390289307e-01,-1.495638656616210938e+01,7.076367211341857910e+01
-4.102537930011749268e-01,-4.178048670291900635e-01,-1.495640277862548828e+01,7.076868414878845215e+01
-4.102370142936706543e-01,-4.178091585636138916e-01,-1.495642089843750000e+01,7.077369213104248047e+01
-4.102749824523925781e-01,-4.178014397621154785e-01,-1.495628547668457031e+01,7.077863311767578125e+01
-4.102617502212524414e-01,-4.178049266338348389e-01,-1.495629405975341797e+01,7.078369808197021484e+01
-4.102479815483093262e-01,-4.178206920623779297e-01,-1.495630931854248047e+01,7.078868913650512695e+01
-4.102326333522796631e-01,-4.178319275379180908e-01,-1.495632266998291016e+01,7.079394698143005371e+01
-4.102161824703216553e-01,-4.178483486175537109e-01,-1.495633792877197266e+01,7.079869914054870605e+01
-4.101985991001129150e-01,-4.178656041622161865e-01,-1.495634746551513672e+01,7.080370306968688965e+01
-4.103499650955200195e-01,-4.177937507629394531e-01,-1.495631599426269531e+01,7.080868911743164062e+01
-4.103492498397827148e-01,-4.177949130535125732e-01,-1.495632648468017578e+01,7.081366515159606934e+01
-4.103471636772155762e-01,-4.177963137626647949e-01,-1.495633697509765625e+01,7.081882405281066895e+01
-4.103416502475738525e-01,-4.178036153316497803e-01,-1.495635509490966797e+01,7.082362914085388184e+01
-4.103365242481231689e-01,-4.178071022033691406e-01,-1.495637130737304688e+01,7.082897806167602539e+01
-4.103298783302307129e-01,-4.178109169006347656e-01,-1.495639228820800781e+01,7.083387494087219238e+01
-4.103233814239501953e-01,-4.178127050399780273e-01,-1.495641708374023438e+01,7.083880114555358887e+01
-4.102702140808105469e-01,-4.177855849266052246e-01,-1.495631122589111328e+01,7.084389305114746094e+01
-4.102635383605957031e-01,-4.177866876125335693e-01,-1.495631408691406250e+01,7.084880113601684570e+01
-4.102532565593719482e-01,-4.177867770195007324e-01,-1.495631790161132812e+01,7.085387706756591797e+01
-4.102432727813720703e-01,-4.177877306938171387e-01,-1.495632362365722656e+01,7.085894703865051270e+01
-4.102316796779632568e-01,-4.177895784378051758e-01,-1.495633029937744141e+01,7.086399412155151367e+01
-4.102203845977783203e-01,-4.177983999252319336e-01,-1.495633888244628906e+01,7.086887192726135254e+01
-4.102074205875396729e-01,-4.178046882152557373e-01,-1.495634746551513672e+01,7.087385511398315430e+01
-4.101650714874267578e-01,-4.177803695201873779e-01,-1.495620822906494141e+01,7.087889194488525391e+01
-4.101498126983642578e-01,-4.177794754505157471e-01,-1.495621013641357422e+01,7.088396596908569336e+01
-4.101352393627166748e-01,-4.177822172641754150e-01,-1.495621109008789062e+01,7.088900303840637207e+01
-4.101198613643646240e-01,-4.177835583686828613e-01,-1.495621204376220703e+01,7.089421701431274414e+01
-4.101029336452484131e-01,-4.177839756011962891e-01,-1.495621109008789062e+01,7.089923501014709473e+01
-4.100846052169799805e-01,-4.177847206592559814e-01,-1.495621109008789062e+01,7.090390300750732422e+01
-4.101700782775878906e-01,-4.177307188510894775e-01,-1.495619773864746094e+01,7.090892910957336426e+01
-4.101602733135223389e-01,-4.177293181419372559e-01,-1.495619106292724609e+01,7.091397905349731445e+01
-4.101486504077911377e-01,-4.177243113517761230e-01,-1.495618057250976562e+01,7.091903305053710938e+01
-4.101358950138092041e-01,-4.177229106426239014e-01,-1.495617485046386719e+01,7.092398500442504883e+01
-4.101216197013854980e-01,-4.177220165729522705e-01,-1.495616817474365234e+01,7.092922210693359375e+01
-4.101061224937438965e-01,-4.177269935607910156e-01,-1.495616912841796875e+01,7.093396997451782227e+01
-4.100886881351470947e-01,-4.177305698394775391e-01,-1.495616626739501953e+01,7.093899106979370117e+01
-4.101449251174926758e-01,-4.178095757961273193e-01,-1.495622825622558594e+01,7.094401192665100098e+01
-4.101322591304779053e-01,-4.178219437599182129e-01,-1.495623779296875000e+01,7.094892907142639160e+01
-4.101173579692840576e-01,-4.178297221660614014e-01,-1.495625019073486328e+01,7.095410203933715820e+01
-4.101016521453857422e-01,-4.178379774093627930e-01,-1.495626068115234375e+01,7.095918607711791992e+01
-4.100850522518157959e-01,-4.178443551063537598e-01,-1.495626831054687500e+01,7.096412205696105957e+01
-4.100678265094757080e-01,-4.178524017333984375e-01,-1.495627689361572266e+01,7.096906495094299316e+01
-4.100496768951416016e-01,-4.178589880466461182e-01,-1.495628643035888672e+01,7.097411394119262695e+01
-4.102082252502441406e-01,-4.178147614002227783e-01,-1.495630550384521484e+01,7.097904515266418457e+01
-4.101966321468353271e-01,-4.178185462951660156e-01,-1.495632171630859375e+01,7.098409509658813477e+01
-4.101832807064056396e-01,-4.178194105625152588e-01,-1.495634269714355469e+01,7.098908400535583496e+01
-4.101685881614685059e-01,-4.178166985511779785e-01,-1.495636653900146484e+01,7.099435997009277344e+01
-4.101527333259582520e-01,-4.178256392478942871e-01,-1.495637798309326172e+01,7.099915599822998047e+01
-4.101369380950927734e-01,-4.178288280963897705e-01,-1.495640277862548828e+01,7.100409793853759766e+01
-4.102199673652648926e-01,-4.177131056785583496e-01,-1.495617580413818359e+01,7.100903797149658203e+01
-4.102068543434143066e-01,-4.177294969558715820e-01,-1.495618820190429688e+01,7.101410508155822754e+01
-4.101935625076293945e-01,-4.177353382110595703e-01,-1.495620250701904297e+01,7.101931500434875488e+01
-4.101783931255340576e-01,-4.177422225475311279e-01,-1.495621585845947266e+01,7.102410101890563965e+01
-4.101613759994506836e-01,-4.177447557449340820e-01,-1.495622539520263672e+01,7.102937912940979004e+01
-4.101429879665374756e-01,-4.177500903606414795e-01,-1.495623779296875000e+01,7.103414201736450195e+01
-4.101230204105377197e-01,-4.177546799182891846e-01,-1.495625114440917969e+01,7.103922295570373535e+01
